br17 39.000000 39.000000 0.000000 0.000000 0.000000 4.721000 0.010144 17.900000 0.963846 2166344.000000 0.000000 2166344.000000 0.000000 0.000000 0.000000
ft53 10977.100000 6905.000000 142.680163 58.973208 2.066331 13.768000 0.008809 83.000000 3.376389 2166344.000000 0.000000 2166344.000000 0.000000 8.119431 0.000182
ft70 48422.300000 38673.000000 135.778942 25.209578 0.351095 18.245000 0.168969 90.600000 3.200625 2166344.000000 0.000000 2166344.000000 0.000000 4.599487 0.000593
ftv170 9044.800000 2755.000000 54.832253 228.304900 1.990281 40.979000 0.022603 285.700000 5.988405 2166344.000000 0.000000 2166344.000000 0.000000 93.557065 0.000450
ftv33 1583.800000 1286.000000 11.716484 23.157076 0.911080 8.887000 0.171190 61.700000 2.168179 2166344.000000 0.000000 2166344.000000 0.000000 2.057969 0.001560
ftv35 1809.400000 1473.000000 16.275872 22.837746 1.104947 9.297000 0.094107 60.600000 2.462519 2166344.000000 0.000000 2166344.000000 0.000000 2.123225 0.001040
ftv38 1697.272727 1530.000000 163.285335 10.932858 10.672244 9.602727 0.542067 62.636364 6.064764 1969403.636364 187775.269040 1969403.636364 187775.269040 1.049853 0.057851
ftv44 2143.500000 1613.000000 20.003625 32.889027 1.240150 11.430000 0.014491 75.600000 2.363049 2166344.000000 0.000000 2166344.000000 0.000000 3.759216 0.000180
ftv47 2415.700000 1776.000000 21.515134 36.019144 1.211438 10.418000 0.024240 87.300000 2.396038 2166344.000000 0.000000 2166344.000000 0.000000 3.752474 0.000294
ftv55 2456.900000 1608.000000 33.483563 52.792289 2.082311 12.914000 0.264999 98.600000 2.396664 2166344.000000 0.000000 2166344.000000 0.000000 6.817596 0.005518
ftv64 2774.000000 1839.000000 266.832538 50.842849 14.509654 14.910000 1.040348 99.181818 9.789367 1969403.636364 187775.269040 1969403.636364 187775.269040 7.580669 0.150951
ftv70 3310.500000 1960.000000 32.989771 68.903061 1.683152 17.359000 0.010812 122.600000 2.757535 2166344.000000 0.000000 2166344.000000 0.000000 11.960882 0.000182
kro124p 92224.500000 36230.000000 770.537828 154.552857 2.126795 26.168000 0.272844 120.100000 5.095979 2166344.000000 0.000000 2166344.000000 0.000000 40.443392 0.005803
rbg323 2030.900000 1326.000000 12.620182 53.159879 0.951748 73.578000 0.710039 556.400000 5.762291 2166344.000000 0.000000 2166344.000000 0.000000 39.113976 0.006758
rbg358 2008.500000 1163.000000 23.448347 72.699914 2.016195 81.731000 0.816961 616.000000 5.401852 2166344.000000 0.000000 2166344.000000 0.000000 59.418367 0.016472
rbg403 2823.545455 2465.000000 269.764371 14.545455 10.943788 81.736364 7.793278 622.363636 60.136521 1969403.636364 187775.269040 1969403.636364 187775.269040 11.888926 0.852880
rbg443 3447.800000 2720.000000 9.214988 26.757353 0.338786 103.497000 1.259729 766.100000 9.296720 2166344.000000 0.000000 2166344.000000 0.000000 27.693058 0.004268
ry48p 22377.500000 14422.000000 173.842759 55.162252 1.205400 12.971000 0.010995 79.700000 3.062842 2166344.000000 0.000000 2166344.000000 0.000000 7.155096 0.000133
