br17 39.800000 39.000000 0.368782 2.051282 0.945594 0.042000 0.001265 5.800000 0.562139 102.000000 0.469042 13872.000000 63.789654 0.000862 0.000012
ft53 8261.200000 6905.000000 78.830426 19.640840 1.141643 1.108000 0.010178 28.900000 2.609406 114.800000 0.914330 158194.400000 1259.947231 0.217621 0.000116
ft70 41044.900000 38673.000000 94.310917 6.133220 0.243868 2.368000 0.025369 25.700000 2.039853 116.300000 1.393198 280864.500000 3364.572592 0.145235 0.000062
ftv170 3693.500000 2755.000000 52.612784 34.065336 1.909720 24.922000 0.357904 16.900000 2.787293 110.800000 1.433876 1610478.000000 20841.385717 8.489763 0.006835
ftv33 1589.700000 1286.000000 24.213240 23.615863 1.882834 0.341000 0.003592 9.300000 1.086738 106.100000 0.910494 59522.100000 510.787342 0.080530 0.000068
ftv35 1649.400000 1473.000000 17.109763 11.975560 1.161559 0.398000 0.001897 11.600000 1.226377 106.500000 0.570088 67095.000000 359.155259 0.047663 0.000022
ftv38 1781.300000 1530.000000 24.361876 16.424837 1.592279 0.468000 0.004195 10.900000 1.024207 105.700000 0.860814 78323.700000 637.862854 0.076868 0.000067
ftv44 1899.300000 1613.000000 33.145150 17.749535 2.054876 0.676000 0.007899 10.800000 2.235173 105.900000 1.212023 104841.000000 1199.902871 0.119987 0.000162
ftv47 2078.700000 1776.000000 13.082087 17.043919 0.736604 0.851000 0.006550 22.500000 1.845264 113.600000 0.839047 128140.800000 946.445105 0.145044 0.000048
ftv55 1922.300000 1608.000000 26.298688 19.546020 1.635491 1.241000 0.013073 19.700000 2.709428 110.600000 1.031504 170324.000000 1588.515785 0.242566 0.000214
ftv64 2312.600000 1839.000000 40.142546 25.753127 2.182846 1.776000 0.025028 16.200000 1.927693 108.500000 1.266886 225680.000000 2635.122768 0.457376 0.000546
ftv70 2318.200000 1960.000000 25.742883 18.275510 1.313412 2.209000 0.021654 9.100000 1.899737 105.400000 1.320606 261919.000000 3281.705715 0.403706 0.000284
kro124p 41424.000000 36230.000000 418.804680 14.336185 1.155961 6.592000 0.062925 64.000000 3.805260 126.200000 1.102724 624690.000000 5458.483306 0.945041 0.000727
rbg323 1499.000000 1326.000000 2.874022 13.046757 0.216744 195.051000 0.883886 162.800000 5.905591 145.200000 0.613188 7550835.600000 31887.635776 25.447830 0.001916
rbg358 1372.300000 1163.000000 4.042400 17.996561 0.347584 318.364000 3.329235 206.600000 8.025210 174.000000 1.754993 11119122.000000 112149.309850 57.294570 0.011572
rbg403 2588.600000 2465.000000 2.159630 5.014199 0.087612 578.547000 6.038867 427.200000 19.429256 224.100000 2.406034 18062684.100000 193928.752981 29.009497 0.005291
