br17 42.400000 39.000000 0.635610 8.717949 1.629769 0.036000 0.001549 3.800000 0.809938 102.600000 0.513809 13953.600000 69.878065 0.003138 0.000025
ft53 8193.700000 6905.000000 52.486389 18.663287 0.760121 0.807000 0.009061 28.400000 3.677499 116.000000 1.349074 159848.000000 1859.023636 0.150613 0.000069
ft70 40953.400000 38673.000000 107.927679 5.896620 0.279078 1.858000 0.015218 32.700000 2.668520 120.800000 1.056409 291732.000000 2551.227763 0.109559 0.000042
ftv170 3754.600000 2755.000000 39.885637 36.283122 1.447755 20.210000 0.153173 14.100000 1.966977 107.500000 0.681909 1562512.500000 9911.548548 7.332819 0.002218
ftv33 1496.700000 1286.000000 10.485275 16.384137 0.815340 0.229000 0.001703 8.700000 0.510882 105.800000 0.309839 59353.800000 173.819493 0.037520 0.000014
ftv35 1609.300000 1473.000000 16.672762 9.253225 1.131892 0.276000 0.003225 16.300000 1.833303 108.500000 0.636396 68355.000000 400.929545 0.025539 0.000037
ftv38 1792.500000 1530.000000 32.936378 17.156863 2.152704 0.332000 0.004858 11.700000 1.637376 106.300000 1.304224 78768.300000 966.429915 0.056961 0.000105
ftv44 1877.900000 1613.000000 28.116348 16.422815 1.743109 0.496000 0.008025 12.300000 3.095319 108.600000 1.861182 107514.000000 1842.570596 0.081457 0.000140
ftv47 2191.100000 1776.000000 36.834888 23.372748 2.074037 0.610000 0.005477 18.100000 1.135341 111.400000 0.695701 125659.200000 784.750824 0.142574 0.000114
ftv55 1954.800000 1608.000000 19.733119 21.567164 1.227184 0.908000 0.012394 16.200000 2.314303 110.500000 1.437011 170170.000000 2212.996611 0.195830 0.000152
ftv64 2278.300000 1839.000000 33.701944 23.887983 1.832623 1.416000 0.014846 16.200000 2.185406 108.800000 1.138420 226304.000000 2367.913512 0.338254 0.000272
ftv70 2330.100000 1960.000000 36.165854 18.882653 1.845197 1.752000 0.021485 9.100000 2.515750 106.300000 1.421619 264155.500000 3532.722707 0.330824 0.000396
kro124p 41318.800000 36230.000000 476.467686 14.045818 1.315119 5.283000 0.079637 53.600000 3.426952 127.900000 1.723079 633105.000000 8529.239269 0.742041 0.001047
rbg323 1491.500000 1326.000000 2.878368 12.481146 0.217071 174.953000 1.653752 152.300000 8.249909 146.700000 1.334541 7628840.100000 69400.141844 21.836140 0.003590
rbg358 1390.100000 1163.000000 5.242995 19.527085 0.450816 278.002000 2.062045 202.800000 4.044255 168.900000 0.853815 10793216.700000 54561.337916 54.285687 0.009296
rbg403 2590.000000 2465.000000 7.998750 5.070994 0.324493 513.799000 6.165620 482.000000 12.558662 220.800000 1.586190 17796700.800000 127848.532810 26.054716 0.020007
