br17 39.000000 39.000000 0.000000 0.000000 0.000000 0.042000 0.001265 6.100000 0.330151 102.700000 0.375500 13967.200000 51.067955 0.000000 0.000000
ft53 8211.500000 6905.000000 62.189428 18.921072 0.900643 0.966000 0.009818 27.900000 2.174626 116.300000 1.095901 160261.400000 1510.152206 0.182778 0.000088
ft70 41121.500000 38673.000000 122.661832 6.331291 0.317177 2.085000 0.019352 29.700000 2.642158 117.900000 0.994485 284728.500000 2401.680771 0.132007 0.000061
ftv170 3710.800000 2755.000000 50.654674 34.693285 1.838645 22.627000 0.255601 18.400000 2.259203 110.000000 1.200000 1598850.000000 17442.000000 7.850050 0.004700
ftv33 1522.400000 1286.000000 15.695350 18.382582 1.220478 0.286000 0.004050 11.000000 1.777639 108.400000 1.457395 60812.400000 817.598559 0.052574 0.000049
ftv35 1653.600000 1473.000000 15.840581 12.260692 1.075396 0.329000 0.003302 17.700000 2.163562 108.400000 0.802496 68292.000000 505.572547 0.040338 0.000036
ftv38 1738.700000 1530.000000 19.636726 13.640523 1.283446 0.395000 0.003240 10.100000 1.307287 105.400000 0.635610 78101.400000 470.986968 0.053880 0.000042
ftv44 1892.600000 1613.000000 28.191204 17.334160 1.747750 0.576000 0.007239 8.500000 1.524795 105.300000 1.122943 104247.000000 1111.713137 0.099845 0.000127
ftv47 2109.600000 1776.000000 14.333318 18.783784 0.807056 0.729000 0.008420 19.200000 2.235173 113.100000 1.260555 127576.800000 1421.906529 0.136934 0.000068
ftv55 1941.100000 1608.000000 34.592326 20.715174 2.151264 1.091000 0.010144 17.800000 1.912067 110.400000 1.078888 170016.000000 1661.488008 0.226003 0.000218
ftv64 2355.900000 1839.000000 46.236014 28.107667 2.514193 1.593000 0.019342 17.600000 2.320345 110.500000 1.320984 229840.000000 2747.647721 0.447755 0.000486
ftv70 2352.000000 1960.000000 19.320455 20.000000 0.985738 1.981000 0.021328 9.400000 2.223511 105.400000 1.078888 261919.000000 2681.037467 0.396200 0.000210
kro124p 42023.500000 36230.000000 566.332592 15.990892 1.563159 5.929000 0.070759 57.500000 2.916333 128.600000 1.638292 636570.000000 8109.544377 0.948100 0.001106
rbg323 1497.100000 1326.000000 3.166860 12.903469 0.238828 189.740000 1.523119 159.300000 6.779454 147.600000 1.328157 7675642.800000 69068.128568 24.483042 0.003638
rbg358 1384.400000 1163.000000 5.667804 19.036973 0.487343 294.349000 2.303843 193.900000 9.122993 166.100000 1.403211 10614288.300000 89669.367246 56.035141 0.011228
rbg403 2589.300000 2465.000000 5.609011 5.042596 0.227546 539.041000 6.277619 462.900000 15.884237 220.200000 2.460894 17748340.200000 198350.529097 27.181662 0.014284
