a280.tsp	153.86	25916211	25916211	3488
a280.tsp	153.51	25916211	25916211	3320
a280.tsp	153.54	25916211	25916211	3456
a280.tsp	153.68	25916211	25916211	3227
a280.tsp	153.50	25916211	25916211	3423
a280.tsp	153.23	25916211	25916211	3428
a280.tsp	153.33	25916211	25916211	3480
a280.tsp	153.46	25916211	25916211	3447
a280.tsp	152.75	25916211	25916211	3355
a280.tsp	153.94	25916211	25916211	3481
berlin52.tsp	43.03	25916211	25916211	7943
berlin52.tsp	43.19	25916211	25916211	8022
berlin52.tsp	43.08	25916211	25916211	7876
berlin52.tsp	43.04	25916211	25916211	7667
berlin52.tsp	42.41	25916211	25916211	8165
berlin52.tsp	43.19	25916211	25916211	7938
berlin52.tsp	42.79	25916211	25916211	7667
berlin52.tsp	43.04	25916211	25916211	7700
berlin52.tsp	43.07	25916211	25916211	7994
berlin52.tsp	43.06	25916211	25916211	7757
bier127.tsp	79.43	25916211	25916211	128623
bier127.tsp	79.36	25916211	25916211	131325
bier127.tsp	79.73	25916211	25916211	131552
bier127.tsp	78.64	25916211	25916211	128155
bier127.tsp	79.10	25916211	25916211	131435
bier127.tsp	79.81	25916211	25916211	134220
bier127.tsp	79.28	25916211	25916211	131962
bier127.tsp	79.39	25916211	25916211	130131
bier127.tsp	79.84	25916211	25916211	127669
bier127.tsp	85.10	25916211	25916211	133413
eil101.tsp	67.14	25916211	25916211	647
eil101.tsp	66.50	25916211	25916211	659
eil101.tsp	67.13	25916211	25916211	675
eil101.tsp	66.36	25916211	25916211	649
eil101.tsp	66.28	25916211	25916211	646
eil101.tsp	66.41	25916211	25916211	667
eil101.tsp	66.70	25916211	25916211	646
eil101.tsp	67.04	25916211	25916211	668
eil101.tsp	66.68	25916211	25916211	688
eil101.tsp	66.83	25916211	25916211	675
eil51.tsp	43.73	25916211	25916211	426
eil51.tsp	42.76	25916211	25916211	428
eil51.tsp	42.96	25916211	25916211	430
eil51.tsp	43.48	25916211	25916211	458
eil51.tsp	42.56	25916211	25916211	443
eil51.tsp	42.98	25916211	25916211	425
eil51.tsp	42.95	25916211	25916211	435
eil51.tsp	43.19	25916211	25916211	433
eil51.tsp	44.12	25916211	25916211	435
eil51.tsp	43.61	25916211	25916211	421
eil76.tsp	55.18	25916211	25916211	574
eil76.tsp	54.52	25916211	25916211	564
eil76.tsp	54.52	25916211	25916211	561
eil76.tsp	54.76	25916211	25916211	566
eil76.tsp	54.66	25916211	25916211	565
eil76.tsp	54.77	25916211	25916211	548
eil76.tsp	54.50	25916211	25916211	556
eil76.tsp	54.78	25916211	25916211	551
eil76.tsp	54.72	25916211	25916211	560
eil76.tsp	54.77	25916211	25916211	574
gil262.tsp	144.30	25916211	25916211	3055
gil262.tsp	144.63	25916211	25916211	3146
gil262.tsp	160.97	25916211	25916211	3009
gil262.tsp	143.86	25916211	25916211	3074
gil262.tsp	143.78	25916211	25916211	3048
gil262.tsp	144.56	25916211	25916211	2866
gil262.tsp	144.26	25916211	25916211	2967
gil262.tsp	143.75	25916211	25916211	3039
gil262.tsp	144.00	25916211	25916211	2986
gil262.tsp	144.19	25916211	25916211	3184
kroA100.tsp	64.43	25916211	25916211	22711
kroA100.tsp	66.21	25916211	25916211	23475
kroA100.tsp	64.94	25916211	25916211	23962
kroA100.tsp	66.05	25916211	25916211	23919
kroA100.tsp	66.22	25916211	25916211	25323
kroA100.tsp	64.74	25916211	25916211	22479
kroA100.tsp	66.58	25916211	25916211	24369
kroA100.tsp	65.12	25916211	25916211	23271
kroA100.tsp	64.54	25916211	25916211	22766
kroA100.tsp	66.30	25916211	25916211	23422
kroA150.tsp	90.30	25916211	25916211	31749
kroA150.tsp	90.02	25916211	25916211	30870
kroA150.tsp	91.00	25916211	25916211	32643
kroA150.tsp	90.09	25916211	25916211	31633
kroA150.tsp	90.89	25916211	25916211	32236
kroA150.tsp	89.76	25916211	25916211	34100
kroA150.tsp	90.06	25916211	25916211	31608
kroA150.tsp	90.59	25916211	25916211	31326
kroA150.tsp	91.48	25916211	25916211	30636
kroA150.tsp	90.97	25916211	25916211	31485
kroA200.tsp	115.01	25916211	25916211	38341
kroA200.tsp	115.48	25916211	25916211	37402
kroA200.tsp	113.57	25916211	25916211	35232
kroA200.tsp	113.62	25916211	25916211	37379
kroA200.tsp	113.98	25916211	25916211	36346
kroA200.tsp	114.64	25916211	25916211	33680
kroA200.tsp	114.54	25916211	25916211	37447
kroA200.tsp	113.26	25916211	25916211	36214
kroA200.tsp	113.49	25916211	25916211	37497
kroA200.tsp	113.68	25916211	25916211	36795
kroB100.tsp	66.54	25916211	25916211	24691
kroB100.tsp	65.13	25916211	25916211	24878
kroB100.tsp	66.08	25916211	25916211	24610
kroB100.tsp	64.65	25916211	25916211	25049
kroB100.tsp	65.64	25916211	25916211	26526
kroB100.tsp	66.25	25916211	25916211	23285
kroB100.tsp	65.79	25916211	25916211	23287
kroB100.tsp	65.80	25916211	25916211	24240
kroB100.tsp	64.57	25916211	25916211	25770
kroB100.tsp	65.94	25916211	25916211	25776
kroB150.tsp	90.13	25916211	25916211	31158
kroB150.tsp	90.53	25916211	25916211	30751
kroB150.tsp	91.15	25916211	25916211	29742
kroB150.tsp	89.82	25916211	25916211	30213
kroB150.tsp	89.95	25916211	25916211	31862
kroB150.tsp	90.77	25916211	25916211	29246
kroB150.tsp	90.75	25916211	25916211	31276
kroB150.tsp	90.07	25916211	25916211	30966
kroB150.tsp	89.59	25916211	25916211	31727
kroB150.tsp	90.79	25916211	25916211	30523
kroB200.tsp	114.54	25916211	25916211	40366
kroB200.tsp	115.29	25916211	25916211	38106
kroB200.tsp	114.72	25916211	25916211	37177
kroB200.tsp	113.80	25916211	25916211	37449
kroB200.tsp	114.82	25916211	25916211	36432
kroB200.tsp	114.58	25916211	25916211	34747
kroB200.tsp	114.07	25916211	25916211	37453
kroB200.tsp	114.10	25916211	25916211	36991
kroB200.tsp	114.83	25916211	25916211	37357
kroB200.tsp	114.62	25916211	25916211	37809
kroC100.tsp	66.15	25916211	25916211	24172
kroC100.tsp	65.90	25916211	25916211	22307
kroC100.tsp	64.58	25916211	25916211	22820
kroC100.tsp	65.48	25916211	25916211	22960
kroC100.tsp	65.98	25916211	25916211	22697
kroC100.tsp	64.67	25916211	25916211	23781
kroC100.tsp	64.70	25916211	25916211	21879
kroC100.tsp	66.65	25916211	25916211	22851
kroC100.tsp	64.55	25916211	25916211	23608
kroC100.tsp	66.37	25916211	25916211	22435
kroD100.tsp	65.68	25916211	25916211	22996
kroD100.tsp	65.41	25916211	25916211	25092
kroD100.tsp	66.91	25916211	25916211	22841
kroD100.tsp	66.32	25916211	25916211	23572
kroD100.tsp	64.95	25916211	25916211	23346
kroD100.tsp	65.08	25916211	25916211	24205
kroD100.tsp	65.82	25916211	25916211	22781
kroD100.tsp	65.47	25916211	25916211	23254
kroD100.tsp	66.01	25916211	25916211	23597
kroD100.tsp	66.32	25916211	25916211	23366
kroE100.tsp	66.12	25916211	25916211	23231
kroE100.tsp	64.78	25916211	25916211	24410
kroE100.tsp	64.94	25916211	25916211	25553
kroE100.tsp	64.66	25916211	25916211	23740
kroE100.tsp	66.18	25916211	25916211	24219
kroE100.tsp	64.81	25916211	25916211	25081
kroE100.tsp	66.79	25916211	25916211	25038
kroE100.tsp	65.91	25916211	25916211	25472
kroE100.tsp	64.89	25916211	25916211	23414
kroE100.tsp	66.30	25916211	25916211	23753
lin105.tsp	67.53	25916211	25916211	16068
lin105.tsp	67.58	25916211	25916211	16523
lin105.tsp	68.48	25916211	25916211	17742
lin105.tsp	67.47	25916211	25916211	16962
lin105.tsp	66.89	25916211	25916211	15441
lin105.tsp	68.04	25916211	25916211	16796
lin105.tsp	67.80	25916211	25916211	16860
lin105.tsp	67.26	25916211	25916211	16338
lin105.tsp	67.91	25916211	25916211	15314
lin105.tsp	67.74	25916211	25916211	17305
lin318.tsp	171.06	25916211	25916211	62249
lin318.tsp	170.72	25916211	25916211	59090
lin318.tsp	172.16	25916211	25916211	64838
lin318.tsp	170.64	25916211	25916211	59506
lin318.tsp	171.28	25916211	25916211	63864
lin318.tsp	170.58	25916211	25916211	55732
lin318.tsp	170.58	25916211	25916211	61385
lin318.tsp	171.84	25916211	25916211	59537
lin318.tsp	171.50	25916211	25916211	60041
lin318.tsp	171.30	25916211	25916211	60099
linhp318.tsp	170.50	25916211	25916211	60131
linhp318.tsp	170.72	25916211	25916211	60829
linhp318.tsp	171.34	25916211	25916211	60350
linhp318.tsp	171.67	25916211	25916211	56314
linhp318.tsp	170.64	25916211	25916211	60492
linhp318.tsp	171.26	25916211	25916211	60681
linhp318.tsp	171.52	25916211	25916211	63179
linhp318.tsp	170.98	25916211	25916211	57764
linhp318.tsp	170.46	25916211	25916211	59804
linhp318.tsp	171.69	25916211	25916211	60270
pr107.tsp	68.36	25916211	25916211	50245
pr107.tsp	68.87	25916211	25916211	48981
pr107.tsp	68.15	25916211	25916211	61303
pr107.tsp	68.54	25916211	25916211	48925
pr107.tsp	68.63	25916211	25916211	49376
pr107.tsp	68.57	25916211	25916211	59440
pr107.tsp	68.64	25916211	25916211	46415
pr107.tsp	68.32	25916211	25916211	46466
pr107.tsp	68.13	25916211	25916211	61870
pr107.tsp	69.16	25916211	25916211	44521
pr124.tsp	76.82	25916211	25916211	73227
pr124.tsp	82.56	25916211	25916211	65356
pr124.tsp	76.15	25916211	25916211	66784
pr124.tsp	76.20	25916211	25916211	63528
pr124.tsp	76.72	25916211	25916211	72081
pr124.tsp	76.33	25916211	25916211	68685
pr124.tsp	77.09	25916211	25916211	73896
pr124.tsp	76.57	25916211	25916211	66434
pr124.tsp	76.76	25916211	25916211	73924
pr124.tsp	77.17	25916211	25916211	71607
pr136.tsp	84.14	25916211	25916211	111789
pr136.tsp	83.85	25916211	25916211	108092
pr136.tsp	125.36	25916211	25916211	112735
pr136.tsp	83.25	25916211	25916211	118838
pr136.tsp	101.53	25916211	25916211	105062
pr136.tsp	83.48	25916211	25916211	109948
pr136.tsp	84.17	25916211	25916211	115638
pr136.tsp	83.50	25916211	25916211	113555
pr136.tsp	83.86	25916211	25916211	115345
pr136.tsp	84.52	25916211	25916211	110107
pr144.tsp	86.77	25916211	25916211	77789
pr144.tsp	87.50	25916211	25916211	70755
pr144.tsp	86.61	25916211	25916211	77836
pr144.tsp	87.26	25916211	25916211	78226
pr144.tsp	86.50	25916211	25916211	73524
pr144.tsp	86.66	25916211	25916211	80063
pr144.tsp	86.65	25916211	25916211	78691
pr144.tsp	87.52	25916211	25916211	71507
pr144.tsp	86.67	25916211	25916211	81481
pr144.tsp	87.38	25916211	25916211	80617
pr152.tsp	90.43	25916211	25916211	106398
pr152.tsp	90.84	25916211	25916211	102328
pr152.tsp	104.06	25916211	25916211	92738
pr152.tsp	91.27	25916211	25916211	87141
pr152.tsp	90.65	25916211	25916211	93357
pr152.tsp	91.09	25916211	25916211	96709
pr152.tsp	91.14	25916211	25916211	92087
pr152.tsp	90.70	25916211	25916211	103132
pr152.tsp	91.08	25916211	25916211	92671
pr152.tsp	91.91	25916211	25916211	106500
pr226.tsp	127.48	25916211	25916211	127046
pr226.tsp	127.23	25916211	25916211	125527
pr226.tsp	126.94	25916211	25916211	126414
pr226.tsp	126.50	25916211	25916211	134220
pr226.tsp	127.17	25916211	25916211	133056
pr226.tsp	128.58	25916211	25916211	113906
pr226.tsp	126.55	25916211	25916211	125377
pr226.tsp	127.26	25916211	25916211	119717
pr226.tsp	126.45	25916211	25916211	124643
pr226.tsp	127.43	25916211	25916211	130343
pr264.tsp	144.06	25916211	25916211	81015
pr264.tsp	144.17	25916211	25916211	83801
pr264.tsp	144.07	25916211	25916211	91771
pr264.tsp	144.44	25916211	25916211	76902
pr264.tsp	143.82	25916211	25916211	82394
pr264.tsp	145.04	25916211	25916211	81296
pr264.tsp	143.76	25916211	25916211	79827
pr264.tsp	144.15	25916211	25916211	81489
pr264.tsp	144.14	25916211	25916211	63746
pr264.tsp	144.43	25916211	25916211	84386
pr299.tsp	160.95	25916211	25916211	69678
pr299.tsp	161.47	25916211	25916211	66946
pr299.tsp	160.81	25916211	25916211	66616
pr299.tsp	161.27	25916211	25916211	65628
pr299.tsp	161.31	25916211	25916211	63546
pr299.tsp	160.91	25916211	25916211	63245
pr299.tsp	161.50	25916211	25916211	68457
pr299.tsp	161.98	25916211	25916211	65857
pr299.tsp	161.72	25916211	25916211	66599
pr299.tsp	161.74	25916211	25916211	69127
pr439.tsp	236.20	25916211	25916211	177551
pr439.tsp	235.78	25916211	25916211	187698
pr439.tsp	235.70	25916211	25916211	180120
pr439.tsp	233.86	25916211	25916211	172173
pr439.tsp	235.67	25916211	25916211	168378
pr439.tsp	236.07	25916211	25916211	182874
pr439.tsp	235.27	25916211	25916211	178992
pr439.tsp	235.40	25916211	25916211	182809
pr439.tsp	234.38	25916211	25916211	174115
pr439.tsp	233.79	25916211	25916211	165253
pr76.tsp	54.53	25916211	25916211	117771
pr76.tsp	53.48	25916211	25916211	124616
pr76.tsp	54.47	25916211	25916211	119215
pr76.tsp	53.52	25916211	25916211	112742
pr76.tsp	54.39	25916211	25916211	114524
pr76.tsp	53.45	25916211	25916211	121003
pr76.tsp	53.37	25916211	25916211	115205
pr76.tsp	53.56	25916211	25916211	116165
pr76.tsp	53.80	25916211	25916211	121240
pr76.tsp	53.93	25916211	25916211	116313
rat575.tsp	327.67	25916211	25916211	10621
rat575.tsp	325.02	25916211	25916211	9752
rat575.tsp	322.94	25916211	25916211	9978
rat575.tsp	324.41	25916211	25916211	10008
rat575.tsp	323.63	25916211	25916211	9923
rat575.tsp	324.85	25916211	25916211	10003
rat575.tsp	325.08	25916211	25916211	10621
rat575.tsp	323.92	25916211	25916211	10326
rat575.tsp	324.29	25916211	25916211	9937
rat575.tsp	323.06	25916211	25916211	10367
rat783.tsp	455.52	25916211	25916211	14887
rat783.tsp	454.95	25916211	25916211	15283
rat783.tsp	455.71	25916211	25916211	15416
rat783.tsp	455.43	25916211	25916211	15038
rat783.tsp	455.92	25916211	25916211	16019
rat783.tsp	455.35	25916211	25916211	15459
rat783.tsp	451.50	25916211	25916211	16442
rat783.tsp	450.76	25916211	25916211	15330
rat783.tsp	618.99	25916211	25916211	16037
rat783.tsp	451.20	25916211	25916211	15456
rat99.tsp	65.67	25916211	25916211	1304
rat99.tsp	65.64	25916211	25916211	1376
rat99.tsp	65.26	25916211	25916211	1324
rat99.tsp	65.30	25916211	25916211	1346
rat99.tsp	65.16	25916211	25916211	1356
rat99.tsp	66.47	25916211	25916211	1299
rat99.tsp	65.44	25916211	25916211	1302
rat99.tsp	66.04	25916211	25916211	1407
rat99.tsp	65.15	25916211	25916211	1329
rat99.tsp	65.30	25916211	25916211	1345
