a280.tsp	1.68	283442	283442	5676
a280.tsp	1.68	283442	283442	5745
a280.tsp	1.67	283442	283442	5977
a280.tsp	1.68	283442	283442	5902
a280.tsp	1.67	283442	283442	6284
a280.tsp	1.68	283442	283442	5951
a280.tsp	1.67	283442	283442	5796
a280.tsp	1.68	283442	283442	5908
a280.tsp	1.68	283442	283442	6074
a280.tsp	1.67	283442	283442	5874
berlin52.tsp	0.47	283442	283442	8911
berlin52.tsp	0.47	283442	283442	8496
berlin52.tsp	0.47	283442	283442	8914
berlin52.tsp	0.46	283442	283442	8931
berlin52.tsp	0.63	283442	283442	8753
berlin52.tsp	0.47	283442	283442	8443
berlin52.tsp	0.46	283442	283442	8851
berlin52.tsp	0.47	283442	283442	9235
berlin52.tsp	0.46	283442	283442	8618
berlin52.tsp	0.47	283442	283442	8738
bier127.tsp	0.86	283442	283442	174218
bier127.tsp	0.87	283442	283442	161216
bier127.tsp	0.87	283442	283442	169698
bier127.tsp	0.86	283442	283442	179508
bier127.tsp	0.86	283442	283442	171627
bier127.tsp	0.87	283442	283442	155028
bier127.tsp	0.86	283442	283442	175670
bier127.tsp	0.86	283442	283442	159937
bier127.tsp	0.86	283442	283442	157991
bier127.tsp	0.87	283442	283442	162480
eil101.tsp	0.72	283442	283442	812
eil101.tsp	0.72	283442	283442	809
eil101.tsp	0.72	283442	283442	796
eil101.tsp	0.72	283442	283442	787
eil101.tsp	0.72	283442	283442	762
eil101.tsp	0.72	283442	283442	806
eil101.tsp	0.72	283442	283442	780
eil101.tsp	0.73	283442	283442	724
eil101.tsp	0.72	283442	283442	829
eil101.tsp	0.72	283442	283442	785
eil51.tsp	0.46	283442	283442	490
eil51.tsp	0.47	283442	283442	465
eil51.tsp	0.47	283442	283442	475
eil51.tsp	0.47	283442	283442	491
eil51.tsp	0.47	283442	283442	456
eil51.tsp	0.47	283442	283442	488
eil51.tsp	0.47	283442	283442	476
eil51.tsp	0.47	283442	283442	479
eil51.tsp	0.47	283442	283442	465
eil51.tsp	0.46	283442	283442	454
eil76.tsp	0.60	283442	283442	654
eil76.tsp	0.60	283442	283442	653
eil76.tsp	0.59	283442	283442	683
eil76.tsp	0.59	283442	283442	689
eil76.tsp	0.60	283442	283442	679
eil76.tsp	0.59	283442	283442	664
eil76.tsp	0.59	283442	283442	658
eil76.tsp	0.60	283442	283442	639
eil76.tsp	0.60	283442	283442	632
eil76.tsp	0.60	283442	283442	597
gil262.tsp	1.58	283442	283442	5187
gil262.tsp	1.57	283442	283442	5188
gil262.tsp	1.57	283442	283442	4873
gil262.tsp	1.57	283442	283442	4658
gil262.tsp	1.57	283442	283442	4839
gil262.tsp	1.57	283442	283442	4504
gil262.tsp	1.57	283442	283442	5010
gil262.tsp	1.57	283442	283442	4644
gil262.tsp	1.57	283442	283442	4727
gil262.tsp	1.57	283442	283442	4714
kroA100.tsp	0.72	283442	283442	30284
kroA100.tsp	0.72	283442	283442	35615
kroA100.tsp	0.70	283442	283442	33294
kroA100.tsp	0.72	283442	283442	34902
kroA100.tsp	0.72	283442	283442	35993
kroA100.tsp	0.72	283442	283442	31356
kroA100.tsp	0.72	283442	283442	33873
kroA100.tsp	0.70	283442	283442	30755
kroA100.tsp	0.72	283442	283442	33495
kroA100.tsp	0.72	283442	283442	30644
kroA150.tsp	1.00	283442	283442	48539
kroA150.tsp	0.98	283442	283442	44201
kroA150.tsp	0.98	283442	283442	45344
kroA150.tsp	0.98	283442	283442	48570
kroA150.tsp	0.98	283442	283442	46402
kroA150.tsp	0.98	283442	283442	50044
kroA150.tsp	0.98	283442	283442	43897
kroA150.tsp	0.99	283442	283442	43841
kroA150.tsp	0.98	283442	283442	45531
kroA150.tsp	0.99	283442	283442	49884
kroA200.tsp	1.25	283442	283442	54100
kroA200.tsp	1.24	283442	283442	55806
kroA200.tsp	1.24	283442	283442	58999
kroA200.tsp	1.26	283442	283442	60507
kroA200.tsp	1.25	283442	283442	59392
kroA200.tsp	1.24	283442	283442	56648
kroA200.tsp	1.24	283442	283442	60179
kroA200.tsp	1.24	283442	283442	59071
kroA200.tsp	1.25	283442	283442	64471
kroA200.tsp	1.24	283442	283442	61615
kroB100.tsp	0.70	283442	283442	34200
kroB100.tsp	0.71	283442	283442	32523
kroB100.tsp	0.72	283442	283442	31408
kroB100.tsp	0.72	283442	283442	34494
kroB100.tsp	0.71	283442	283442	32265
kroB100.tsp	0.71	283442	283442	32513
kroB100.tsp	0.71	283442	283442	36029
kroB100.tsp	0.72	283442	283442	35700
kroB100.tsp	0.72	283442	283442	33663
kroB100.tsp	0.72	283442	283442	35666
kroB150.tsp	0.98	283442	283442	46489
kroB150.tsp	0.98	283442	283442	53212
kroB150.tsp	0.98	283442	283442	52961
kroB150.tsp	0.98	283442	283442	44508
kroB150.tsp	0.98	283442	283442	45872
kroB150.tsp	0.99	283442	283442	44590
kroB150.tsp	0.98	283442	283442	44857
kroB150.tsp	0.98	283442	283442	46822
kroB150.tsp	0.98	283442	283442	42183
kroB150.tsp	1.01	283442	283442	48297
kroB200.tsp	1.24	283442	283442	55738
kroB200.tsp	1.26	283442	283442	56814
kroB200.tsp	1.24	283442	283442	54510
kroB200.tsp	1.25	283442	283442	61610
kroB200.tsp	1.24	283442	283442	54553
kroB200.tsp	1.26	283442	283442	58172
kroB200.tsp	1.24	283442	283442	55351
kroB200.tsp	1.25	283442	283442	56344
kroB200.tsp	1.25	283442	283442	54714
kroB200.tsp	1.25	283442	283442	57498
kroC100.tsp	0.76	283442	283442	31908
kroC100.tsp	0.71	283442	283442	30100
kroC100.tsp	0.72	283442	283442	34037
kroC100.tsp	0.72	283442	283442	35441
kroC100.tsp	0.70	283442	283442	30510
kroC100.tsp	0.70	283442	283442	33976
kroC100.tsp	0.72	283442	283442	36209
kroC100.tsp	0.73	283442	283442	33764
kroC100.tsp	0.72	283442	283442	31201
kroC100.tsp	0.71	283442	283442	32433
kroD100.tsp	0.70	283442	283442	31721
kroD100.tsp	0.72	283442	283442	30864
kroD100.tsp	0.72	283442	283442	31250
kroD100.tsp	0.71	283442	283442	32332
kroD100.tsp	0.72	283442	283442	30713
kroD100.tsp	0.70	283442	283442	35915
kroD100.tsp	0.70	283442	283442	32544
kroD100.tsp	0.70	283442	283442	30948
kroD100.tsp	0.70	283442	283442	33525
kroD100.tsp	0.70	283442	283442	33549
kroE100.tsp	0.72	283442	283442	32918
kroE100.tsp	0.71	283442	283442	31302
kroE100.tsp	0.71	283442	283442	32811
kroE100.tsp	0.72	283442	283442	32848
kroE100.tsp	0.72	283442	283442	35515
kroE100.tsp	0.72	283442	283442	36947
kroE100.tsp	0.72	283442	283442	31515
kroE100.tsp	0.70	283442	283442	36411
kroE100.tsp	0.72	283442	283442	38379
kroE100.tsp	0.70	283442	283442	31249
lin105.tsp	0.73	283442	283442	22053
lin105.tsp	0.74	283442	283442	24492
lin105.tsp	0.74	283442	283442	21475
lin105.tsp	0.74	283442	283442	20997
lin105.tsp	0.73	283442	283442	22657
lin105.tsp	0.74	283442	283442	24853
lin105.tsp	0.72	283442	283442	23122
lin105.tsp	0.73	283442	283442	21700
lin105.tsp	0.74	283442	283442	23802
lin105.tsp	0.74	283442	283442	21954
lin318.tsp	1.87	283442	283442	114049
lin318.tsp	1.87	283442	283442	115191
lin318.tsp	1.87	283442	283442	99032
lin318.tsp	1.87	283442	283442	114688
lin318.tsp	1.87	283442	283442	109368
lin318.tsp	1.87	283442	283442	108220
lin318.tsp	1.86	283442	283442	116330
lin318.tsp	1.87	283442	283442	106639
lin318.tsp	1.86	283442	283442	111600
lin318.tsp	1.87	283442	283442	101877
linhp318.tsp	1.87	283442	283442	107155
linhp318.tsp	1.87	283442	283442	107929
linhp318.tsp	1.86	283442	283442	113841
linhp318.tsp	1.86	283442	283442	108965
linhp318.tsp	1.88	283442	283442	117550
linhp318.tsp	1.87	283442	283442	111827
linhp318.tsp	1.86	283442	283442	103085
linhp318.tsp	1.92	283442	283442	109489
linhp318.tsp	1.87	283442	283442	119087
linhp318.tsp	1.87	283442	283442	108184
pr107.tsp	0.74	283442	283442	97602
pr107.tsp	0.74	283442	283442	101681
pr107.tsp	0.74	283442	283442	82488
pr107.tsp	0.74	283442	283442	98996
pr107.tsp	0.75	283442	283442	82680
pr107.tsp	0.75	283442	283442	98496
pr107.tsp	0.75	283442	283442	98155
pr107.tsp	0.75	283442	283442	111716
pr107.tsp	0.75	283442	283442	102562
pr107.tsp	0.75	283442	283442	85407
pr124.tsp	0.84	283442	283442	128333
pr124.tsp	0.84	283442	283442	113748
pr124.tsp	0.84	283442	283442	90535
pr124.tsp	0.84	283442	283442	113632
pr124.tsp	0.84	283442	283442	108919
pr124.tsp	0.83	283442	283442	124299
pr124.tsp	0.84	283442	283442	114725
pr124.tsp	0.84	283442	283442	117130
pr124.tsp	0.83	283442	283442	121812
pr124.tsp	0.83	283442	283442	108852
pr136.tsp	0.90	283442	283442	158231
pr136.tsp	0.90	283442	283442	154471
pr136.tsp	0.91	283442	283442	149450
pr136.tsp	0.91	283442	283442	141675
pr136.tsp	0.91	283442	283442	157098
pr136.tsp	0.90	283442	283442	162324
pr136.tsp	0.91	283442	283442	156749
pr136.tsp	0.90	283442	283442	151891
pr136.tsp	0.92	283442	283442	171015
pr136.tsp	0.91	283442	283442	158462
pr144.tsp	0.95	283442	283442	121866
pr144.tsp	0.96	283442	283442	126732
pr144.tsp	0.95	283442	283442	147148
pr144.tsp	0.95	283442	283442	135554
pr144.tsp	0.96	283442	283442	134240
pr144.tsp	0.94	283442	283442	144167
pr144.tsp	0.94	283442	283442	139802
pr144.tsp	0.96	283442	283442	137087
pr144.tsp	0.95	283442	283442	141588
pr144.tsp	0.95	283442	283442	134556
pr152.tsp	1.00	283442	283442	182213
pr152.tsp	0.99	283442	283442	173115
pr152.tsp	0.99	283442	283442	151665
pr152.tsp	1.00	283442	283442	169989
pr152.tsp	0.99	283442	283442	183182
pr152.tsp	1.00	283442	283442	160732
pr152.tsp	0.99	283442	283442	167411
pr152.tsp	0.99	283442	283442	167919
pr152.tsp	0.99	283442	283442	194257
pr152.tsp	0.99	283442	283442	202015
pr226.tsp	1.38	283442	283442	247917
pr226.tsp	1.39	283442	283442	262111
pr226.tsp	1.39	283442	283442	300842
pr226.tsp	1.39	283442	283442	265309
pr226.tsp	1.39	283442	283442	295167
pr226.tsp	1.38	283442	283442	312336
pr226.tsp	1.38	283442	283442	306291
pr226.tsp	1.38	283442	283442	249960
pr226.tsp	1.38	283442	283442	245381
pr226.tsp	1.39	283442	283442	287903
pr264.tsp	1.58	283442	283442	174757
pr264.tsp	1.57	283442	283442	187180
pr264.tsp	1.57	283442	283442	188088
pr264.tsp	1.57	283442	283442	170516
pr264.tsp	1.57	283442	283442	170673
pr264.tsp	1.58	283442	283442	203618
pr264.tsp	1.57	283442	283442	166451
pr264.tsp	1.57	283442	283442	168879
pr264.tsp	1.57	283442	283442	165827
pr264.tsp	1.57	283442	283442	164706
pr299.tsp	1.76	283442	283442	118062
pr299.tsp	1.76	283442	283442	124472
pr299.tsp	1.76	283442	283442	117986
pr299.tsp	1.76	283442	283442	116955
pr299.tsp	1.76	283442	283442	118925
pr299.tsp	1.76	283442	283442	115178
pr299.tsp	1.76	283442	283442	124608
pr299.tsp	1.76	283442	283442	117749
pr299.tsp	1.77	283442	283442	127593
pr299.tsp	1.76	283442	283442	123881
pr439.tsp	2.57	283442	283442	337188
pr439.tsp	2.56	283442	283442	333519
pr439.tsp	2.56	283442	283442	368352
pr439.tsp	2.57	283442	283442	364910
pr439.tsp	2.57	283442	283442	343228
pr439.tsp	2.57	283442	283442	355808
pr439.tsp	2.56	283442	283442	362415
pr439.tsp	2.56	283442	283442	349906
pr439.tsp	2.56	283442	283442	354634
pr439.tsp	2.57	283442	283442	367683
pr76.tsp	0.70	283442	283442	125662
pr76.tsp	0.60	283442	283442	149248
pr76.tsp	0.60	283442	283442	147029
pr76.tsp	0.58	283442	283442	134928
pr76.tsp	0.59	283442	283442	132260
pr76.tsp	0.59	283442	283442	128729
pr76.tsp	0.58	283442	283442	134565
pr76.tsp	0.59	283442	283442	140413
pr76.tsp	0.59	283442	283442	139822
pr76.tsp	0.60	283442	283442	125093
rat575.tsp	3.52	283442	283442	21304
rat575.tsp	3.54	283442	283442	19797
rat575.tsp	3.52	283442	283442	22689
rat575.tsp	3.53	283442	283442	19675
rat575.tsp	3.54	283442	283442	21650
rat575.tsp	3.53	283442	283442	20402
rat575.tsp	3.55	283442	283442	21982
rat575.tsp	3.55	283442	283442	21515
rat575.tsp	3.52	283442	283442	20539
rat575.tsp	3.54	283442	283442	21681
rat783.tsp	4.99	283442	283442	36715
rat783.tsp	4.93	283442	283442	36677
rat783.tsp	4.93	283442	283442	35145
rat783.tsp	4.92	283442	283442	37156
rat783.tsp	4.91	283442	283442	35789
rat783.tsp	4.92	283442	283442	36197
rat783.tsp	4.91	283442	283442	35153
rat783.tsp	4.91	283442	283442	34304
rat783.tsp	4.92	283442	283442	34131
rat783.tsp	4.92	283442	283442	33957
rat99.tsp	0.71	283442	283442	1745
rat99.tsp	0.71	283442	283442	1643
rat99.tsp	0.72	283442	283442	1633
rat99.tsp	0.71	283442	283442	1702
rat99.tsp	0.71	283442	283442	1686
rat99.tsp	0.72	283442	283442	1717
rat99.tsp	0.71	283442	283442	1611
rat99.tsp	0.71	283442	283442	1601
rat99.tsp	0.72	283442	283442	1671
rat99.tsp	0.72	283442	283442	1686
