a280.tsp	2.57	431926	431926	5457
a280.tsp	2.56	431926	431926	5301
a280.tsp	2.55	431926	431926	5690
a280.tsp	2.60	431926	431926	5468
a280.tsp	2.58	431926	431926	5568
a280.tsp	2.56	431926	431926	5854
a280.tsp	2.60	431926	431926	5622
a280.tsp	2.63	431926	431926	5788
a280.tsp	2.55	431926	431926	5355
a280.tsp	2.62	431926	431926	5680
berlin52.tsp	0.71	431926	431926	8223
berlin52.tsp	0.72	431926	431926	8119
berlin52.tsp	0.71	431926	431926	8508
berlin52.tsp	0.71	431926	431926	8788
berlin52.tsp	0.72	431926	431926	8292
berlin52.tsp	0.71	431926	431926	8438
berlin52.tsp	0.70	431926	431926	8676
berlin52.tsp	0.72	431926	431926	8978
berlin52.tsp	0.71	431926	431926	9057
berlin52.tsp	0.71	431926	431926	8502
bier127.tsp	1.34	431926	431926	166228
bier127.tsp	1.32	431926	431926	159433
bier127.tsp	1.35	431926	431926	158119
bier127.tsp	1.32	431926	431926	158932
bier127.tsp	1.32	431926	431926	162709
bier127.tsp	1.34	431926	431926	161504
bier127.tsp	1.35	431926	431926	158549
bier127.tsp	1.33	431926	431926	159942
bier127.tsp	1.38	431926	431926	160938
bier127.tsp	1.36	431926	431926	163648
eil101.tsp	1.10	431926	431926	748
eil101.tsp	1.10	431926	431926	776
eil101.tsp	1.10	431926	431926	779
eil101.tsp	1.10	431926	431926	742
eil101.tsp	1.11	431926	431926	803
eil101.tsp	1.11	431926	431926	804
eil101.tsp	1.11	431926	431926	730
eil101.tsp	1.12	431926	431926	766
eil101.tsp	1.11	431926	431926	758
eil101.tsp	1.11	431926	431926	790
eil51.tsp	0.72	431926	431926	448
eil51.tsp	0.72	431926	431926	471
eil51.tsp	0.71	431926	431926	456
eil51.tsp	0.71	431926	431926	459
eil51.tsp	0.58	431926	431926	461
eil51.tsp	0.71	431926	431926	455
eil51.tsp	0.71	431926	431926	460
eil51.tsp	0.71	431926	431926	463
eil51.tsp	0.72	431926	431926	481
eil51.tsp	0.71	431926	431926	440
eil76.tsp	0.91	431926	431926	625
eil76.tsp	0.91	431926	431926	615
eil76.tsp	0.91	431926	431926	663
eil76.tsp	0.91	431926	431926	605
eil76.tsp	0.91	431926	431926	630
eil76.tsp	0.90	431926	431926	588
eil76.tsp	0.91	431926	431926	647
eil76.tsp	0.94	431926	431926	629
eil76.tsp	0.91	431926	431926	639
eil76.tsp	0.91	431926	431926	594
gil262.tsp	2.38	431926	431926	4838
gil262.tsp	2.40	431926	431926	4878
gil262.tsp	2.44	431926	431926	4556
gil262.tsp	2.46	431926	431926	4640
gil262.tsp	2.40	431926	431926	4356
gil262.tsp	2.39	431926	431926	4618
gil262.tsp	2.55	431926	431926	5026
gil262.tsp	2.40	431926	431926	4164
gil262.tsp	2.40	431926	431926	4700
gil262.tsp	2.40	431926	431926	4618
kroA100.tsp	1.09	431926	431926	31991
kroA100.tsp	1.10	431926	431926	34824
kroA100.tsp	1.08	431926	431926	33459
kroA100.tsp	1.09	431926	431926	31241
kroA100.tsp	1.08	431926	431926	29428
kroA100.tsp	1.08	431926	431926	30927
kroA100.tsp	1.07	431926	431926	34191
kroA100.tsp	1.11	431926	431926	32390
kroA100.tsp	1.10	431926	431926	33229
kroA100.tsp	1.08	431926	431926	31001
kroA150.tsp	1.51	431926	431926	43207
kroA150.tsp	1.50	431926	431926	38150
kroA150.tsp	1.56	431926	431926	49773
kroA150.tsp	1.50	431926	431926	46283
kroA150.tsp	1.50	431926	431926	43314
kroA150.tsp	1.54	431926	431926	42147
kroA150.tsp	1.50	431926	431926	47858
kroA150.tsp	1.49	431926	431926	43495
kroA150.tsp	1.50	431926	431926	48908
kroA150.tsp	1.50	431926	431926	41709
kroA200.tsp	1.90	431926	431926	60979
kroA200.tsp	1.91	431926	431926	59195
kroA200.tsp	1.90	431926	431926	55726
kroA200.tsp	1.94	431926	431926	56933
kroA200.tsp	1.90	431926	431926	55199
kroA200.tsp	1.95	431926	431926	54153
kroA200.tsp	1.92	431926	431926	60610
kroA200.tsp	1.90	431926	431926	55280
kroA200.tsp	1.99	431926	431926	52968
kroA200.tsp	1.91	431926	431926	56333
kroB100.tsp	1.13	431926	431926	32981
kroB100.tsp	1.10	431926	431926	31484
kroB100.tsp	1.08	431926	431926	30853
kroB100.tsp	1.10	431926	431926	33790
kroB100.tsp	1.09	431926	431926	32295
kroB100.tsp	1.10	431926	431926	34067
kroB100.tsp	1.10	431926	431926	31243
kroB100.tsp	1.14	431926	431926	31413
kroB100.tsp	1.08	431926	431926	30150
kroB100.tsp	1.10	431926	431926	35008
kroB150.tsp	1.54	431926	431926	37596
kroB150.tsp	1.51	431926	431926	44414
kroB150.tsp	1.50	431926	431926	40412
kroB150.tsp	1.51	431926	431926	41345
kroB150.tsp	1.54	431926	431926	51605
kroB150.tsp	1.51	431926	431926	38147
kroB150.tsp	1.51	431926	431926	41496
kroB150.tsp	1.51	431926	431926	46334
kroB150.tsp	1.54	431926	431926	43214
kroB150.tsp	1.51	431926	431926	44184
kroB200.tsp	1.96	431926	431926	50973
kroB200.tsp	1.94	431926	431926	58093
kroB200.tsp	1.94	431926	431926	59150
kroB200.tsp	1.90	431926	431926	51656
kroB200.tsp	1.90	431926	431926	54275
kroB200.tsp	1.91	431926	431926	58086
kroB200.tsp	1.91	431926	431926	52940
kroB200.tsp	1.90	431926	431926	57908
kroB200.tsp	1.92	431926	431926	52309
kroB200.tsp	1.92	431926	431926	50869
kroC100.tsp	1.10	431926	431926	31313
kroC100.tsp	1.10	431926	431926	31523
kroC100.tsp	1.09	431926	431926	35664
kroC100.tsp	1.08	431926	431926	31247
kroC100.tsp	1.10	431926	431926	30233
kroC100.tsp	1.08	431926	431926	34052
kroC100.tsp	1.10	431926	431926	30059
kroC100.tsp	1.10	431926	431926	32146
kroC100.tsp	1.10	431926	431926	31817
kroC100.tsp	1.11	431926	431926	31717
kroD100.tsp	1.08	431926	431926	33536
kroD100.tsp	1.08	431926	431926	29129
kroD100.tsp	1.09	431926	431926	28866
kroD100.tsp	1.09	431926	431926	34222
kroD100.tsp	1.09	431926	431926	30312
kroD100.tsp	1.08	431926	431926	28937
kroD100.tsp	1.08	431926	431926	28901
kroD100.tsp	1.08	431926	431926	29211
kroD100.tsp	1.10	431926	431926	28299
kroD100.tsp	1.08	431926	431926	33308
kroE100.tsp	1.10	431926	431926	31924
kroE100.tsp	1.08	431926	431926	31239
kroE100.tsp	1.11	431926	431926	28384
kroE100.tsp	1.12	431926	431926	29858
kroE100.tsp	1.09	431926	431926	30633
kroE100.tsp	1.14	431926	431926	31086
kroE100.tsp	1.08	431926	431926	29797
kroE100.tsp	1.11	431926	431926	31795
kroE100.tsp	1.10	431926	431926	33281
kroE100.tsp	1.10	431926	431926	32975
lin105.tsp	1.12	431926	431926	20524
lin105.tsp	1.12	431926	431926	21983
lin105.tsp	1.13	431926	431926	20102
lin105.tsp	1.12	431926	431926	21433
lin105.tsp	1.12	431926	431926	20417
lin105.tsp	1.13	431926	431926	23572
lin105.tsp	1.12	431926	431926	21907
lin105.tsp	1.12	431926	431926	21680
lin105.tsp	1.13	431926	431926	24301
lin105.tsp	1.11	431926	431926	22391
lin318.tsp	2.86	431926	431926	104149
lin318.tsp	2.86	431926	431926	95307
lin318.tsp	2.85	431926	431926	116425
lin318.tsp	2.92	431926	431926	99924
lin318.tsp	2.85	431926	431926	108122
lin318.tsp	2.86	431926	431926	112794
lin318.tsp	2.85	431926	431926	97378
lin318.tsp	2.85	431926	431926	97410
lin318.tsp	2.86	431926	431926	110282
lin318.tsp	2.87	431926	431926	109645
linhp318.tsp	2.84	431926	431926	103558
linhp318.tsp	2.84	431926	431926	105224
linhp318.tsp	2.84	431926	431926	98506
linhp318.tsp	2.85	431926	431926	105618
linhp318.tsp	2.85	431926	431926	102416
linhp318.tsp	2.85	431926	431926	96228
linhp318.tsp	2.85	431926	431926	106118
linhp318.tsp	2.85	431926	431926	101803
linhp318.tsp	2.86	431926	431926	97490
linhp318.tsp	2.87	431926	431926	103076
pr107.tsp	1.14	431926	431926	77111
pr107.tsp	1.14	431926	431926	74574
pr107.tsp	1.14	431926	431926	72596
pr107.tsp	1.14	431926	431926	85105
pr107.tsp	1.13	431926	431926	88033
pr107.tsp	1.14	431926	431926	82770
pr107.tsp	1.14	431926	431926	82291
pr107.tsp	1.14	431926	431926	95119
pr107.tsp	1.14	431926	431926	89421
pr107.tsp	1.15	431926	431926	78998
pr124.tsp	1.28	431926	431926	129340
pr124.tsp	1.30	431926	431926	120047
pr124.tsp	1.31	431926	431926	104376
pr124.tsp	1.29	431926	431926	105012
pr124.tsp	1.32	431926	431926	121370
pr124.tsp	1.26	431926	431926	109506
pr124.tsp	1.30	431926	431926	103862
pr124.tsp	1.31	431926	431926	109465
pr124.tsp	1.30	431926	431926	117814
pr124.tsp	1.28	431926	431926	95078
pr136.tsp	1.39	431926	431926	151733
pr136.tsp	1.43	431926	431926	140896
pr136.tsp	1.40	431926	431926	187007
pr136.tsp	1.39	431926	431926	171660
pr136.tsp	1.39	431926	431926	158716
pr136.tsp	1.38	431926	431926	146417
pr136.tsp	1.39	431926	431926	142058
pr136.tsp	1.38	431926	431926	143038
pr136.tsp	1.39	431926	431926	147817
pr136.tsp	1.39	431926	431926	151424
pr144.tsp	1.44	431926	431926	129620
pr144.tsp	1.45	431926	431926	151325
pr144.tsp	1.46	431926	431926	132755
pr144.tsp	1.46	431926	431926	156417
pr144.tsp	1.45	431926	431926	147064
pr144.tsp	1.46	431926	431926	136125
pr144.tsp	1.47	431926	431926	143511
pr144.tsp	1.45	431926	431926	127478
pr144.tsp	1.45	431926	431926	135166
pr144.tsp	1.45	431926	431926	127129
pr152.tsp	1.52	431926	431926	182777
pr152.tsp	1.51	431926	431926	180714
pr152.tsp	1.52	431926	431926	174048
pr152.tsp	1.51	431926	431926	161902
pr152.tsp	1.52	431926	431926	159648
pr152.tsp	1.51	431926	431926	159142
pr152.tsp	1.77	431926	431926	196338
pr152.tsp	1.53	431926	431926	173336
pr152.tsp	1.51	431926	431926	178429
pr152.tsp	1.52	431926	431926	166746
pr226.tsp	2.11	431926	431926	279571
pr226.tsp	2.11	431926	431926	257297
pr226.tsp	2.12	431926	431926	268704
pr226.tsp	2.12	431926	431926	250790
pr226.tsp	2.12	431926	431926	240075
pr226.tsp	2.11	431926	431926	263266
pr226.tsp	2.11	431926	431926	278027
pr226.tsp	2.14	431926	431926	218370
pr226.tsp	2.12	431926	431926	231057
pr226.tsp	2.11	431926	431926	286455
pr264.tsp	2.40	431926	431926	177781
pr264.tsp	2.40	431926	431926	148125
pr264.tsp	2.40	431926	431926	175689
pr264.tsp	2.40	431926	431926	158318
pr264.tsp	2.40	431926	431926	152808
pr264.tsp	2.40	431926	431926	155731
pr264.tsp	2.40	431926	431926	189542
pr264.tsp	2.40	431926	431926	146769
pr264.tsp	2.40	431926	431926	171437
pr264.tsp	2.50	431926	431926	180929
pr299.tsp	2.69	431926	431926	112772
pr299.tsp	2.70	431926	431926	123948
pr299.tsp	2.70	431926	431926	131177
pr299.tsp	2.69	431926	431926	118076
pr299.tsp	2.69	431926	431926	112164
pr299.tsp	2.68	431926	431926	111138
pr299.tsp	2.69	431926	431926	113510
pr299.tsp	2.69	431926	431926	111727
pr299.tsp	2.70	431926	431926	117109
pr299.tsp	2.70	431926	431926	114867
pr439.tsp	3.92	431926	431926	326114
pr439.tsp	3.92	431926	431926	321928
pr439.tsp	3.92	431926	431926	323278
pr439.tsp	3.92	431926	431926	320779
pr439.tsp	3.92	431926	431926	320144
pr439.tsp	3.93	431926	431926	302644
pr439.tsp	3.93	431926	431926	350545
pr439.tsp	4.03	431926	431926	326514
pr439.tsp	3.92	431926	431926	326139
pr439.tsp	3.90	431926	431926	347120
pr76.tsp	0.90	431926	431926	140155
pr76.tsp	0.89	431926	431926	145186
pr76.tsp	0.90	431926	431926	130720
pr76.tsp	0.90	431926	431926	145294
pr76.tsp	0.90	431926	431926	131009
pr76.tsp	0.90	431926	431926	136482
pr76.tsp	0.92	431926	431926	128019
pr76.tsp	0.89	431926	431926	136237
pr76.tsp	1.21	431926	431926	138352
pr76.tsp	0.89	431926	431926	129982
rat575.tsp	5.43	431926	431926	18890
rat575.tsp	5.42	431926	431926	18853
rat575.tsp	5.37	431926	431926	18458
rat575.tsp	5.39	431926	431926	19804
rat575.tsp	5.39	431926	431926	19038
rat575.tsp	5.40	431926	431926	19343
rat575.tsp	5.39	431926	431926	19086
rat575.tsp	5.39	431926	431926	19125
rat575.tsp	5.40	431926	431926	19802
rat575.tsp	5.37	431926	431926	19364
rat783.tsp	10.36	431926	431926	31945
rat783.tsp	7.56	431926	431926	32292
rat783.tsp	7.51	431926	431926	32878
rat783.tsp	7.58	431926	431926	30764
rat783.tsp	7.56	431926	431926	32470
rat783.tsp	7.58	431926	431926	32491
rat783.tsp	7.52	431926	431926	31760
rat783.tsp	7.59	431926	431926	32285
rat783.tsp	7.52	431926	431926	30452
rat783.tsp	7.54	431926	431926	31539
rat99.tsp	1.09	431926	431926	1608
rat99.tsp	1.39	431926	431926	1702
rat99.tsp	1.09	431926	431926	1679
rat99.tsp	1.12	431926	431926	1460
rat99.tsp	1.08	431926	431926	1553
rat99.tsp	1.09	431926	431926	1618
rat99.tsp	1.10	431926	431926	1610
rat99.tsp	1.10	431926	431926	1631
rat99.tsp	1.09	431926	431926	1697
rat99.tsp	1.08	431926	431926	1713
