a280.tsp	2.51	425168	425168	5382
a280.tsp	2.51	425168	425168	5203
a280.tsp	2.51	425168	425168	5841
a280.tsp	2.52	425168	425168	5721
a280.tsp	3.22	425168	425168	5583
a280.tsp	2.51	425168	425168	5509
a280.tsp	2.51	425168	425168	6097
a280.tsp	2.51	425168	425168	6009
a280.tsp	2.51	425168	425168	6279
a280.tsp	2.52	425168	425168	5001
berlin52.tsp	0.69	425168	425168	8506
berlin52.tsp	0.71	425168	425168	7984
berlin52.tsp	0.70	425168	425168	8221
berlin52.tsp	0.71	425168	425168	8865
berlin52.tsp	0.69	425168	425168	9059
berlin52.tsp	0.69	425168	425168	8368
berlin52.tsp	0.70	425168	425168	9086
berlin52.tsp	0.70	425168	425168	8922
berlin52.tsp	0.70	425168	425168	8318
berlin52.tsp	0.69	425168	425168	8541
bier127.tsp	1.29	425168	425168	162756
bier127.tsp	1.32	425168	425168	157694
bier127.tsp	1.30	425168	425168	162135
bier127.tsp	1.30	425168	425168	152106
bier127.tsp	1.31	425168	425168	171017
bier127.tsp	1.29	425168	425168	163337
bier127.tsp	1.30	425168	425168	156135
bier127.tsp	1.30	425168	425168	154660
bier127.tsp	1.30	425168	425168	165165
bier127.tsp	1.29	425168	425168	155081
eil101.tsp	1.08	425168	425168	769
eil101.tsp	1.09	425168	425168	786
eil101.tsp	1.08	425168	425168	784
eil101.tsp	1.09	425168	425168	748
eil101.tsp	1.09	425168	425168	814
eil101.tsp	1.09	425168	425168	734
eil101.tsp	1.09	425168	425168	804
eil101.tsp	1.09	425168	425168	779
eil101.tsp	1.09	425168	425168	761
eil101.tsp	1.09	425168	425168	727
eil51.tsp	0.70	425168	425168	460
eil51.tsp	0.71	425168	425168	477
eil51.tsp	0.70	425168	425168	439
eil51.tsp	0.70	425168	425168	503
eil51.tsp	0.70	425168	425168	488
eil51.tsp	0.71	425168	425168	463
eil51.tsp	0.70	425168	425168	436
eil51.tsp	0.70	425168	425168	437
eil51.tsp	0.70	425168	425168	486
eil51.tsp	0.70	425168	425168	480
eil76.tsp	0.90	425168	425168	657
eil76.tsp	0.89	425168	425168	601
eil76.tsp	0.89	425168	425168	623
eil76.tsp	0.90	425168	425168	693
eil76.tsp	0.90	425168	425168	622
eil76.tsp	0.89	425168	425168	640
eil76.tsp	0.89	425168	425168	634
eil76.tsp	0.89	425168	425168	621
eil76.tsp	0.89	425168	425168	613
eil76.tsp	0.89	425168	425168	603
gil262.tsp	2.36	425168	425168	4917
gil262.tsp	2.36	425168	425168	4752
gil262.tsp	2.36	425168	425168	4654
gil262.tsp	2.35	425168	425168	4711
gil262.tsp	2.35	425168	425168	4871
gil262.tsp	2.49	425168	425168	4671
gil262.tsp	2.36	425168	425168	4807
gil262.tsp	2.37	425168	425168	4711
gil262.tsp	2.36	425168	425168	4549
gil262.tsp	2.35	425168	425168	4195
kroA100.tsp	1.06	425168	425168	29266
kroA100.tsp	1.06	425168	425168	30483
kroA100.tsp	1.06	425168	425168	30720
kroA100.tsp	1.07	425168	425168	31999
kroA100.tsp	1.08	425168	425168	29532
kroA100.tsp	1.08	425168	425168	30396
kroA100.tsp	1.06	425168	425168	31994
kroA100.tsp	1.08	425168	425168	30280
kroA100.tsp	1.08	425168	425168	31766
kroA100.tsp	1.09	425168	425168	33052
kroA150.tsp	1.48	425168	425168	45293
kroA150.tsp	1.47	425168	425168	41282
kroA150.tsp	1.48	425168	425168	42824
kroA150.tsp	1.48	425168	425168	41051
kroA150.tsp	1.47	425168	425168	39989
kroA150.tsp	1.47	425168	425168	47324
kroA150.tsp	1.48	425168	425168	45699
kroA150.tsp	1.48	425168	425168	45912
kroA150.tsp	1.49	425168	425168	38949
kroA150.tsp	1.48	425168	425168	43238
kroA200.tsp	1.86	425168	425168	56455
kroA200.tsp	1.88	425168	425168	56464
kroA200.tsp	1.86	425168	425168	55413
kroA200.tsp	1.87	425168	425168	56106
kroA200.tsp	1.87	425168	425168	55958
kroA200.tsp	1.87	425168	425168	56989
kroA200.tsp	1.86	425168	425168	56063
kroA200.tsp	1.86	425168	425168	54087
kroA200.tsp	1.87	425168	425168	57098
kroA200.tsp	1.87	425168	425168	50317
kroB100.tsp	1.08	425168	425168	31271
kroB100.tsp	1.07	425168	425168	30144
kroB100.tsp	1.08	425168	425168	33336
kroB100.tsp	1.08	425168	425168	32167
kroB100.tsp	1.08	425168	425168	32748
kroB100.tsp	1.08	425168	425168	38188
kroB100.tsp	1.06	425168	425168	31592
kroB100.tsp	1.08	425168	425168	29280
kroB100.tsp	1.08	425168	425168	32262
kroB100.tsp	1.08	425168	425168	30038
kroB150.tsp	1.48	425168	425168	40704
kroB150.tsp	1.47	425168	425168	43823
kroB150.tsp	1.48	425168	425168	45170
kroB150.tsp	1.52	425168	425168	46363
kroB150.tsp	1.48	425168	425168	45472
kroB150.tsp	1.49	425168	425168	41981
kroB150.tsp	1.47	425168	425168	38262
kroB150.tsp	1.46	425168	425168	46033
kroB150.tsp	1.49	425168	425168	43902
kroB150.tsp	1.49	425168	425168	48645
kroB200.tsp	1.86	425168	425168	51934
kroB200.tsp	1.87	425168	425168	55263
kroB200.tsp	1.87	425168	425168	58572
kroB200.tsp	1.86	425168	425168	53271
kroB200.tsp	1.88	425168	425168	56772
kroB200.tsp	1.86	425168	425168	55643
kroB200.tsp	2.15	425168	425168	53815
kroB200.tsp	1.87	425168	425168	56912
kroB200.tsp	1.88	425168	425168	56283
kroB200.tsp	1.87	425168	425168	56936
kroC100.tsp	1.08	425168	425168	31818
kroC100.tsp	1.06	425168	425168	31814
kroC100.tsp	1.06	425168	425168	28286
kroC100.tsp	1.09	425168	425168	28413
kroC100.tsp	1.05	425168	425168	30908
kroC100.tsp	1.07	425168	425168	31731
kroC100.tsp	1.08	425168	425168	31018
kroC100.tsp	1.07	425168	425168	33443
kroC100.tsp	1.07	425168	425168	30552
kroC100.tsp	1.06	425168	425168	30488
kroD100.tsp	1.06	425168	425168	32900
kroD100.tsp	1.10	425168	425168	30768
kroD100.tsp	1.06	425168	425168	32461
kroD100.tsp	1.19	425168	425168	27623
kroD100.tsp	1.08	425168	425168	30673
kroD100.tsp	1.06	425168	425168	30624
kroD100.tsp	1.07	425168	425168	28009
kroD100.tsp	1.05	425168	425168	30230
kroD100.tsp	1.07	425168	425168	35370
kroD100.tsp	1.06	425168	425168	31165
kroE100.tsp	1.08	425168	425168	37054
kroE100.tsp	1.08	425168	425168	33152
kroE100.tsp	1.08	425168	425168	31088
kroE100.tsp	1.06	425168	425168	29221
kroE100.tsp	1.09	425168	425168	30144
kroE100.tsp	1.09	425168	425168	32473
kroE100.tsp	1.09	425168	425168	28814
kroE100.tsp	1.08	425168	425168	32063
kroE100.tsp	1.08	425168	425168	31402
kroE100.tsp	1.19	425168	425168	31120
lin105.tsp	1.10	425168	425168	21551
lin105.tsp	1.10	425168	425168	23785
lin105.tsp	1.10	425168	425168	23034
lin105.tsp	1.10	425168	425168	21404
lin105.tsp	1.10	425168	425168	20875
lin105.tsp	1.10	425168	425168	22356
lin105.tsp	1.10	425168	425168	23010
lin105.tsp	1.11	425168	425168	20677
lin105.tsp	1.10	425168	425168	22395
lin105.tsp	1.10	425168	425168	20916
lin318.tsp	2.81	425168	425168	107769
lin318.tsp	2.80	425168	425168	96935
lin318.tsp	2.80	425168	425168	95592
lin318.tsp	2.80	425168	425168	92367
lin318.tsp	2.80	425168	425168	95920
lin318.tsp	2.82	425168	425168	105420
lin318.tsp	2.81	425168	425168	100020
lin318.tsp	2.80	425168	425168	103651
lin318.tsp	2.80	425168	425168	102398
lin318.tsp	2.80	425168	425168	95924
linhp318.tsp	2.80	425168	425168	104606
linhp318.tsp	2.81	425168	425168	103962
linhp318.tsp	2.80	425168	425168	95573
linhp318.tsp	2.80	425168	425168	103184
linhp318.tsp	2.80	425168	425168	101079
linhp318.tsp	2.80	425168	425168	105939
linhp318.tsp	2.80	425168	425168	93760
linhp318.tsp	2.80	425168	425168	101820
linhp318.tsp	2.80	425168	425168	111569
linhp318.tsp	2.80	425168	425168	103216
pr107.tsp	1.12	425168	425168	93678
pr107.tsp	1.13	425168	425168	81697
pr107.tsp	1.12	425168	425168	80640
pr107.tsp	1.12	425168	425168	85848
pr107.tsp	1.11	425168	425168	68944
pr107.tsp	1.12	425168	425168	84880
pr107.tsp	1.12	425168	425168	87252
pr107.tsp	1.13	425168	425168	81560
pr107.tsp	1.12	425168	425168	73170
pr107.tsp	1.12	425168	425168	84273
pr124.tsp	1.25	425168	425168	95378
pr124.tsp	1.25	425168	425168	116031
pr124.tsp	1.25	425168	425168	112478
pr124.tsp	1.25	425168	425168	108793
pr124.tsp	1.25	425168	425168	126061
pr124.tsp	1.26	425168	425168	107670
pr124.tsp	1.25	425168	425168	117233
pr124.tsp	1.26	425168	425168	134854
pr124.tsp	1.25	425168	425168	93072
pr124.tsp	1.25	425168	425168	94838
pr136.tsp	1.36	425168	425168	153738
pr136.tsp	1.36	425168	425168	157256
pr136.tsp	1.37	425168	425168	154935
pr136.tsp	1.37	425168	425168	152274
pr136.tsp	1.37	425168	425168	148893
pr136.tsp	1.37	425168	425168	164660
pr136.tsp	1.38	425168	425168	155943
pr136.tsp	1.37	425168	425168	156917
pr136.tsp	1.37	425168	425168	150345
pr136.tsp	1.36	425168	425168	155554
pr144.tsp	1.43	425168	425168	135077
pr144.tsp	1.42	425168	425168	123503
pr144.tsp	1.42	425168	425168	130502
pr144.tsp	1.42	425168	425168	128721
pr144.tsp	1.42	425168	425168	133854
pr144.tsp	1.43	425168	425168	123596
pr144.tsp	1.43	425168	425168	149992
pr144.tsp	1.43	425168	425168	133697
pr144.tsp	1.43	425168	425168	134785
pr144.tsp	1.44	425168	425168	144802
pr152.tsp	1.49	425168	425168	203066
pr152.tsp	1.50	425168	425168	173880
pr152.tsp	1.50	425168	425168	191248
pr152.tsp	1.49	425168	425168	206678
pr152.tsp	1.49	425168	425168	186265
pr152.tsp	1.51	425168	425168	198524
pr152.tsp	1.49	425168	425168	197092
pr152.tsp	1.49	425168	425168	164369
pr152.tsp	1.49	425168	425168	147542
pr152.tsp	1.50	425168	425168	194987
pr226.tsp	2.07	425168	425168	247010
pr226.tsp	2.08	425168	425168	244218
pr226.tsp	2.09	425168	425168	220077
pr226.tsp	2.08	425168	425168	257400
pr226.tsp	2.08	425168	425168	250240
pr226.tsp	2.07	425168	425168	271963
pr226.tsp	2.08	425168	425168	227864
pr226.tsp	2.08	425168	425168	247052
pr226.tsp	2.08	425168	425168	250630
pr226.tsp	2.07	425168	425168	258969
pr264.tsp	2.35	425168	425168	167692
pr264.tsp	2.36	425168	425168	159269
pr264.tsp	2.36	425168	425168	157772
pr264.tsp	2.36	425168	425168	158423
pr264.tsp	2.35	425168	425168	159419
pr264.tsp	2.36	425168	425168	150042
pr264.tsp	2.37	425168	425168	158808
pr264.tsp	2.36	425168	425168	167981
pr264.tsp	2.42	425168	425168	173024
pr264.tsp	2.36	425168	425168	157169
pr299.tsp	2.64	425168	425168	124669
pr299.tsp	2.64	425168	425168	111590
pr299.tsp	2.66	425168	425168	115872
pr299.tsp	2.64	425168	425168	110519
pr299.tsp	2.64	425168	425168	124520
pr299.tsp	2.64	425168	425168	109958
pr299.tsp	2.65	425168	425168	118346
pr299.tsp	2.63	425168	425168	122399
pr299.tsp	2.64	425168	425168	111802
pr299.tsp	2.64	425168	425168	115636
pr439.tsp	3.82	425168	425168	325617
pr439.tsp	3.85	425168	425168	311056
pr439.tsp	3.85	425168	425168	321795
pr439.tsp	3.85	425168	425168	326439
pr439.tsp	3.85	425168	425168	322128
pr439.tsp	3.84	425168	425168	333784
pr439.tsp	3.83	425168	425168	334581
pr439.tsp	3.86	425168	425168	328654
pr439.tsp	3.84	425168	425168	338220
pr439.tsp	3.86	425168	425168	324687
pr76.tsp	0.88	425168	425168	130013
pr76.tsp	0.89	425168	425168	140511
pr76.tsp	0.89	425168	425168	144287
pr76.tsp	0.89	425168	425168	119618
pr76.tsp	0.90	425168	425168	129592
pr76.tsp	0.88	425168	425168	133362
pr76.tsp	0.88	425168	425168	143714
pr76.tsp	0.89	425168	425168	135170
pr76.tsp	0.88	425168	425168	128256
pr76.tsp	0.90	425168	425168	139828
rat575.tsp	5.30	425168	425168	20197
rat575.tsp	5.33	425168	425168	20151
rat575.tsp	5.36	425168	425168	18467
rat575.tsp	5.34	425168	425168	20143
rat575.tsp	5.57	425168	425168	19980
rat575.tsp	5.33	425168	425168	21549
rat575.tsp	5.35	425168	425168	18985
rat575.tsp	5.36	425168	425168	19907
rat575.tsp	5.27	425168	425168	20912
rat575.tsp	5.33	425168	425168	19702
rat783.tsp	7.40	425168	425168	31543
rat783.tsp	7.38	425168	425168	32109
rat783.tsp	7.39	425168	425168	33404
rat783.tsp	7.38	425168	425168	33225
rat783.tsp	7.42	425168	425168	32048
rat783.tsp	7.39	425168	425168	31338
rat783.tsp	7.37	425168	425168	33534
rat783.tsp	7.40	425168	425168	32418
rat783.tsp	7.40	425168	425168	32907
rat783.tsp	7.36	425168	425168	33162
rat99.tsp	1.08	425168	425168	1675
rat99.tsp	1.07	425168	425168	1576
rat99.tsp	1.07	425168	425168	1450
rat99.tsp	1.07	425168	425168	1494
rat99.tsp	1.08	425168	425168	1592
rat99.tsp	1.08	425168	425168	1553
rat99.tsp	1.07	425168	425168	1762
rat99.tsp	1.07	425168	425168	1710
rat99.tsp	1.06	425168	425168	1730
rat99.tsp	1.08	425168	425168	1569
