a280.tsp	5.01	844270	844270	4966
a280.tsp	4.98	844270	844270	4772
a280.tsp	4.98	844270	844270	5171
a280.tsp	5.01	844270	844270	5229
a280.tsp	4.99	844270	844270	5567
a280.tsp	4.98	844270	844270	4750
a280.tsp	5.01	844270	844270	5465
a280.tsp	4.98	844270	844270	5195
a280.tsp	4.99	844270	844270	5220
a280.tsp	4.97	844270	844270	4637
berlin52.tsp	1.42	844270	844270	8655
berlin52.tsp	1.38	844270	844270	8909
berlin52.tsp	1.39	844270	844270	8559
berlin52.tsp	1.39	844270	844270	8205
berlin52.tsp	1.39	844270	844270	8653
berlin52.tsp	1.40	844270	844270	8403
berlin52.tsp	1.39	844270	844270	8450
berlin52.tsp	1.41	844270	844270	8565
berlin52.tsp	1.41	844270	844270	8026
berlin52.tsp	1.39	844270	844270	8836
bier127.tsp	2.57	844270	844270	143105
bier127.tsp	2.57	844270	844270	151787
bier127.tsp	2.57	844270	844270	153317
bier127.tsp	2.62	844270	844270	153867
bier127.tsp	2.58	844270	844270	147017
bier127.tsp	2.59	844270	844270	153105
bier127.tsp	2.58	844270	844270	151322
bier127.tsp	2.55	844270	844270	158166
bier127.tsp	2.57	844270	844270	151406
bier127.tsp	2.56	844270	844270	149044
eil101.tsp	2.16	844270	844270	743
eil101.tsp	2.15	844270	844270	779
eil101.tsp	2.16	844270	844270	700
eil101.tsp	2.17	844270	844270	717
eil101.tsp	2.18	844270	844270	744
eil101.tsp	2.18	844270	844270	733
eil101.tsp	2.14	844270	844270	727
eil101.tsp	2.18	844270	844270	735
eil101.tsp	2.16	844270	844270	754
eil101.tsp	2.15	844270	844270	767
eil51.tsp	1.38	844270	844270	457
eil51.tsp	1.40	844270	844270	445
eil51.tsp	1.38	844270	844270	446
eil51.tsp	1.41	844270	844270	496
eil51.tsp	1.40	844270	844270	473
eil51.tsp	1.39	844270	844270	450
eil51.tsp	1.41	844270	844270	446
eil51.tsp	1.37	844270	844270	495
eil51.tsp	1.39	844270	844270	439
eil51.tsp	1.39	844270	844270	454
eil76.tsp	1.78	844270	844270	597
eil76.tsp	1.78	844270	844270	632
eil76.tsp	1.79	844270	844270	614
eil76.tsp	1.76	844270	844270	607
eil76.tsp	1.77	844270	844270	623
eil76.tsp	1.78	844270	844270	584
eil76.tsp	1.77	844270	844270	580
eil76.tsp	1.78	844270	844270	641
eil76.tsp	1.78	844270	844270	637
eil76.tsp	1.78	844270	844270	649
gil262.tsp	4.68	844270	844270	4164
gil262.tsp	4.68	844270	844270	4168
gil262.tsp	4.67	844270	844270	4439
gil262.tsp	4.68	844270	844270	4653
gil262.tsp	4.68	844270	844270	4411
gil262.tsp	4.70	844270	844270	4287
gil262.tsp	4.68	844270	844270	4634
gil262.tsp	4.68	844270	844270	4015
gil262.tsp	4.68	844270	844270	4475
gil262.tsp	4.68	844270	844270	4355
kroA100.tsp	2.14	844270	844270	27806
kroA100.tsp	2.12	844270	844270	27756
kroA100.tsp	2.13	844270	844270	28087
kroA100.tsp	2.12	844270	844270	30604
kroA100.tsp	2.14	844270	844270	29095
kroA100.tsp	2.10	844270	844270	26335
kroA100.tsp	2.12	844270	844270	31302
kroA100.tsp	2.14	844270	844270	27908
kroA100.tsp	2.18	844270	844270	32760
kroA100.tsp	2.11	844270	844270	28665
kroA150.tsp	2.92	844270	844270	42993
kroA150.tsp	2.93	844270	844270	40796
kroA150.tsp	2.94	844270	844270	43294
kroA150.tsp	2.94	844270	844270	45332
kroA150.tsp	2.94	844270	844270	39795
kroA150.tsp	2.92	844270	844270	39466
kroA150.tsp	2.94	844270	844270	40540
kroA150.tsp	2.94	844270	844270	40295
kroA150.tsp	2.96	844270	844270	42326
kroA150.tsp	2.93	844270	844270	38655
kroA200.tsp	3.72	844270	844270	49147
kroA200.tsp	3.68	844270	844270	48323
kroA200.tsp	3.72	844270	844270	52584
kroA200.tsp	3.76	844270	844270	45520
kroA200.tsp	3.73	844270	844270	53163
kroA200.tsp	3.70	844270	844270	55239
kroA200.tsp	3.71	844270	844270	52411
kroA200.tsp	3.76	844270	844270	49285
kroA200.tsp	3.72	844270	844270	52591
kroA200.tsp	3.72	844270	844270	48663
kroB100.tsp	2.12	844270	844270	28372
kroB100.tsp	2.11	844270	844270	29949
kroB100.tsp	2.15	844270	844270	29927
kroB100.tsp	2.12	844270	844270	30096
kroB100.tsp	2.10	844270	844270	27535
kroB100.tsp	2.10	844270	844270	30739
kroB100.tsp	2.12	844270	844270	30620
kroB100.tsp	2.14	844270	844270	27977
kroB100.tsp	2.12	844270	844270	31305
kroB100.tsp	2.16	844270	844270	30017
kroB150.tsp	2.94	844270	844270	41285
kroB150.tsp	2.95	844270	844270	43898
kroB150.tsp	2.94	844270	844270	39625
kroB150.tsp	2.93	844270	844270	41260
kroB150.tsp	2.93	844270	844270	38658
kroB150.tsp	2.93	844270	844270	40573
kroB150.tsp	2.96	844270	844270	40728
kroB150.tsp	2.92	844270	844270	39123
kroB150.tsp	2.94	844270	844270	41389
kroB150.tsp	2.94	844270	844270	41644
kroB200.tsp	3.73	844270	844270	50056
kroB200.tsp	3.72	844270	844270	50681
kroB200.tsp	3.72	844270	844270	55000
kroB200.tsp	3.72	844270	844270	48590
kroB200.tsp	3.70	844270	844270	53551
kroB200.tsp	3.74	844270	844270	49801
kroB200.tsp	3.69	844270	844270	54548
kroB200.tsp	3.73	844270	844270	55983
kroB200.tsp	3.70	844270	844270	50907
kroB200.tsp	3.72	844270	844270	52263
kroC100.tsp	2.17	844270	844270	29709
kroC100.tsp	2.14	844270	844270	29400
kroC100.tsp	2.14	844270	844270	28471
kroC100.tsp	2.12	844270	844270	28497
kroC100.tsp	2.10	844270	844270	26590
kroC100.tsp	2.14	844270	844270	30446
kroC100.tsp	2.11	844270	844270	28324
kroC100.tsp	2.10	844270	844270	29202
kroC100.tsp	2.15	844270	844270	29638
kroC100.tsp	2.10	844270	844270	26768
kroD100.tsp	2.15	844270	844270	30419
kroD100.tsp	2.12	844270	844270	28180
kroD100.tsp	2.15	844270	844270	30318
kroD100.tsp	2.09	844270	844270	28297
kroD100.tsp	2.13	844270	844270	30821
kroD100.tsp	2.16	844270	844270	29209
kroD100.tsp	2.12	844270	844270	31025
kroD100.tsp	2.09	844270	844270	28043
kroD100.tsp	2.15	844270	844270	30412
kroD100.tsp	2.15	844270	844270	29295
kroE100.tsp	2.10	844270	844270	30588
kroE100.tsp	2.10	844270	844270	32671
kroE100.tsp	2.10	844270	844270	31545
kroE100.tsp	2.15	844270	844270	27814
kroE100.tsp	2.16	844270	844270	30323
kroE100.tsp	2.10	844270	844270	30906
kroE100.tsp	2.10	844270	844270	31615
kroE100.tsp	2.16	844270	844270	28238
kroE100.tsp	2.12	844270	844270	29336
kroE100.tsp	2.12	844270	844270	28485
lin105.tsp	2.20	844270	844270	18621
lin105.tsp	2.20	844270	844270	18622
lin105.tsp	2.16	844270	844270	18588
lin105.tsp	2.17	844270	844270	19484
lin105.tsp	2.19	844270	844270	23061
lin105.tsp	2.20	844270	844270	19125
lin105.tsp	2.22	844270	844270	20988
lin105.tsp	2.19	844270	844270	21174
lin105.tsp	2.21	844270	844270	18709
lin105.tsp	2.20	844270	844270	22261
lin318.tsp	5.56	844270	844270	90625
lin318.tsp	5.57	844270	844270	94269
lin318.tsp	5.57	844270	844270	95300
lin318.tsp	5.57	844270	844270	89584
lin318.tsp	5.70	844270	844270	98672
lin318.tsp	5.57	844270	844270	99641
lin318.tsp	5.56	844270	844270	90904
lin318.tsp	5.55	844270	844270	92448
lin318.tsp	5.56	844270	844270	97394
lin318.tsp	5.57	844270	844270	102468
linhp318.tsp	5.57	844270	844270	87858
linhp318.tsp	5.56	844270	844270	89313
linhp318.tsp	5.56	844270	844270	90601
linhp318.tsp	5.57	844270	844270	98259
linhp318.tsp	5.55	844270	844270	87847
linhp318.tsp	5.58	844270	844270	95566
linhp318.tsp	5.55	844270	844270	92781
linhp318.tsp	5.57	844270	844270	95017
linhp318.tsp	5.56	844270	844270	97399
linhp318.tsp	5.55	844270	844270	94969
pr107.tsp	2.23	844270	844270	72093
pr107.tsp	2.23	844270	844270	73422
pr107.tsp	2.21	844270	844270	65892
pr107.tsp	2.24	844270	844270	66207
pr107.tsp	2.23	844270	844270	81319
pr107.tsp	2.22	844270	844270	83044
pr107.tsp	2.23	844270	844270	70151
pr107.tsp	2.22	844270	844270	70767
pr107.tsp	2.23	844270	844270	84014
pr107.tsp	2.23	844270	844270	80619
pr124.tsp	2.49	844270	844270	112754
pr124.tsp	2.49	844270	844270	96981
pr124.tsp	2.49	844270	844270	102265
pr124.tsp	2.50	844270	844270	96413
pr124.tsp	2.48	844270	844270	90746
pr124.tsp	2.50	844270	844270	87801
pr124.tsp	2.50	844270	844270	102898
pr124.tsp	2.50	844270	844270	93754
pr124.tsp	2.48	844270	844270	96528
pr124.tsp	2.48	844270	844270	124804
pr136.tsp	2.73	844270	844270	140439
pr136.tsp	2.74	844270	844270	139929
pr136.tsp	2.74	844270	844270	126220
pr136.tsp	2.71	844270	844270	133175
pr136.tsp	2.73	844270	844270	143982
pr136.tsp	2.74	844270	844270	129018
pr136.tsp	2.72	844270	844270	143654
pr136.tsp	2.72	844270	844270	142731
pr136.tsp	2.71	844270	844270	155838
pr136.tsp	2.71	844270	844270	133808
pr144.tsp	2.82	844270	844270	108404
pr144.tsp	2.86	844270	844270	113349
pr144.tsp	2.84	844270	844270	121145
pr144.tsp	2.82	844270	844270	118251
pr144.tsp	2.84	844270	844270	126223
pr144.tsp	2.84	844270	844270	120179
pr144.tsp	2.82	844270	844270	118002
pr144.tsp	2.84	844270	844270	124845
pr144.tsp	2.84	844270	844270	131971
pr144.tsp	2.83	844270	844270	124702
pr152.tsp	2.96	844270	844270	143430
pr152.tsp	2.95	844270	844270	155082
pr152.tsp	2.99	844270	844270	174507
pr152.tsp	2.97	844270	844270	164653
pr152.tsp	2.94	844270	844270	143316
pr152.tsp	2.95	844270	844270	141254
pr152.tsp	2.96	844270	844270	138124
pr152.tsp	2.97	844270	844270	149759
pr152.tsp	2.95	844270	844270	158997
pr152.tsp	2.94	844270	844270	151339
pr226.tsp	4.14	844270	844270	276967
pr226.tsp	4.12	844270	844270	193706
pr226.tsp	4.12	844270	844270	249441
pr226.tsp	4.16	844270	844270	211058
pr226.tsp	4.14	844270	844270	209630
pr226.tsp	4.11	844270	844270	181591
pr226.tsp	4.12	844270	844270	268072
pr226.tsp	4.14	844270	844270	259187
pr226.tsp	4.11	844270	844270	218139
pr226.tsp	4.14	844270	844270	261751
pr264.tsp	4.70	844270	844270	164928
pr264.tsp	4.68	844270	844270	144301
pr264.tsp	4.66	844270	844270	137308
pr264.tsp	4.65	844270	844270	142942
pr264.tsp	4.69	844270	844270	144885
pr264.tsp	4.68	844270	844270	163481
pr264.tsp	4.66	844270	844270	139360
pr264.tsp	4.68	844270	844270	171270
pr264.tsp	4.67	844270	844270	160854
pr264.tsp	4.68	844270	844270	164166
pr299.tsp	5.26	844270	844270	103002
pr299.tsp	5.25	844270	844270	109070
pr299.tsp	5.26	844270	844270	111161
pr299.tsp	5.27	844270	844270	95669
pr299.tsp	5.23	844270	844270	111496
pr299.tsp	5.25	844270	844270	103667
pr299.tsp	5.25	844270	844270	102910
pr299.tsp	5.23	844270	844270	102501
pr299.tsp	5.25	844270	844270	110740
pr299.tsp	5.25	844270	844270	103046
pr439.tsp	7.61	844270	844270	299987
pr439.tsp	7.64	844270	844270	319056
pr439.tsp	7.63	844270	844270	288029
pr439.tsp	7.62	844270	844270	277695
pr439.tsp	7.61	844270	844270	300994
pr439.tsp	7.63	844270	844270	277940
pr439.tsp	7.60	844270	844270	280719
pr439.tsp	7.63	844270	844270	294779
pr439.tsp	7.63	844270	844270	289282
pr439.tsp	7.62	844270	844270	313623
pr76.tsp	1.74	844270	844270	129547
pr76.tsp	1.75	844270	844270	134928
pr76.tsp	1.75	844270	844270	131266
pr76.tsp	1.78	844270	844270	131385
pr76.tsp	1.74	844270	844270	144221
pr76.tsp	1.78	844270	844270	133428
pr76.tsp	1.74	844270	844270	126887
pr76.tsp	1.75	844270	844270	139078
pr76.tsp	1.73	844270	844270	131328
pr76.tsp	1.74	844270	844270	148964
rat575.tsp	10.52	844270	844270	16636
rat575.tsp	10.49	844270	844270	16395
rat575.tsp	10.61	844270	844270	17398
rat575.tsp	10.48	844270	844270	17250
rat575.tsp	10.51	844270	844270	17345
rat575.tsp	10.51	844270	844270	16599
rat575.tsp	10.60	844270	844270	16184
rat575.tsp	10.59	844270	844270	17846
rat575.tsp	10.51	844270	844270	17125
rat575.tsp	10.53	844270	844270	16846
rat783.tsp	14.70	844270	844270	27044
rat783.tsp	14.78	844270	844270	27529
rat783.tsp	14.66	844270	844270	29296
rat783.tsp	14.75	844270	844270	28604
rat783.tsp	14.70	844270	844270	27737
rat783.tsp	14.68	844270	844270	29709
rat783.tsp	14.70	844270	844270	27166
rat783.tsp	14.69	844270	844270	28873
rat783.tsp	14.90	844270	844270	27753
rat783.tsp	14.89	844270	844270	25829
rat99.tsp	2.13	844270	844270	1741
rat99.tsp	2.14	844270	844270	1528
rat99.tsp	2.13	844270	844270	1511
rat99.tsp	2.11	844270	844270	1464
rat99.tsp	2.11	844270	844270	1496
rat99.tsp	2.40	844270	844270	1528
rat99.tsp	2.12	844270	844270	1604
rat99.tsp	2.14	844270	844270	1415
rat99.tsp	2.15	844270	844270	1632
rat99.tsp	2.12	844270	844270	1644
