a280.tsp	3.89	647894	647894	4899
a280.tsp	3.93	647894	647894	5258
a280.tsp	3.82	647894	647894	5047
a280.tsp	3.83	647894	647894	5156
a280.tsp	3.87	647894	647894	5065
a280.tsp	3.86	647894	647894	4930
a280.tsp	3.94	647894	647894	5196
a280.tsp	3.85	647894	647894	5538
a280.tsp	3.82	647894	647894	5583
a280.tsp	3.91	647894	647894	5114
berlin52.tsp	1.06	647894	647894	8563
berlin52.tsp	1.09	647894	647894	8883
berlin52.tsp	1.06	647894	647894	9382
berlin52.tsp	1.06	647894	647894	8898
berlin52.tsp	1.04	647894	647894	8611
berlin52.tsp	1.07	647894	647894	8863
berlin52.tsp	1.08	647894	647894	8130
berlin52.tsp	1.07	647894	647894	8900
berlin52.tsp	1.10	647894	647894	8658
berlin52.tsp	1.08	647894	647894	8370
bier127.tsp	1.98	647894	647894	151313
bier127.tsp	2.00	647894	647894	152254
bier127.tsp	1.99	647894	647894	145855
bier127.tsp	1.98	647894	647894	166628
bier127.tsp	1.99	647894	647894	157509
bier127.tsp	2.06	647894	647894	158215
bier127.tsp	2.00	647894	647894	142766
bier127.tsp	1.99	647894	647894	158868
bier127.tsp	2.00	647894	647894	156376
bier127.tsp	2.03	647894	647894	152203
eil101.tsp	1.68	647894	647894	772
eil101.tsp	1.65	647894	647894	746
eil101.tsp	1.66	647894	647894	729
eil101.tsp	1.67	647894	647894	769
eil101.tsp	1.66	647894	647894	752
eil101.tsp	1.67	647894	647894	751
eil101.tsp	1.65	647894	647894	744
eil101.tsp	1.67	647894	647894	794
eil101.tsp	1.66	647894	647894	750
eil101.tsp	1.66	647894	647894	734
eil51.tsp	1.07	647894	647894	465
eil51.tsp	1.07	647894	647894	456
eil51.tsp	1.09	647894	647894	459
eil51.tsp	1.09	647894	647894	457
eil51.tsp	1.07	647894	647894	449
eil51.tsp	1.10	647894	647894	485
eil51.tsp	1.07	647894	647894	456
eil51.tsp	1.06	647894	647894	432
eil51.tsp	1.06	647894	647894	434
eil51.tsp	1.09	647894	647894	433
eil76.tsp	1.37	647894	647894	614
eil76.tsp	1.36	647894	647894	611
eil76.tsp	1.37	647894	647894	600
eil76.tsp	1.36	647894	647894	599
eil76.tsp	1.37	647894	647894	620
eil76.tsp	1.36	647894	647894	620
eil76.tsp	1.39	647894	647894	599
eil76.tsp	1.39	647894	647894	585
eil76.tsp	1.36	647894	647894	629
eil76.tsp	1.37	647894	647894	635
gil262.tsp	3.59	647894	647894	4361
gil262.tsp	3.63	647894	647894	4855
gil262.tsp	3.67	647894	647894	4103
gil262.tsp	3.60	647894	647894	4722
gil262.tsp	3.60	647894	647894	4197
gil262.tsp	3.60	647894	647894	4239
gil262.tsp	3.74	647894	647894	4918
gil262.tsp	3.60	647894	647894	4720
gil262.tsp	3.60	647894	647894	4258
gil262.tsp	3.60	647894	647894	4180
kroA100.tsp	1.65	647894	647894	30381
kroA100.tsp	1.62	647894	647894	28723
kroA100.tsp	1.64	647894	647894	30747
kroA100.tsp	1.62	647894	647894	34039
kroA100.tsp	1.61	647894	647894	30098
kroA100.tsp	1.66	647894	647894	29893
kroA100.tsp	1.66	647894	647894	28876
kroA100.tsp	1.64	647894	647894	35312
kroA100.tsp	1.61	647894	647894	29661
kroA100.tsp	1.64	647894	647894	33359
kroA150.tsp	2.30	647894	647894	38168
kroA150.tsp	2.27	647894	647894	41393
kroA150.tsp	2.25	647894	647894	43362
kroA150.tsp	2.25	647894	647894	39389
kroA150.tsp	2.24	647894	647894	44205
kroA150.tsp	2.25	647894	647894	45349
kroA150.tsp	2.27	647894	647894	49797
kroA150.tsp	2.26	647894	647894	40325
kroA150.tsp	2.27	647894	647894	38510
kroA150.tsp	2.27	647894	647894	41878
kroA200.tsp	2.84	647894	647894	51055
kroA200.tsp	2.86	647894	647894	52391
kroA200.tsp	2.89	647894	647894	53444
kroA200.tsp	2.86	647894	647894	49540
kroA200.tsp	2.84	647894	647894	47921
kroA200.tsp	2.87	647894	647894	59586
kroA200.tsp	2.88	647894	647894	50574
kroA200.tsp	2.88	647894	647894	52791
kroA200.tsp	2.85	647894	647894	49459
kroA200.tsp	2.86	647894	647894	59708
kroB100.tsp	1.65	647894	647894	32616
kroB100.tsp	1.70	647894	647894	30815
kroB100.tsp	1.65	647894	647894	28884
kroB100.tsp	1.70	647894	647894	33442
kroB100.tsp	1.63	647894	647894	29150
kroB100.tsp	1.64	647894	647894	30041
kroB100.tsp	1.64	647894	647894	30305
kroB100.tsp	1.70	647894	647894	28418
kroB100.tsp	1.64	647894	647894	32728
kroB100.tsp	1.64	647894	647894	28190
kroB150.tsp	2.28	647894	647894	40523
kroB150.tsp	2.30	647894	647894	45103
kroB150.tsp	2.26	647894	647894	43253
kroB150.tsp	2.26	647894	647894	43537
kroB150.tsp	2.25	647894	647894	36563
kroB150.tsp	2.26	647894	647894	41843
kroB150.tsp	2.26	647894	647894	46418
kroB150.tsp	2.26	647894	647894	42500
kroB150.tsp	2.31	647894	647894	38145
kroB150.tsp	2.25	647894	647894	43382
kroB200.tsp	2.89	647894	647894	48037
kroB200.tsp	2.89	647894	647894	55926
kroB200.tsp	2.86	647894	647894	54059
kroB200.tsp	2.86	647894	647894	52211
kroB200.tsp	2.86	647894	647894	60525
kroB200.tsp	2.84	647894	647894	54239
kroB200.tsp	2.86	647894	647894	52693
kroB200.tsp	2.87	647894	647894	48778
kroB200.tsp	2.85	647894	647894	52351
kroB200.tsp	3.34	647894	647894	54601
kroC100.tsp	1.56	647894	647894	27455
kroC100.tsp	1.62	647894	647894	30917
kroC100.tsp	1.63	647894	647894	31325
kroC100.tsp	1.62	647894	647894	31116
kroC100.tsp	1.62	647894	647894	32759
kroC100.tsp	1.62	647894	647894	30833
kroC100.tsp	1.65	647894	647894	29092
kroC100.tsp	1.67	647894	647894	27198
kroC100.tsp	1.66	647894	647894	29896
kroC100.tsp	1.64	647894	647894	25728
kroD100.tsp	1.70	647894	647894	28862
kroD100.tsp	1.63	647894	647894	30044
kroD100.tsp	1.64	647894	647894	31384
kroD100.tsp	1.70	647894	647894	29381
kroD100.tsp	1.71	647894	647894	29131
kroD100.tsp	1.66	647894	647894	30657
kroD100.tsp	1.62	647894	647894	26271
kroD100.tsp	1.65	647894	647894	30083
kroD100.tsp	1.61	647894	647894	30333
kroD100.tsp	1.65	647894	647894	30252
kroE100.tsp	1.62	647894	647894	32989
kroE100.tsp	1.62	647894	647894	29495
kroE100.tsp	1.62	647894	647894	28192
kroE100.tsp	1.63	647894	647894	28942
kroE100.tsp	1.67	647894	647894	29737
kroE100.tsp	1.69	647894	647894	33752
kroE100.tsp	1.62	647894	647894	29762
kroE100.tsp	1.64	647894	647894	33087
kroE100.tsp	1.66	647894	647894	30639
kroE100.tsp	1.65	647894	647894	30440
lin105.tsp	1.67	647894	647894	20193
lin105.tsp	1.67	647894	647894	21117
lin105.tsp	1.67	647894	647894	22329
lin105.tsp	1.70	647894	647894	19790
lin105.tsp	1.71	647894	647894	20480
lin105.tsp	1.70	647894	647894	20576
lin105.tsp	1.70	647894	647894	22493
lin105.tsp	1.68	647894	647894	21169
lin105.tsp	1.69	647894	647894	27039
lin105.tsp	1.69	647894	647894	23045
lin318.tsp	4.27	647894	647894	102409
lin318.tsp	4.29	647894	647894	96928
lin318.tsp	4.28	647894	647894	100879
lin318.tsp	4.35	647894	647894	101098
lin318.tsp	4.28	647894	647894	96651
lin318.tsp	4.28	647894	647894	96089
lin318.tsp	4.28	647894	647894	102524
lin318.tsp	4.28	647894	647894	97301
lin318.tsp	4.28	647894	647894	101419
lin318.tsp	4.36	647894	647894	100034
linhp318.tsp	4.28	647894	647894	96800
linhp318.tsp	4.26	647894	647894	93757
linhp318.tsp	4.28	647894	647894	108086
linhp318.tsp	4.28	647894	647894	100936
linhp318.tsp	4.27	647894	647894	91854
linhp318.tsp	4.70	647894	647894	93034
linhp318.tsp	4.35	647894	647894	100769
linhp318.tsp	4.29	647894	647894	88511
linhp318.tsp	4.26	647894	647894	97827
linhp318.tsp	4.27	647894	647894	101778
pr107.tsp	1.72	647894	647894	68867
pr107.tsp	1.71	647894	647894	82846
pr107.tsp	1.72	647894	647894	66694
pr107.tsp	1.70	647894	647894	58009
pr107.tsp	1.71	647894	647894	83550
pr107.tsp	1.72	647894	647894	83154
pr107.tsp	1.72	647894	647894	82546
pr107.tsp	1.71	647894	647894	80021
pr107.tsp	1.71	647894	647894	53436
pr107.tsp	1.72	647894	647894	73226
pr124.tsp	1.91	647894	647894	97522
pr124.tsp	1.95	647894	647894	112600
pr124.tsp	1.91	647894	647894	110780
pr124.tsp	1.94	647894	647894	112959
pr124.tsp	1.94	647894	647894	119962
pr124.tsp	1.92	647894	647894	120818
pr124.tsp	1.93	647894	647894	100319
pr124.tsp	1.92	647894	647894	113730
pr124.tsp	1.94	647894	647894	98830
pr124.tsp	1.90	647894	647894	97399
pr136.tsp	2.10	647894	647894	158178
pr136.tsp	2.15	647894	647894	140365
pr136.tsp	2.10	647894	647894	146758
pr136.tsp	2.08	647894	647894	165880
pr136.tsp	2.09	647894	647894	143072
pr136.tsp	2.09	647894	647894	160706
pr136.tsp	2.09	647894	647894	138865
pr136.tsp	2.07	647894	647894	149337
pr136.tsp	2.09	647894	647894	150565
pr136.tsp	2.08	647894	647894	141175
pr144.tsp	2.19	647894	647894	123440
pr144.tsp	2.19	647894	647894	122706
pr144.tsp	2.18	647894	647894	137290
pr144.tsp	2.20	647894	647894	133046
pr144.tsp	2.19	647894	647894	144112
pr144.tsp	2.18	647894	647894	126413
pr144.tsp	2.20	647894	647894	117332
pr144.tsp	2.17	647894	647894	121644
pr144.tsp	2.18	647894	647894	136897
pr144.tsp	2.16	647894	647894	134677
pr152.tsp	2.27	647894	647894	171584
pr152.tsp	2.26	647894	647894	180635
pr152.tsp	2.26	647894	647894	159074
pr152.tsp	2.28	647894	647894	147193
pr152.tsp	2.28	647894	647894	147055
pr152.tsp	2.29	647894	647894	156143
pr152.tsp	2.27	647894	647894	160777
pr152.tsp	2.30	647894	647894	157249
pr152.tsp	2.27	647894	647894	152197
pr152.tsp	2.29	647894	647894	156361
pr226.tsp	3.16	647894	647894	242773
pr226.tsp	3.17	647894	647894	260227
pr226.tsp	3.18	647894	647894	249671
pr226.tsp	3.18	647894	647894	244582
pr226.tsp	3.20	647894	647894	270064
pr226.tsp	3.18	647894	647894	233069
pr226.tsp	3.17	647894	647894	235662
pr226.tsp	3.18	647894	647894	218920
pr226.tsp	3.19	647894	647894	240625
pr226.tsp	3.18	647894	647894	244369
pr264.tsp	3.68	647894	647894	154936
pr264.tsp	3.60	647894	647894	163659
pr264.tsp	3.60	647894	647894	136140
pr264.tsp	3.61	647894	647894	143825
pr264.tsp	3.60	647894	647894	127399
pr264.tsp	3.63	647894	647894	155432
pr264.tsp	3.60	647894	647894	150460
pr264.tsp	3.60	647894	647894	152468
pr264.tsp	3.71	647894	647894	153285
pr264.tsp	3.59	647894	647894	143290
pr299.tsp	4.04	647894	647894	104271
pr299.tsp	4.03	647894	647894	112992
pr299.tsp	4.03	647894	647894	118127
pr299.tsp	4.04	647894	647894	101715
pr299.tsp	4.05	647894	647894	98403
pr299.tsp	4.04	647894	647894	115664
pr299.tsp	4.03	647894	647894	119524
pr299.tsp	4.04	647894	647894	113471
pr299.tsp	4.04	647894	647894	100119
pr299.tsp	4.04	647894	647894	114162
pr439.tsp	5.89	647894	647894	329398
pr439.tsp	5.88	647894	647894	311153
pr439.tsp	5.88	647894	647894	326601
pr439.tsp	5.93	647894	647894	296106
pr439.tsp	5.90	647894	647894	314027
pr439.tsp	5.85	647894	647894	292580
pr439.tsp	5.87	647894	647894	300854
pr439.tsp	5.90	647894	647894	304540
pr439.tsp	5.87	647894	647894	290420
pr439.tsp	5.86	647894	647894	320969
pr76.tsp	1.36	647894	647894	132764
pr76.tsp	1.34	647894	647894	140178
pr76.tsp	1.34	647894	647894	133906
pr76.tsp	1.32	647894	647894	141064
pr76.tsp	1.34	647894	647894	131365
pr76.tsp	1.36	647894	647894	133121
pr76.tsp	1.33	647894	647894	133502
pr76.tsp	1.35	647894	647894	134205
pr76.tsp	1.34	647894	647894	134305
pr76.tsp	1.36	647894	647894	141439
rat575.tsp	8.13	647894	647894	18699
rat575.tsp	8.11	647894	647894	17841
rat575.tsp	8.08	647894	647894	16896
rat575.tsp	8.05	647894	647894	16255
rat575.tsp	8.08	647894	647894	18376
rat575.tsp	8.08	647894	647894	17213
rat575.tsp	8.07	647894	647894	17863
rat575.tsp	8.09	647894	647894	17826
rat575.tsp	8.07	647894	647894	16490
rat575.tsp	8.07	647894	647894	17511
rat783.tsp	11.36	647894	647894	30909
rat783.tsp	11.39	647894	647894	29446
rat783.tsp	11.33	647894	647894	28223
rat783.tsp	11.35	647894	647894	29551
rat783.tsp	11.33	647894	647894	28644
rat783.tsp	11.40	647894	647894	29897
rat783.tsp	11.28	647894	647894	29999
rat783.tsp	11.44	647894	647894	29071
rat783.tsp	11.28	647894	647894	29237
rat783.tsp	11.27	647894	647894	31443
rat99.tsp	1.63	647894	647894	1569
rat99.tsp	1.63	647894	647894	1446
rat99.tsp	1.64	647894	647894	1549
rat99.tsp	1.65	647894	647894	1533
rat99.tsp	1.63	647894	647894	1561
rat99.tsp	1.64	647894	647894	1601
rat99.tsp	1.64	647894	647894	1630
rat99.tsp	1.65	647894	647894	1616
rat99.tsp	1.62	647894	647894	1516
rat99.tsp	1.64	647894	647894	1543
