a280.tsp	148.95	25328425	25328425	3576
a280.tsp	148.87	25328425	25328425	3347
a280.tsp	149.08	25328425	25328425	3375
a280.tsp	149.68	25328425	25328425	3385
a280.tsp	149.19	25328425	25328425	3413
a280.tsp	149.06	25328425	25328425	3433
a280.tsp	150.30	25328425	25328425	3579
a280.tsp	150.25	25328425	25328425	3305
a280.tsp	149.24	25328425	25328425	3538
a280.tsp	149.21	25328425	25328425	3421
berlin52.tsp	41.88	25328425	25328425	7868
berlin52.tsp	41.83	25328425	25328425	7526
berlin52.tsp	41.99	25328425	25328425	7955
berlin52.tsp	42.43	25328425	25328425	7658
berlin52.tsp	42.29	25328425	25328425	7757
berlin52.tsp	42.33	25328425	25328425	8111
berlin52.tsp	41.75	25328425	25328425	7751
berlin52.tsp	42.50	25328425	25328425	7526
berlin52.tsp	41.72	25328425	25328425	7809
berlin52.tsp	41.84	25328425	25328425	7959
bier127.tsp	77.74	25328425	25328425	135348
bier127.tsp	78.07	25328425	25328425	130800
bier127.tsp	76.77	25328425	25328425	132086
bier127.tsp	77.68	25328425	25328425	133885
bier127.tsp	77.55	25328425	25328425	134155
bier127.tsp	76.96	25328425	25328425	132778
bier127.tsp	76.75	25328425	25328425	131408
bier127.tsp	77.55	25328425	25328425	135106
bier127.tsp	77.60	25328425	25328425	132814
bier127.tsp	78.14	25328425	25328425	135711
eil101.tsp	64.92	25328425	25328425	689
eil101.tsp	65.37	25328425	25328425	690
eil101.tsp	65.28	25328425	25328425	665
eil101.tsp	65.30	25328425	25328425	657
eil101.tsp	65.28	25328425	25328425	649
eil101.tsp	64.84	25328425	25328425	641
eil101.tsp	64.86	25328425	25328425	659
eil101.tsp	65.34	25328425	25328425	652
eil101.tsp	64.78	25328425	25328425	644
eil101.tsp	65.10	25328425	25328425	650
eil51.tsp	42.47	25328425	25328425	436
eil51.tsp	41.79	25328425	25328425	431
eil51.tsp	41.63	25328425	25328425	431
eil51.tsp	42.66	25328425	25328425	426
eil51.tsp	41.58	25328425	25328425	443
eil51.tsp	42.58	25328425	25328425	432
eil51.tsp	41.68	25328425	25328425	423
eil51.tsp	41.90	25328425	25328425	428
eil51.tsp	41.33	25328425	25328425	442
eil51.tsp	42.22	25328425	25328425	437
eil76.tsp	53.27	25328425	25328425	574
eil76.tsp	53.30	25328425	25328425	555
eil76.tsp	53.58	25328425	25328425	556
eil76.tsp	53.24	25328425	25328425	554
eil76.tsp	53.26	25328425	25328425	564
eil76.tsp	53.07	25328425	25328425	553
eil76.tsp	53.41	25328425	25328425	577
eil76.tsp	53.37	25328425	25328425	559
eil76.tsp	63.48	25328425	25328425	572
eil76.tsp	53.46	25328425	25328425	546
gil262.tsp	140.48	25328425	25328425	2981
gil262.tsp	140.34	25328425	25328425	3208
gil262.tsp	140.29	25328425	25328425	2911
gil262.tsp	140.08	25328425	25328425	3029
gil262.tsp	140.17	25328425	25328425	3023
gil262.tsp	139.92	25328425	25328425	3101
gil262.tsp	140.69	25328425	25328425	2987
gil262.tsp	140.14	25328425	25328425	3008
gil262.tsp	140.05	25328425	25328425	3109
gil262.tsp	140.18	25328425	25328425	3057
kroA100.tsp	62.86	25328425	25328425	24209
kroA100.tsp	63.22	25328425	25328425	25578
kroA100.tsp	64.98	25328425	25328425	23646
kroA100.tsp	65.08	25328425	25328425	24219
kroA100.tsp	63.48	25328425	25328425	22604
kroA100.tsp	63.41	25328425	25328425	23485
kroA100.tsp	65.30	25328425	25328425	24201
kroA100.tsp	63.47	25328425	25328425	22717
kroA100.tsp	63.17	25328425	25328425	24423
kroA100.tsp	64.47	25328425	25328425	23460
kroA150.tsp	87.78	25328425	25328425	30086
kroA150.tsp	87.80	25328425	25328425	30538
kroA150.tsp	88.28	25328425	25328425	31309
kroA150.tsp	88.96	25328425	25328425	30412
kroA150.tsp	88.34	25328425	25328425	30234
kroA150.tsp	87.48	25328425	25328425	30790
kroA150.tsp	88.81	25328425	25328425	31945
kroA150.tsp	88.06	25328425	25328425	29921
kroA150.tsp	88.54	25328425	25328425	31376
kroA150.tsp	88.21	25328425	25328425	30370
kroA200.tsp	110.76	25328425	25328425	36634
kroA200.tsp	112.74	25328425	25328425	38777
kroA200.tsp	110.74	25328425	25328425	35563
kroA200.tsp	112.14	25328425	25328425	35120
kroA200.tsp	111.53	25328425	25328425	36039
kroA200.tsp	111.98	25328425	25328425	36777
kroA200.tsp	111.60	25328425	25328425	36521
kroA200.tsp	111.53	25328425	25328425	35823
kroA200.tsp	111.77	25328425	25328425	35111
kroA200.tsp	111.92	25328425	25328425	36640
kroB100.tsp	64.61	25328425	25328425	25262
kroB100.tsp	63.92	25328425	25328425	25886
kroB100.tsp	63.64	25328425	25328425	24208
kroB100.tsp	64.46	25328425	25328425	24582
kroB100.tsp	64.34	25328425	25328425	24558
kroB100.tsp	63.13	25328425	25328425	24003
kroB100.tsp	65.36	25328425	25328425	24129
kroB100.tsp	63.32	25328425	25328425	23659
kroB100.tsp	63.14	25328425	25328425	23505
kroB100.tsp	64.47	25328425	25328425	24494
kroB150.tsp	88.60	25328425	25328425	32184
kroB150.tsp	88.03	25328425	25328425	30401
kroB150.tsp	88.02	25328425	25328425	30328
kroB150.tsp	87.89	25328425	25328425	30724
kroB150.tsp	87.98	25328425	25328425	30062
kroB150.tsp	88.77	25328425	25328425	33013
kroB150.tsp	88.00	25328425	25328425	30140
kroB150.tsp	88.33	25328425	25328425	30750
kroB150.tsp	88.38	25328425	25328425	29560
kroB150.tsp	88.80	25328425	25328425	29832
kroB200.tsp	110.75	25328425	25328425	34541
kroB200.tsp	110.83	25328425	25328425	35431
kroB200.tsp	111.23	25328425	25328425	35356
kroB200.tsp	111.35	25328425	25328425	35524
kroB200.tsp	112.55	25328425	25328425	37028
kroB200.tsp	111.26	25328425	25328425	37482
kroB200.tsp	111.16	25328425	25328425	35665
kroB200.tsp	111.62	25328425	25328425	35800
kroB200.tsp	111.55	25328425	25328425	38114
kroB200.tsp	111.51	25328425	25328425	36183
kroC100.tsp	62.88	25328425	25328425	21917
kroC100.tsp	64.47	25328425	25328425	23329
kroC100.tsp	63.54	25328425	25328425	22540
kroC100.tsp	64.87	25328425	25328425	23386
kroC100.tsp	63.06	25328425	25328425	23159
kroC100.tsp	64.51	25328425	25328425	22211
kroC100.tsp	64.20	25328425	25328425	22720
kroC100.tsp	63.27	25328425	25328425	22873
kroC100.tsp	64.14	25328425	25328425	22734
kroC100.tsp	64.44	25328425	25328425	22884
kroD100.tsp	63.06	25328425	25328425	23371
kroD100.tsp	63.48	25328425	25328425	24565
kroD100.tsp	65.06	25328425	25328425	24401
kroD100.tsp	64.37	25328425	25328425	22910
kroD100.tsp	64.60	25328425	25328425	24997
kroD100.tsp	63.22	25328425	25328425	23118
kroD100.tsp	63.20	25328425	25328425	23957
kroD100.tsp	63.57	25328425	25328425	23424
kroD100.tsp	64.78	25328425	25328425	23761
kroD100.tsp	64.54	25328425	25328425	23911
kroE100.tsp	64.73	25328425	25328425	24393
kroE100.tsp	63.36	25328425	25328425	24526
kroE100.tsp	64.36	25328425	25328425	24823
kroE100.tsp	64.89	25328425	25328425	23808
kroE100.tsp	63.22	25328425	25328425	24056
kroE100.tsp	64.93	25328425	25328425	25269
kroE100.tsp	64.62	25328425	25328425	23749
kroE100.tsp	64.68	25328425	25328425	26420
kroE100.tsp	63.07	25328425	25328425	23079
kroE100.tsp	63.04	25328425	25328425	25092
lin105.tsp	65.28	25328425	25328425	16523
lin105.tsp	65.18	25328425	25328425	16188
lin105.tsp	66.06	25328425	25328425	15772
lin105.tsp	65.26	25328425	25328425	17540
lin105.tsp	66.26	25328425	25328425	16280
lin105.tsp	65.20	25328425	25328425	16143
lin105.tsp	64.94	25328425	25328425	16208
lin105.tsp	65.91	25328425	25328425	17216
lin105.tsp	66.03	25328425	25328425	16756
lin105.tsp	65.04	25328425	25328425	16643
lin318.tsp	165.60	25328425	25328425	55031
lin318.tsp	166.43	25328425	25328425	60609
lin318.tsp	167.30	25328425	25328425	60332
lin318.tsp	165.98	25328425	25328425	60312
lin318.tsp	166.75	25328425	25328425	60812
lin318.tsp	167.18	25328425	25328425	58723
lin318.tsp	165.97	25328425	25328425	62427
lin318.tsp	167.16	25328425	25328425	64492
lin318.tsp	166.97	25328425	25328425	59462
lin318.tsp	167.16	25328425	25328425	58480
linhp318.tsp	166.68	25328425	25328425	60295
linhp318.tsp	166.00	25328425	25328425	68038
linhp318.tsp	167.33	25328425	25328425	61137
linhp318.tsp	166.20	25328425	25328425	57691
linhp318.tsp	166.37	25328425	25328425	60503
linhp318.tsp	167.40	25328425	25328425	64575
linhp318.tsp	166.35	25328425	25328425	64673
linhp318.tsp	166.74	25328425	25328425	60835
linhp318.tsp	166.22	25328425	25328425	61932
linhp318.tsp	166.57	25328425	25328425	62536
pr107.tsp	66.57	25328425	25328425	45052
pr107.tsp	66.88	25328425	25328425	49416
pr107.tsp	66.71	25328425	25328425	44695
pr107.tsp	67.08	25328425	25328425	45468
pr107.tsp	66.87	25328425	25328425	45747
pr107.tsp	66.95	25328425	25328425	44324
pr107.tsp	66.80	25328425	25328425	49313
pr107.tsp	71.53	25328425	25328425	45552
pr107.tsp	66.54	25328425	25328425	61130
pr107.tsp	67.02	25328425	25328425	45452
pr124.tsp	75.02	25328425	25328425	66787
pr124.tsp	74.05	25328425	25328425	66121
pr124.tsp	74.26	25328425	25328425	65445
pr124.tsp	82.89	25328425	25328425	69567
pr124.tsp	74.30	25328425	25328425	64469
pr124.tsp	75.49	25328425	25328425	67874
pr124.tsp	74.85	25328425	25328425	64460
pr124.tsp	74.73	25328425	25328425	67754
pr124.tsp	76.82	25328425	25328425	69628
pr124.tsp	74.17	25328425	25328425	69794
pr136.tsp	81.78	25328425	25328425	118213
pr136.tsp	81.72	25328425	25328425	120266
pr136.tsp	81.50	25328425	25328425	113442
pr136.tsp	81.62	25328425	25328425	105846
pr136.tsp	81.64	25328425	25328425	115798
pr136.tsp	81.81	25328425	25328425	116613
pr136.tsp	81.85	25328425	25328425	118853
pr136.tsp	82.56	25328425	25328425	111775
pr136.tsp	81.61	25328425	25328425	108354
pr136.tsp	81.74	25328425	25328425	115382
pr144.tsp	85.80	25328425	25328425	74873
pr144.tsp	85.60	25328425	25328425	79302
pr144.tsp	85.87	25328425	25328425	75727
pr144.tsp	84.69	25328425	25328425	78753
pr144.tsp	85.63	25328425	25328425	78527
pr144.tsp	85.47	25328425	25328425	76746
pr144.tsp	85.40	25328425	25328425	75738
pr144.tsp	86.19	25328425	25328425	76116
pr144.tsp	84.82	25328425	25328425	84410
pr144.tsp	85.22	25328425	25328425	76242
pr152.tsp	89.51	25328425	25328425	89827
pr152.tsp	89.92	25328425	25328425	106474
pr152.tsp	116.88	25328425	25328425	101264
pr152.tsp	89.44	25328425	25328425	96418
pr152.tsp	89.13	25328425	25328425	93266
pr152.tsp	89.63	25328425	25328425	102453
pr152.tsp	88.69	25328425	25328425	94620
pr152.tsp	88.99	25328425	25328425	79649
pr152.tsp	89.91	25328425	25328425	101603
pr152.tsp	88.39	25328425	25328425	85662
pr226.tsp	123.31	25328425	25328425	133348
pr226.tsp	123.25	25328425	25328425	131825
pr226.tsp	123.46	25328425	25328425	132342
pr226.tsp	135.34	25328425	25328425	123299
pr226.tsp	123.90	25328425	25328425	116568
pr226.tsp	123.66	25328425	25328425	110455
pr226.tsp	124.02	25328425	25328425	132065
pr226.tsp	123.41	25328425	25328425	121947
pr226.tsp	123.65	25328425	25328425	129651
pr226.tsp	123.80	25328425	25328425	119025
pr264.tsp	139.93	25328425	25328425	85711
pr264.tsp	140.04	25328425	25328425	87733
pr264.tsp	140.53	25328425	25328425	86200
pr264.tsp	140.31	25328425	25328425	90003
pr264.tsp	139.67	25328425	25328425	82858
pr264.tsp	139.93	25328425	25328425	73520
pr264.tsp	139.91	25328425	25328425	84663
pr264.tsp	139.91	25328425	25328425	79381
pr264.tsp	139.87	25328425	25328425	103955
pr264.tsp	139.90	25328425	25328425	86879
pr299.tsp	157.17	25328425	25328425	65206
pr299.tsp	157.34	25328425	25328425	67545
pr299.tsp	157.23	25328425	25328425	64168
pr299.tsp	157.02	25328425	25328425	75685
pr299.tsp	157.36	25328425	25328425	60393
pr299.tsp	157.78	25328425	25328425	71111
pr299.tsp	157.75	25328425	25328425	65626
pr299.tsp	158.05	25328425	25328425	73897
pr299.tsp	157.20	25328425	25328425	66603
pr299.tsp	156.90	25328425	25328425	59832
pr439.tsp	228.52	25328425	25328425	182359
pr439.tsp	228.77	25328425	25328425	169614
pr439.tsp	228.61	25328425	25328425	165088
pr439.tsp	228.66	25328425	25328425	183649
pr439.tsp	230.00	25328425	25328425	168504
pr439.tsp	228.56	25328425	25328425	171539
pr439.tsp	229.02	25328425	25328425	193480
pr439.tsp	228.64	25328425	25328425	169356
pr439.tsp	229.06	25328425	25328425	170382
pr439.tsp	229.27	25328425	25328425	173029
pr76.tsp	52.37	25328425	25328425	111414
pr76.tsp	52.60	25328425	25328425	119323
pr76.tsp	53.13	25328425	25328425	114049
pr76.tsp	53.10	25328425	25328425	117213
pr76.tsp	53.24	25328425	25328425	113811
pr76.tsp	53.12	25328425	25328425	112474
pr76.tsp	53.68	25328425	25328425	114847
pr76.tsp	53.52	25328425	25328425	113133
pr76.tsp	52.98	25328425	25328425	120094
pr76.tsp	52.23	25328425	25328425	114346
rat575.tsp	315.67	25328425	25328425	10011
rat575.tsp	315.54	25328425	25328425	10316
rat575.tsp	317.10	25328425	25328425	10186
rat575.tsp	316.03	25328425	25328425	10122
rat575.tsp	315.95	25328425	25328425	10174
rat575.tsp	316.07	25328425	25328425	10124
rat575.tsp	315.75	25328425	25328425	10163
rat575.tsp	316.03	25328425	25328425	10108
rat575.tsp	316.82	25328425	25328425	10216
rat575.tsp	315.59	25328425	25328425	10470
rat783.tsp	446.10	25328425	25328425	15594
rat783.tsp	438.76	25328425	25328425	16001
rat783.tsp	442.91	25328425	25328425	15415
rat783.tsp	440.70	25328425	25328425	15001
rat783.tsp	440.96	25328425	25328425	15451
rat783.tsp	441.67	25328425	25328425	16256
rat783.tsp	441.51	25328425	25328425	15143
rat783.tsp	439.46	25328425	25328425	15970
rat783.tsp	442.02	25328425	25328425	15373
rat783.tsp	441.90	25328425	25328425	15759
rat99.tsp	64.56	25328425	25328425	1318
rat99.tsp	63.98	25328425	25328425	1349
rat99.tsp	64.65	25328425	25328425	1308
rat99.tsp	64.13	25328425	25328425	1356
rat99.tsp	64.19	25328425	25328425	1336
rat99.tsp	64.41	25328425	25328425	1269
rat99.tsp	63.64	25328425	25328425	1346
rat99.tsp	63.43	25328425	25328425	1265
rat99.tsp	64.09	25328425	25328425	1338
rat99.tsp	63.32	25328425	25328425	1422
