a280.tsp	2.21	370220	370220	6364
a280.tsp	2.18	370220	370220	5262
a280.tsp	2.19	370220	370220	5439
a280.tsp	2.21	370220	370220	5905
a280.tsp	2.21	370220	370220	6206
a280.tsp	2.26	370220	370220	5600
a280.tsp	2.20	370220	370220	5654
a280.tsp	2.24	370220	370220	5929
a280.tsp	2.19	370220	370220	5745
a280.tsp	2.22	370220	370220	6119
berlin52.tsp	0.62	370220	370220	8882
berlin52.tsp	0.61	370220	370220	8523
berlin52.tsp	0.61	370220	370220	8059
berlin52.tsp	0.63	370220	370220	8500
berlin52.tsp	0.62	370220	370220	8095
berlin52.tsp	0.62	370220	370220	9068
berlin52.tsp	0.61	370220	370220	8291
berlin52.tsp	0.60	370220	370220	8658
berlin52.tsp	0.61	370220	370220	8401
berlin52.tsp	0.60	370220	370220	8552
bier127.tsp	1.14	370220	370220	151472
bier127.tsp	1.12	370220	370220	151277
bier127.tsp	1.12	370220	370220	166179
bier127.tsp	1.14	370220	370220	167491
bier127.tsp	1.13	370220	370220	151815
bier127.tsp	1.17	370220	370220	157204
bier127.tsp	1.16	370220	370220	169583
bier127.tsp	1.18	370220	370220	165405
bier127.tsp	1.16	370220	370220	158799
bier127.tsp	1.15	370220	370220	172294
eil101.tsp	0.95	370220	370220	795
eil101.tsp	0.95	370220	370220	781
eil101.tsp	0.94	370220	370220	785
eil101.tsp	0.94	370220	370220	804
eil101.tsp	0.94	370220	370220	757
eil101.tsp	0.98	370220	370220	772
eil101.tsp	0.93	370220	370220	813
eil101.tsp	0.98	370220	370220	823
eil101.tsp	0.94	370220	370220	812
eil101.tsp	0.95	370220	370220	789
eil51.tsp	0.61	370220	370220	458
eil51.tsp	0.61	370220	370220	470
eil51.tsp	0.60	370220	370220	468
eil51.tsp	0.62	370220	370220	438
eil51.tsp	0.55	370220	370220	475
eil51.tsp	0.62	370220	370220	466
eil51.tsp	0.62	370220	370220	478
eil51.tsp	0.61	370220	370220	440
eil51.tsp	0.64	370220	370220	478
eil51.tsp	0.62	370220	370220	448
eil76.tsp	0.78	370220	370220	600
eil76.tsp	0.78	370220	370220	632
eil76.tsp	0.78	370220	370220	617
eil76.tsp	0.78	370220	370220	620
eil76.tsp	0.78	370220	370220	641
eil76.tsp	0.78	370220	370220	597
eil76.tsp	0.79	370220	370220	605
eil76.tsp	0.78	370220	370220	596
eil76.tsp	0.78	370220	370220	616
eil76.tsp	0.78	370220	370220	603
gil262.tsp	2.05	370220	370220	4639
gil262.tsp	2.04	370220	370220	5190
gil262.tsp	2.10	370220	370220	4513
gil262.tsp	2.11	370220	370220	4979
gil262.tsp	2.05	370220	370220	4676
gil262.tsp	2.05	370220	370220	4444
gil262.tsp	2.05	370220	370220	4682
gil262.tsp	2.12	370220	370220	4571
gil262.tsp	2.06	370220	370220	4888
gil262.tsp	2.06	370220	370220	5424
kroA100.tsp	0.94	370220	370220	30324
kroA100.tsp	0.94	370220	370220	33276
kroA100.tsp	0.92	370220	370220	31798
kroA100.tsp	0.92	370220	370220	32126
kroA100.tsp	0.92	370220	370220	28590
kroA100.tsp	0.92	370220	370220	31905
kroA100.tsp	0.92	370220	370220	30048
kroA100.tsp	0.93	370220	370220	35486
kroA100.tsp	0.94	370220	370220	31174
kroA100.tsp	0.94	370220	370220	28770
kroA150.tsp	1.28	370220	370220	43804
kroA150.tsp	1.33	370220	370220	47721
kroA150.tsp	1.28	370220	370220	45152
kroA150.tsp	1.29	370220	370220	44438
kroA150.tsp	1.29	370220	370220	38753
kroA150.tsp	1.29	370220	370220	47380
kroA150.tsp	1.28	370220	370220	42296
kroA150.tsp	1.29	370220	370220	45754
kroA150.tsp	1.29	370220	370220	49973
kroA150.tsp	1.28	370220	370220	45345
kroA200.tsp	1.63	370220	370220	59162
kroA200.tsp	1.64	370220	370220	58301
kroA200.tsp	1.63	370220	370220	53396
kroA200.tsp	1.64	370220	370220	66430
kroA200.tsp	1.64	370220	370220	52467
kroA200.tsp	1.63	370220	370220	58514
kroA200.tsp	1.65	370220	370220	60447
kroA200.tsp	1.63	370220	370220	55809
kroA200.tsp	1.68	370220	370220	59266
kroA200.tsp	1.63	370220	370220	59929
kroB100.tsp	0.94	370220	370220	32814
kroB100.tsp	0.94	370220	370220	32754
kroB100.tsp	0.94	370220	370220	36593
kroB100.tsp	0.93	370220	370220	31958
kroB100.tsp	0.94	370220	370220	30894
kroB100.tsp	0.92	370220	370220	32112
kroB100.tsp	0.92	370220	370220	38651
kroB100.tsp	0.95	370220	370220	31578
kroB100.tsp	0.94	370220	370220	29898
kroB100.tsp	0.92	370220	370220	31485
kroB150.tsp	1.30	370220	370220	41708
kroB150.tsp	1.30	370220	370220	43915
kroB150.tsp	1.30	370220	370220	48088
kroB150.tsp	1.30	370220	370220	49362
kroB150.tsp	1.31	370220	370220	47539
kroB150.tsp	1.29	370220	370220	43241
kroB150.tsp	1.29	370220	370220	46192
kroB150.tsp	1.28	370220	370220	42836
kroB150.tsp	1.29	370220	370220	43727
kroB150.tsp	1.29	370220	370220	44687
kroB200.tsp	1.65	370220	370220	55651
kroB200.tsp	1.84	370220	370220	58321
kroB200.tsp	1.65	370220	370220	51073
kroB200.tsp	1.63	370220	370220	53438
kroB200.tsp	1.63	370220	370220	56173
kroB200.tsp	1.63	370220	370220	54857
kroB200.tsp	1.64	370220	370220	52018
kroB200.tsp	1.65	370220	370220	52898
kroB200.tsp	1.64	370220	370220	52048
kroB200.tsp	1.70	370220	370220	55290
kroC100.tsp	0.93	370220	370220	29708
kroC100.tsp	0.92	370220	370220	30301
kroC100.tsp	0.94	370220	370220	34718
kroC100.tsp	0.92	370220	370220	31560
kroC100.tsp	0.92	370220	370220	29524
kroC100.tsp	0.94	370220	370220	35736
kroC100.tsp	0.95	370220	370220	31297
kroC100.tsp	0.95	370220	370220	29812
kroC100.tsp	0.99	370220	370220	30210
kroC100.tsp	0.94	370220	370220	36492
kroD100.tsp	0.94	370220	370220	31200
kroD100.tsp	0.94	370220	370220	31975
kroD100.tsp	0.92	370220	370220	32891
kroD100.tsp	0.94	370220	370220	29886
kroD100.tsp	0.93	370220	370220	35362
kroD100.tsp	0.93	370220	370220	31452
kroD100.tsp	0.94	370220	370220	30356
kroD100.tsp	0.92	370220	370220	33661
kroD100.tsp	0.92	370220	370220	31948
kroD100.tsp	0.96	370220	370220	31516
kroE100.tsp	0.93	370220	370220	29795
kroE100.tsp	0.94	370220	370220	34521
kroE100.tsp	0.93	370220	370220	34012
kroE100.tsp	0.95	370220	370220	31059
kroE100.tsp	0.96	370220	370220	41494
kroE100.tsp	0.95	370220	370220	30419
kroE100.tsp	0.68	370220	370220	33070
kroE100.tsp	0.94	370220	370220	28217
kroE100.tsp	0.97	370220	370220	33165
kroE100.tsp	0.94	370220	370220	33225
lin105.tsp	0.95	370220	370220	22676
lin105.tsp	0.96	370220	370220	21432
lin105.tsp	0.97	370220	370220	24336
lin105.tsp	0.96	370220	370220	22566
lin105.tsp	0.97	370220	370220	24210
lin105.tsp	0.96	370220	370220	24484
lin105.tsp	0.96	370220	370220	21606
lin105.tsp	0.96	370220	370220	21207
lin105.tsp	0.96	370220	370220	21091
lin105.tsp	0.96	370220	370220	18729
lin318.tsp	2.45	370220	370220	112007
lin318.tsp	2.44	370220	370220	106874
lin318.tsp	2.44	370220	370220	109523
lin318.tsp	2.45	370220	370220	97906
lin318.tsp	2.45	370220	370220	94169
lin318.tsp	2.45	370220	370220	98142
lin318.tsp	2.44	370220	370220	109446
lin318.tsp	2.45	370220	370220	103489
lin318.tsp	2.46	370220	370220	100439
lin318.tsp	2.47	370220	370220	99246
linhp318.tsp	2.44	370220	370220	109299
linhp318.tsp	2.45	370220	370220	99526
linhp318.tsp	2.45	370220	370220	98737
linhp318.tsp	2.44	370220	370220	111118
linhp318.tsp	2.44	370220	370220	105400
linhp318.tsp	2.45	370220	370220	102951
linhp318.tsp	2.45	370220	370220	106175
linhp318.tsp	2.45	370220	370220	101999
linhp318.tsp	2.44	370220	370220	105728
linhp318.tsp	2.45	370220	370220	114179
pr107.tsp	0.97	370220	370220	83536
pr107.tsp	0.99	370220	370220	83917
pr107.tsp	0.98	370220	370220	90067
pr107.tsp	0.96	370220	370220	84962
pr107.tsp	0.97	370220	370220	93743
pr107.tsp	0.98	370220	370220	87359
pr107.tsp	0.98	370220	370220	71654
pr107.tsp	0.98	370220	370220	71681
pr107.tsp	0.98	370220	370220	77993
pr107.tsp	0.98	370220	370220	105092
pr124.tsp	1.13	370220	370220	106579
pr124.tsp	1.11	370220	370220	105330
pr124.tsp	1.10	370220	370220	122025
pr124.tsp	1.10	370220	370220	113670
pr124.tsp	1.09	370220	370220	116843
pr124.tsp	1.09	370220	370220	107706
pr124.tsp	1.09	370220	370220	94494
pr124.tsp	1.11	370220	370220	105776
pr124.tsp	1.09	370220	370220	90010
pr124.tsp	1.14	370220	370220	118185
pr136.tsp	1.20	370220	370220	151478
pr136.tsp	1.20	370220	370220	153279
pr136.tsp	1.26	370220	370220	156173
pr136.tsp	1.20	370220	370220	151739
pr136.tsp	1.18	370220	370220	147292
pr136.tsp	1.19	370220	370220	146533
pr136.tsp	1.20	370220	370220	163441
pr136.tsp	1.18	370220	370220	150174
pr136.tsp	1.18	370220	370220	178555
pr136.tsp	1.20	370220	370220	145508
pr144.tsp	1.24	370220	370220	125413
pr144.tsp	1.24	370220	370220	122748
pr144.tsp	1.25	370220	370220	146420
pr144.tsp	1.24	370220	370220	131718
pr144.tsp	1.25	370220	370220	140038
pr144.tsp	1.26	370220	370220	142947
pr144.tsp	1.24	370220	370220	140713
pr144.tsp	1.24	370220	370220	115487
pr144.tsp	1.25	370220	370220	144680
pr144.tsp	1.24	370220	370220	132380
pr152.tsp	1.30	370220	370220	176264
pr152.tsp	1.30	370220	370220	201450
pr152.tsp	1.30	370220	370220	187223
pr152.tsp	1.31	370220	370220	164304
pr152.tsp	1.30	370220	370220	188141
pr152.tsp	1.30	370220	370220	172714
pr152.tsp	1.30	370220	370220	174709
pr152.tsp	1.30	370220	370220	182648
pr152.tsp	1.31	370220	370220	168816
pr152.tsp	1.29	370220	370220	173274
pr226.tsp	1.82	370220	370220	266892
pr226.tsp	1.81	370220	370220	267202
pr226.tsp	1.82	370220	370220	227998
pr226.tsp	1.80	370220	370220	224453
pr226.tsp	1.83	370220	370220	293778
pr226.tsp	1.80	370220	370220	271670
pr226.tsp	1.92	370220	370220	263399
pr226.tsp	1.81	370220	370220	272784
pr226.tsp	1.83	370220	370220	280429
pr226.tsp	1.81	370220	370220	260213
pr264.tsp	2.05	370220	370220	172851
pr264.tsp	2.05	370220	370220	171849
pr264.tsp	2.06	370220	370220	187665
pr264.tsp	2.05	370220	370220	159718
pr264.tsp	2.05	370220	370220	149753
pr264.tsp	2.06	370220	370220	171450
pr264.tsp	2.06	370220	370220	185186
pr264.tsp	2.05	370220	370220	176096
pr264.tsp	2.05	370220	370220	151063
pr264.tsp	2.07	370220	370220	150289
pr299.tsp	2.31	370220	370220	116053
pr299.tsp	2.31	370220	370220	112535
pr299.tsp	2.31	370220	370220	144745
pr299.tsp	2.31	370220	370220	127338
pr299.tsp	2.32	370220	370220	112525
pr299.tsp	2.31	370220	370220	124327
pr299.tsp	2.88	370220	370220	129216
pr299.tsp	2.32	370220	370220	116985
pr299.tsp	2.31	370220	370220	132200
pr299.tsp	2.31	370220	370220	125033
pr439.tsp	3.37	370220	370220	300742
pr439.tsp	3.42	370220	370220	348786
pr439.tsp	3.36	370220	370220	319865
pr439.tsp	3.36	370220	370220	362576
pr439.tsp	3.36	370220	370220	340033
pr439.tsp	3.37	370220	370220	345097
pr439.tsp	3.39	370220	370220	331076
pr439.tsp	3.37	370220	370220	339771
pr439.tsp	3.37	370220	370220	324723
pr439.tsp	3.37	370220	370220	331987
pr76.tsp	0.76	370220	370220	146629
pr76.tsp	0.77	370220	370220	133037
pr76.tsp	0.76	370220	370220	143323
pr76.tsp	0.76	370220	370220	141582
pr76.tsp	0.76	370220	370220	143543
pr76.tsp	0.77	370220	370220	146633
pr76.tsp	0.78	370220	370220	136188
pr76.tsp	0.76	370220	370220	144353
pr76.tsp	0.77	370220	370220	141630
pr76.tsp	0.78	370220	370220	141290
rat575.tsp	4.64	370220	370220	19552
rat575.tsp	4.66	370220	370220	19181
rat575.tsp	4.61	370220	370220	19904
rat575.tsp	4.61	370220	370220	19945
rat575.tsp	4.62	370220	370220	21422
rat575.tsp	4.61	370220	370220	21171
rat575.tsp	4.61	370220	370220	19427
rat575.tsp	4.59	370220	370220	19391
rat575.tsp	4.63	370220	370220	20602
rat575.tsp	4.61	370220	370220	20233
rat783.tsp	6.57	370220	370220	32996
rat783.tsp	6.50	370220	370220	34274
rat783.tsp	6.43	370220	370220	33572
rat783.tsp	6.49	370220	370220	34224
rat783.tsp	6.48	370220	370220	34418
rat783.tsp	6.50	370220	370220	33227
rat783.tsp	6.43	370220	370220	34839
rat783.tsp	6.50	370220	370220	33975
rat783.tsp	6.46	370220	370220	32289
rat783.tsp	6.44	370220	370220	35509
rat99.tsp	0.93	370220	370220	1575
rat99.tsp	0.94	370220	370220	1588
rat99.tsp	0.93	370220	370220	1623
rat99.tsp	0.93	370220	370220	1709
rat99.tsp	0.93	370220	370220	1536
rat99.tsp	0.94	370220	370220	1732
rat99.tsp	0.93	370220	370220	1549
rat99.tsp	0.93	370220	370220	1733
rat99.tsp	0.94	370220	370220	1706
rat99.tsp	0.93	370220	370220	1586
