a280.tsp	3.03	510204	510204	5512
a280.tsp	3.01	510204	510204	5938
a280.tsp	3.02	510204	510204	5364
a280.tsp	3.01	510204	510204	5567
a280.tsp	3.01	510204	510204	5614
a280.tsp	3.02	510204	510204	4900
a280.tsp	3.03	510204	510204	5043
a280.tsp	3.01	510204	510204	5452
a280.tsp	3.01	510204	510204	5253
a280.tsp	3.02	510204	510204	5749
berlin52.tsp	0.85	510204	510204	8374
berlin52.tsp	0.84	510204	510204	8295
berlin52.tsp	0.83	510204	510204	9187
berlin52.tsp	0.84	510204	510204	8244
berlin52.tsp	0.85	510204	510204	8470
berlin52.tsp	0.83	510204	510204	8824
berlin52.tsp	0.84	510204	510204	8464
berlin52.tsp	0.84	510204	510204	8976
berlin52.tsp	0.86	510204	510204	9483
berlin52.tsp	0.84	510204	510204	8003
bier127.tsp	1.56	510204	510204	168519
bier127.tsp	1.57	510204	510204	155525
bier127.tsp	1.55	510204	510204	157146
bier127.tsp	1.57	510204	510204	151946
bier127.tsp	1.56	510204	510204	165939
bier127.tsp	1.56	510204	510204	164596
bier127.tsp	1.56	510204	510204	162791
bier127.tsp	1.57	510204	510204	158543
bier127.tsp	1.56	510204	510204	158681
bier127.tsp	1.56	510204	510204	151637
eil101.tsp	1.31	510204	510204	786
eil101.tsp	1.31	510204	510204	758
eil101.tsp	1.30	510204	510204	727
eil101.tsp	1.31	510204	510204	771
eil101.tsp	1.30	510204	510204	763
eil101.tsp	1.31	510204	510204	756
eil101.tsp	1.31	510204	510204	837
eil101.tsp	1.30	510204	510204	804
eil101.tsp	1.30	510204	510204	806
eil101.tsp	1.32	510204	510204	745
eil51.tsp	0.84	510204	510204	455
eil51.tsp	0.85	510204	510204	462
eil51.tsp	0.84	510204	510204	442
eil51.tsp	0.84	510204	510204	432
eil51.tsp	0.85	510204	510204	445
eil51.tsp	0.83	510204	510204	477
eil51.tsp	0.83	510204	510204	486
eil51.tsp	0.84	510204	510204	459
eil51.tsp	0.85	510204	510204	467
eil51.tsp	0.93	510204	510204	490
eil76.tsp	1.07	510204	510204	626
eil76.tsp	1.08	510204	510204	602
eil76.tsp	1.07	510204	510204	659
eil76.tsp	1.07	510204	510204	634
eil76.tsp	1.08	510204	510204	625
eil76.tsp	1.07	510204	510204	695
eil76.tsp	1.07	510204	510204	634
eil76.tsp	1.08	510204	510204	634
eil76.tsp	1.07	510204	510204	611
eil76.tsp	1.07	510204	510204	617
gil262.tsp	2.84	510204	510204	4784
gil262.tsp	2.83	510204	510204	4832
gil262.tsp	2.82	510204	510204	4996
gil262.tsp	2.82	510204	510204	4383
gil262.tsp	2.84	510204	510204	4697
gil262.tsp	2.83	510204	510204	4846
gil262.tsp	2.83	510204	510204	4752
gil262.tsp	2.83	510204	510204	4407
gil262.tsp	2.83	510204	510204	4723
gil262.tsp	2.82	510204	510204	4623
kroA100.tsp	1.29	510204	510204	29537
kroA100.tsp	1.28	510204	510204	29005
kroA100.tsp	1.45	510204	510204	31721
kroA100.tsp	1.30	510204	510204	32515
kroA100.tsp	1.31	510204	510204	33726
kroA100.tsp	1.28	510204	510204	29541
kroA100.tsp	1.27	510204	510204	29901
kroA100.tsp	1.30	510204	510204	28234
kroA100.tsp	1.28	510204	510204	30461
kroA100.tsp	1.27	510204	510204	31206
kroA150.tsp	1.77	510204	510204	43115
kroA150.tsp	1.78	510204	510204	43257
kroA150.tsp	1.78	510204	510204	43860
kroA150.tsp	1.77	510204	510204	45328
kroA150.tsp	1.78	510204	510204	45236
kroA150.tsp	1.78	510204	510204	47562
kroA150.tsp	1.77	510204	510204	44690
kroA150.tsp	1.78	510204	510204	46942
kroA150.tsp	1.78	510204	510204	43975
kroA150.tsp	1.78	510204	510204	44962
kroA200.tsp	2.23	510204	510204	58990
kroA200.tsp	2.24	510204	510204	55019
kroA200.tsp	2.24	510204	510204	54192
kroA200.tsp	2.26	510204	510204	56358
kroA200.tsp	2.24	510204	510204	52385
kroA200.tsp	2.28	510204	510204	64361
kroA200.tsp	2.24	510204	510204	54586
kroA200.tsp	2.25	510204	510204	52407
kroA200.tsp	2.25	510204	510204	59398
kroA200.tsp	2.24	510204	510204	51848
kroB100.tsp	1.28	510204	510204	34471
kroB100.tsp	1.28	510204	510204	31409
kroB100.tsp	1.28	510204	510204	33625
kroB100.tsp	1.27	510204	510204	32974
kroB100.tsp	1.29	510204	510204	32980
kroB100.tsp	1.29	510204	510204	28677
kroB100.tsp	1.29	510204	510204	30470
kroB100.tsp	1.65	510204	510204	34147
kroB100.tsp	1.29	510204	510204	29448
kroB100.tsp	1.31	510204	510204	28463
kroB150.tsp	1.78	510204	510204	47627
kroB150.tsp	1.77	510204	510204	44205
kroB150.tsp	1.76	510204	510204	42763
kroB150.tsp	1.78	510204	510204	44474
kroB150.tsp	1.76	510204	510204	43982
kroB150.tsp	1.79	510204	510204	43661
kroB150.tsp	1.78	510204	510204	40884
kroB150.tsp	1.77	510204	510204	43362
kroB150.tsp	1.77	510204	510204	41889
kroB150.tsp	1.77	510204	510204	45443
kroB200.tsp	2.24	510204	510204	53020
kroB200.tsp	2.23	510204	510204	51174
kroB200.tsp	2.24	510204	510204	64026
kroB200.tsp	2.24	510204	510204	55628
kroB200.tsp	2.25	510204	510204	54657
kroB200.tsp	2.25	510204	510204	50435
kroB200.tsp	2.25	510204	510204	55778
kroB200.tsp	2.24	510204	510204	48793
kroB200.tsp	2.25	510204	510204	63579
kroB200.tsp	2.25	510204	510204	51632
kroC100.tsp	1.30	510204	510204	28409
kroC100.tsp	1.29	510204	510204	30104
kroC100.tsp	1.30	510204	510204	30077
kroC100.tsp	1.28	510204	510204	31400
kroC100.tsp	1.28	510204	510204	30493
kroC100.tsp	1.26	510204	510204	28540
kroC100.tsp	1.30	510204	510204	29156
kroC100.tsp	1.27	510204	510204	29895
kroC100.tsp	1.28	510204	510204	30735
kroC100.tsp	1.27	510204	510204	27685
kroD100.tsp	1.29	510204	510204	28376
kroD100.tsp	1.26	510204	510204	33993
kroD100.tsp	1.27	510204	510204	33979
kroD100.tsp	1.29	510204	510204	29581
kroD100.tsp	1.28	510204	510204	28955
kroD100.tsp	1.28	510204	510204	28777
kroD100.tsp	1.30	510204	510204	29446
kroD100.tsp	1.26	510204	510204	32559
kroD100.tsp	1.30	510204	510204	31392
kroD100.tsp	1.30	510204	510204	31539
kroE100.tsp	1.29	510204	510204	30751
kroE100.tsp	1.31	510204	510204	34648
kroE100.tsp	1.30	510204	510204	30766
kroE100.tsp	1.28	510204	510204	32310
kroE100.tsp	1.27	510204	510204	33213
kroE100.tsp	1.29	510204	510204	31338
kroE100.tsp	1.28	510204	510204	31446
kroE100.tsp	1.28	510204	510204	32606
kroE100.tsp	1.27	510204	510204	33202
kroE100.tsp	1.30	510204	510204	29663
lin105.tsp	1.32	510204	510204	21425
lin105.tsp	1.32	510204	510204	19576
lin105.tsp	1.33	510204	510204	21081
lin105.tsp	1.32	510204	510204	21895
lin105.tsp	1.32	510204	510204	22471
lin105.tsp	1.33	510204	510204	24015
lin105.tsp	1.30	510204	510204	19104
lin105.tsp	1.32	510204	510204	21967
lin105.tsp	1.31	510204	510204	22872
lin105.tsp	1.33	510204	510204	18525
lin318.tsp	3.36	510204	510204	105508
lin318.tsp	3.37	510204	510204	100125
lin318.tsp	3.37	510204	510204	94249
lin318.tsp	3.35	510204	510204	101790
lin318.tsp	3.36	510204	510204	105303
lin318.tsp	3.37	510204	510204	98701
lin318.tsp	3.37	510204	510204	99389
lin318.tsp	3.36	510204	510204	101769
lin318.tsp	3.36	510204	510204	105135
lin318.tsp	3.38	510204	510204	104096
linhp318.tsp	3.36	510204	510204	94867
linhp318.tsp	3.37	510204	510204	101428
linhp318.tsp	3.36	510204	510204	101860
linhp318.tsp	3.37	510204	510204	92525
linhp318.tsp	3.36	510204	510204	98650
linhp318.tsp	3.37	510204	510204	103300
linhp318.tsp	3.36	510204	510204	102070
linhp318.tsp	3.36	510204	510204	97305
linhp318.tsp	3.36	510204	510204	94311
linhp318.tsp	3.36	510204	510204	110512
pr107.tsp	1.61	510204	510204	80932
pr107.tsp	1.35	510204	510204	86273
pr107.tsp	1.34	510204	510204	93864
pr107.tsp	1.35	510204	510204	81376
pr107.tsp	1.34	510204	510204	54109
pr107.tsp	1.35	510204	510204	98357
pr107.tsp	1.34	510204	510204	84590
pr107.tsp	1.34	510204	510204	67950
pr107.tsp	1.34	510204	510204	84339
pr107.tsp	1.36	510204	510204	87277
pr124.tsp	1.50	510204	510204	100653
pr124.tsp	1.51	510204	510204	104985
pr124.tsp	1.50	510204	510204	97012
pr124.tsp	1.52	510204	510204	94351
pr124.tsp	1.50	510204	510204	102330
pr124.tsp	1.51	510204	510204	102456
pr124.tsp	1.51	510204	510204	108446
pr124.tsp	1.50	510204	510204	95137
pr124.tsp	1.50	510204	510204	83203
pr124.tsp	1.50	510204	510204	106991
pr136.tsp	1.65	510204	510204	157997
pr136.tsp	1.63	510204	510204	159652
pr136.tsp	1.65	510204	510204	148980
pr136.tsp	1.64	510204	510204	143597
pr136.tsp	1.63	510204	510204	150567
pr136.tsp	1.64	510204	510204	139963
pr136.tsp	1.65	510204	510204	174715
pr136.tsp	1.65	510204	510204	152225
pr136.tsp	1.63	510204	510204	158545
pr136.tsp	1.65	510204	510204	138711
pr144.tsp	1.71	510204	510204	127290
pr144.tsp	1.72	510204	510204	115075
pr144.tsp	1.71	510204	510204	125123
pr144.tsp	1.71	510204	510204	123048
pr144.tsp	2.07	510204	510204	129181
pr144.tsp	1.70	510204	510204	124855
pr144.tsp	1.71	510204	510204	120036
pr144.tsp	1.71	510204	510204	123043
pr144.tsp	1.72	510204	510204	134621
pr144.tsp	1.87	510204	510204	129543
pr152.tsp	1.79	510204	510204	156753
pr152.tsp	1.79	510204	510204	177995
pr152.tsp	1.80	510204	510204	164905
pr152.tsp	1.79	510204	510204	157867
pr152.tsp	1.80	510204	510204	174678
pr152.tsp	1.81	510204	510204	166081
pr152.tsp	1.79	510204	510204	169272
pr152.tsp	1.78	510204	510204	160874
pr152.tsp	1.78	510204	510204	141331
pr152.tsp	1.79	510204	510204	153913
pr226.tsp	2.48	510204	510204	235417
pr226.tsp	2.50	510204	510204	244678
pr226.tsp	2.50	510204	510204	268623
pr226.tsp	2.49	510204	510204	256684
pr226.tsp	2.48	510204	510204	255433
pr226.tsp	2.49	510204	510204	269880
pr226.tsp	2.48	510204	510204	259208
pr226.tsp	2.49	510204	510204	235686
pr226.tsp	2.49	510204	510204	257308
pr226.tsp	2.50	510204	510204	223914
pr264.tsp	2.82	510204	510204	161712
pr264.tsp	2.82	510204	510204	156007
pr264.tsp	2.84	510204	510204	160456
pr264.tsp	2.83	510204	510204	175595
pr264.tsp	2.83	510204	510204	142452
pr264.tsp	2.82	510204	510204	154234
pr264.tsp	2.82	510204	510204	173591
pr264.tsp	2.83	510204	510204	141623
pr264.tsp	2.82	510204	510204	168699
pr264.tsp	2.83	510204	510204	160162
pr299.tsp	3.17	510204	510204	115670
pr299.tsp	3.17	510204	510204	100315
pr299.tsp	3.18	510204	510204	113682
pr299.tsp	3.18	510204	510204	115082
pr299.tsp	3.16	510204	510204	108531
pr299.tsp	3.17	510204	510204	114805
pr299.tsp	3.18	510204	510204	114700
pr299.tsp	3.17	510204	510204	109345
pr299.tsp	3.18	510204	510204	117300
pr299.tsp	3.18	510204	510204	114029
pr439.tsp	4.63	510204	510204	338652
pr439.tsp	4.60	510204	510204	304604
pr439.tsp	4.60	510204	510204	322952
pr439.tsp	4.62	510204	510204	304001
pr439.tsp	4.63	510204	510204	331483
pr439.tsp	4.61	510204	510204	340268
pr439.tsp	4.60	510204	510204	348327
pr439.tsp	4.61	510204	510204	302284
pr439.tsp	4.59	510204	510204	315251
pr439.tsp	4.61	510204	510204	327281
pr76.tsp	1.06	510204	510204	142178
pr76.tsp	1.06	510204	510204	135875
pr76.tsp	1.05	510204	510204	139491
pr76.tsp	1.38	510204	510204	126730
pr76.tsp	1.07	510204	510204	135654
pr76.tsp	1.07	510204	510204	129931
pr76.tsp	1.05	510204	510204	139469
pr76.tsp	1.08	510204	510204	127811
pr76.tsp	1.08	510204	510204	125587
pr76.tsp	1.07	510204	510204	129829
rat575.tsp	6.40	510204	510204	19206
rat575.tsp	6.35	510204	510204	17554
rat575.tsp	6.35	510204	510204	18749
rat575.tsp	6.35	510204	510204	16856
rat575.tsp	6.36	510204	510204	19220
rat575.tsp	6.36	510204	510204	17727
rat575.tsp	6.34	510204	510204	19880
rat575.tsp	6.37	510204	510204	19474
rat575.tsp	6.34	510204	510204	18815
rat575.tsp	6.36	510204	510204	18096
rat783.tsp	9.01	510204	510204	31372
rat783.tsp	8.86	510204	510204	31922
rat783.tsp	8.86	510204	510204	32866
rat783.tsp	8.89	510204	510204	30316
rat783.tsp	8.88	510204	510204	30763
rat783.tsp	11.71	510204	510204	33661
rat783.tsp	8.86	510204	510204	29498
rat783.tsp	8.86	510204	510204	32019
rat783.tsp	8.84	510204	510204	31055
rat783.tsp	8.84	510204	510204	31041
rat99.tsp	1.30	510204	510204	1679
rat99.tsp	1.28	510204	510204	1666
rat99.tsp	1.28	510204	510204	1616
rat99.tsp	1.29	510204	510204	1558
rat99.tsp	1.29	510204	510204	1618
rat99.tsp	1.28	510204	510204	1588
rat99.tsp	1.28	510204	510204	1522
rat99.tsp	1.28	510204	510204	1542
rat99.tsp	1.27	510204	510204	1662
rat99.tsp	1.27	510204	510204	1611
