a280.tsp	7.48	1266411	1266411	5023
a280.tsp	7.46	1266411	1266411	4971
a280.tsp	7.46	1266411	1266411	4889
a280.tsp	7.48	1266411	1266411	4560
a280.tsp	7.48	1266411	1266411	4977
a280.tsp	7.47	1266411	1266411	4698
a280.tsp	7.47	1266411	1266411	5172
a280.tsp	7.51	1266411	1266411	4940
a280.tsp	7.47	1266411	1266411	4908
a280.tsp	7.45	1266411	1266411	5028
berlin52.tsp	2.10	1266411	1266411	8011
berlin52.tsp	2.09	1266411	1266411	7939
berlin52.tsp	2.07	1266411	1266411	8393
berlin52.tsp	2.12	1266411	1266411	8444
berlin52.tsp	2.11	1266411	1266411	8607
berlin52.tsp	2.10	1266411	1266411	8360
berlin52.tsp	2.09	1266411	1266411	8063
berlin52.tsp	2.09	1266411	1266411	8127
berlin52.tsp	2.12	1266411	1266411	8354
berlin52.tsp	2.09	1266411	1266411	7976
bier127.tsp	3.87	1266411	1266411	147607
bier127.tsp	3.89	1266411	1266411	143200
bier127.tsp	3.90	1266411	1266411	149266
bier127.tsp	3.88	1266411	1266411	150290
bier127.tsp	3.88	1266411	1266411	154553
bier127.tsp	3.89	1266411	1266411	147289
bier127.tsp	3.86	1266411	1266411	161973
bier127.tsp	3.88	1266411	1266411	142713
bier127.tsp	3.87	1266411	1266411	143035
bier127.tsp	3.85	1266411	1266411	155607
eil101.tsp	3.28	1266411	1266411	707
eil101.tsp	3.26	1266411	1266411	702
eil101.tsp	3.22	1266411	1266411	741
eil101.tsp	3.26	1266411	1266411	727
eil101.tsp	3.27	1266411	1266411	718
eil101.tsp	3.25	1266411	1266411	697
eil101.tsp	3.25	1266411	1266411	747
eil101.tsp	3.24	1266411	1266411	700
eil101.tsp	3.24	1266411	1266411	706
eil101.tsp	3.24	1266411	1266411	731
eil51.tsp	2.12	1266411	1266411	466
eil51.tsp	2.08	1266411	1266411	476
eil51.tsp	2.12	1266411	1266411	441
eil51.tsp	2.06	1266411	1266411	440
eil51.tsp	2.12	1266411	1266411	467
eil51.tsp	2.12	1266411	1266411	438
eil51.tsp	2.09	1266411	1266411	457
eil51.tsp	2.06	1266411	1266411	430
eil51.tsp	2.11	1266411	1266411	465
eil51.tsp	2.10	1266411	1266411	446
eil76.tsp	3.16	1266411	1266411	578
eil76.tsp	2.66	1266411	1266411	604
eil76.tsp	2.69	1266411	1266411	596
eil76.tsp	2.66	1266411	1266411	582
eil76.tsp	2.66	1266411	1266411	598
eil76.tsp	2.67	1266411	1266411	590
eil76.tsp	2.67	1266411	1266411	581
eil76.tsp	2.66	1266411	1266411	609
eil76.tsp	2.68	1266411	1266411	628
eil76.tsp	2.65	1266411	1266411	598
gil262.tsp	7.04	1266411	1266411	4226
gil262.tsp	7.01	1266411	1266411	3827
gil262.tsp	7.01	1266411	1266411	4325
gil262.tsp	7.03	1266411	1266411	4074
gil262.tsp	7.01	1266411	1266411	4348
gil262.tsp	7.02	1266411	1266411	4354
gil262.tsp	7.00	1266411	1266411	4365
gil262.tsp	7.03	1266411	1266411	4312
gil262.tsp	7.00	1266411	1266411	3913
gil262.tsp	7.02	1266411	1266411	4157
kroA100.tsp	3.15	1266411	1266411	28019
kroA100.tsp	3.24	1266411	1266411	28087
kroA100.tsp	3.18	1266411	1266411	26039
kroA100.tsp	3.25	1266411	1266411	26072
kroA100.tsp	3.15	1266411	1266411	27348
kroA100.tsp	3.21	1266411	1266411	27642
kroA100.tsp	3.24	1266411	1266411	28421
kroA100.tsp	3.15	1266411	1266411	27124
kroA100.tsp	3.16	1266411	1266411	30948
kroA100.tsp	3.21	1266411	1266411	27590
kroA150.tsp	4.41	1266411	1266411	40719
kroA150.tsp	4.38	1266411	1266411	38485
kroA150.tsp	4.37	1266411	1266411	40516
kroA150.tsp	4.41	1266411	1266411	39544
kroA150.tsp	4.44	1266411	1266411	43134
kroA150.tsp	4.38	1266411	1266411	40287
kroA150.tsp	4.39	1266411	1266411	42418
kroA150.tsp	4.38	1266411	1266411	38003
kroA150.tsp	4.40	1266411	1266411	43132
kroA150.tsp	4.43	1266411	1266411	38926
kroA200.tsp	5.59	1266411	1266411	52363
kroA200.tsp	5.61	1266411	1266411	49009
kroA200.tsp	5.61	1266411	1266411	50178
kroA200.tsp	5.56	1266411	1266411	49229
kroA200.tsp	5.58	1266411	1266411	50434
kroA200.tsp	5.57	1266411	1266411	49313
kroA200.tsp	5.60	1266411	1266411	50779
kroA200.tsp	5.59	1266411	1266411	52335
kroA200.tsp	5.57	1266411	1266411	51693
kroA200.tsp	5.60	1266411	1266411	46000
kroB100.tsp	3.14	1266411	1266411	29569
kroB100.tsp	3.22	1266411	1266411	26930
kroB100.tsp	3.16	1266411	1266411	27971
kroB100.tsp	3.22	1266411	1266411	26131
kroB100.tsp	3.24	1266411	1266411	28513
kroB100.tsp	3.20	1266411	1266411	27585
kroB100.tsp	3.23	1266411	1266411	29985
kroB100.tsp	3.15	1266411	1266411	27645
kroB100.tsp	3.25	1266411	1266411	30367
kroB100.tsp	3.22	1266411	1266411	29023
kroB150.tsp	4.43	1266411	1266411	38544
kroB150.tsp	4.44	1266411	1266411	36529
kroB150.tsp	4.38	1266411	1266411	41321
kroB150.tsp	4.43	1266411	1266411	40286
kroB150.tsp	4.39	1266411	1266411	42038
kroB150.tsp	4.38	1266411	1266411	39721
kroB150.tsp	4.41	1266411	1266411	38330
kroB150.tsp	4.40	1266411	1266411	38100
kroB150.tsp	4.67	1266411	1266411	36292
kroB150.tsp	4.40	1266411	1266411	39577
kroB200.tsp	5.58	1266411	1266411	48272
kroB200.tsp	5.61	1266411	1266411	48663
kroB200.tsp	5.60	1266411	1266411	48622
kroB200.tsp	5.60	1266411	1266411	48344
kroB200.tsp	5.56	1266411	1266411	51202
kroB200.tsp	5.53	1266411	1266411	47166
kroB200.tsp	5.56	1266411	1266411	45144
kroB200.tsp	5.57	1266411	1266411	48836
kroB200.tsp	5.60	1266411	1266411	46115
kroB200.tsp	5.57	1266411	1266411	43855
kroC100.tsp	3.22	1266411	1266411	28993
kroC100.tsp	3.23	1266411	1266411	28705
kroC100.tsp	3.18	1266411	1266411	28601
kroC100.tsp	3.23	1266411	1266411	25900
kroC100.tsp	3.21	1266411	1266411	25923
kroC100.tsp	3.16	1266411	1266411	26933
kroC100.tsp	3.22	1266411	1266411	27894
kroC100.tsp	3.18	1266411	1266411	29469
kroC100.tsp	3.21	1266411	1266411	29208
kroC100.tsp	3.23	1266411	1266411	28850
kroD100.tsp	3.23	1266411	1266411	31597
kroD100.tsp	3.16	1266411	1266411	27934
kroD100.tsp	3.21	1266411	1266411	29765
kroD100.tsp	3.15	1266411	1266411	27306
kroD100.tsp	3.17	1266411	1266411	29912
kroD100.tsp	3.15	1266411	1266411	29381
kroD100.tsp	3.24	1266411	1266411	28191
kroD100.tsp	3.17	1266411	1266411	28481
kroD100.tsp	3.19	1266411	1266411	27782
kroD100.tsp	3.24	1266411	1266411	25617
kroE100.tsp	3.17	1266411	1266411	27313
kroE100.tsp	3.22	1266411	1266411	25327
kroE100.tsp	3.22	1266411	1266411	28590
kroE100.tsp	3.15	1266411	1266411	29834
kroE100.tsp	3.16	1266411	1266411	28785
kroE100.tsp	3.15	1266411	1266411	31547
kroE100.tsp	3.15	1266411	1266411	29615
kroE100.tsp	3.15	1266411	1266411	29325
kroE100.tsp	3.21	1266411	1266411	29667
kroE100.tsp	3.16	1266411	1266411	28421
lin105.tsp	3.32	1266411	1266411	19434
lin105.tsp	3.32	1266411	1266411	17704
lin105.tsp	3.28	1266411	1266411	19923
lin105.tsp	3.31	1266411	1266411	20055
lin105.tsp	3.31	1266411	1266411	18466
lin105.tsp	3.34	1266411	1266411	19349
lin105.tsp	3.30	1266411	1266411	19895
lin105.tsp	3.34	1266411	1266411	18666
lin105.tsp	3.30	1266411	1266411	20589
lin105.tsp	3.29	1266411	1266411	22508
lin318.tsp	8.36	1266411	1266411	100132
lin318.tsp	8.32	1266411	1266411	90783
lin318.tsp	8.34	1266411	1266411	88969
lin318.tsp	8.36	1266411	1266411	93391
lin318.tsp	8.34	1266411	1266411	91520
lin318.tsp	8.31	1266411	1266411	91976
lin318.tsp	8.36	1266411	1266411	86785
lin318.tsp	8.34	1266411	1266411	83971
lin318.tsp	8.33	1266411	1266411	84854
lin318.tsp	8.32	1266411	1266411	87230
linhp318.tsp	8.38	1266411	1266411	88032
linhp318.tsp	8.35	1266411	1266411	88216
linhp318.tsp	8.34	1266411	1266411	91636
linhp318.tsp	8.36	1266411	1266411	93834
linhp318.tsp	8.32	1266411	1266411	87763
linhp318.tsp	8.32	1266411	1266411	85692
linhp318.tsp	8.36	1266411	1266411	88948
linhp318.tsp	10.42	1266411	1266411	86535
linhp318.tsp	8.36	1266411	1266411	88999
linhp318.tsp	8.33	1266411	1266411	85551
pr107.tsp	3.34	1266411	1266411	79404
pr107.tsp	3.37	1266411	1266411	79048
pr107.tsp	3.37	1266411	1266411	64281
pr107.tsp	3.34	1266411	1266411	82353
pr107.tsp	3.35	1266411	1266411	69457
pr107.tsp	3.34	1266411	1266411	81393
pr107.tsp	3.34	1266411	1266411	79292
pr107.tsp	3.36	1266411	1266411	73861
pr107.tsp	3.34	1266411	1266411	80601
pr107.tsp	3.34	1266411	1266411	68714
pr124.tsp	3.74	1266411	1266411	95836
pr124.tsp	3.73	1266411	1266411	90470
pr124.tsp	3.74	1266411	1266411	92287
pr124.tsp	3.72	1266411	1266411	98556
pr124.tsp	3.74	1266411	1266411	91578
pr124.tsp	3.76	1266411	1266411	100731
pr124.tsp	3.71	1266411	1266411	95209
pr124.tsp	3.73	1266411	1266411	95951
pr124.tsp	3.70	1266411	1266411	93753
pr124.tsp	3.75	1266411	1266411	99513
pr136.tsp	4.08	1266411	1266411	131182
pr136.tsp	4.10	1266411	1266411	144930
pr136.tsp	4.04	1266411	1266411	129610
pr136.tsp	4.08	1266411	1266411	136940
pr136.tsp	4.07	1266411	1266411	148833
pr136.tsp	4.08	1266411	1266411	148425
pr136.tsp	4.06	1266411	1266411	137856
pr136.tsp	4.08	1266411	1266411	142428
pr136.tsp	4.10	1266411	1266411	142985
pr136.tsp	4.06	1266411	1266411	146749
pr144.tsp	4.23	1266411	1266411	115183
pr144.tsp	4.28	1266411	1266411	134282
pr144.tsp	4.25	1266411	1266411	93172
pr144.tsp	4.26	1266411	1266411	113699
pr144.tsp	4.28	1266411	1266411	98126
pr144.tsp	4.24	1266411	1266411	115253
pr144.tsp	4.23	1266411	1266411	107060
pr144.tsp	4.25	1266411	1266411	109651
pr144.tsp	4.23	1266411	1266411	126992
pr144.tsp	4.24	1266411	1266411	102925
pr152.tsp	4.44	1266411	1266411	134370
pr152.tsp	4.43	1266411	1266411	110089
pr152.tsp	4.45	1266411	1266411	135228
pr152.tsp	4.42	1266411	1266411	149425
pr152.tsp	4.48	1266411	1266411	141744
pr152.tsp	4.46	1266411	1266411	130629
pr152.tsp	4.42	1266411	1266411	128199
pr152.tsp	4.46	1266411	1266411	148831
pr152.tsp	4.48	1266411	1266411	151839
pr152.tsp	4.45	1266411	1266411	147445
pr226.tsp	6.24	1266411	1266411	170937
pr226.tsp	6.18	1266411	1266411	230324
pr226.tsp	6.23	1266411	1266411	223944
pr226.tsp	6.18	1266411	1266411	229374
pr226.tsp	6.24	1266411	1266411	209114
pr226.tsp	6.20	1266411	1266411	192702
pr226.tsp	6.16	1266411	1266411	216062
pr226.tsp	6.20	1266411	1266411	215044
pr226.tsp	6.20	1266411	1266411	224242
pr226.tsp	6.23	1266411	1266411	227716
pr264.tsp	7.02	1266411	1266411	149053
pr264.tsp	7.00	1266411	1266411	113919
pr264.tsp	7.00	1266411	1266411	164583
pr264.tsp	6.99	1266411	1266411	136094
pr264.tsp	6.99	1266411	1266411	130638
pr264.tsp	7.00	1266411	1266411	139901
pr264.tsp	7.03	1266411	1266411	133771
pr264.tsp	7.01	1266411	1266411	149367
pr264.tsp	7.00	1266411	1266411	120185
pr264.tsp	7.05	1266411	1266411	143101
pr299.tsp	7.89	1266411	1266411	107087
pr299.tsp	7.88	1266411	1266411	95257
pr299.tsp	7.87	1266411	1266411	102593
pr299.tsp	7.88	1266411	1266411	92251
pr299.tsp	7.86	1266411	1266411	87619
pr299.tsp	7.86	1266411	1266411	110243
pr299.tsp	7.86	1266411	1266411	97661
pr299.tsp	7.89	1266411	1266411	104824
pr299.tsp	7.88	1266411	1266411	94199
pr299.tsp	7.88	1266411	1266411	102169
pr439.tsp	11.44	1266411	1266411	275290
pr439.tsp	11.46	1266411	1266411	287565
pr439.tsp	11.40	1266411	1266411	275407
pr439.tsp	11.45	1266411	1266411	259229
pr439.tsp	11.46	1266411	1266411	268359
pr439.tsp	11.46	1266411	1266411	261896
pr439.tsp	11.43	1266411	1266411	305816
pr439.tsp	11.39	1266411	1266411	300347
pr439.tsp	11.44	1266411	1266411	276876
pr439.tsp	11.46	1266411	1266411	279584
pr76.tsp	2.60	1266411	1266411	126337
pr76.tsp	2.61	1266411	1266411	128475
pr76.tsp	2.66	1266411	1266411	128937
pr76.tsp	2.62	1266411	1266411	128403
pr76.tsp	2.67	1266411	1266411	130289
pr76.tsp	2.61	1266411	1266411	124891
pr76.tsp	2.61	1266411	1266411	130848
pr76.tsp	2.61	1266411	1266411	122919
pr76.tsp	2.66	1266411	1266411	134268
pr76.tsp	2.62	1266411	1266411	139181
rat575.tsp	15.84	1266411	1266411	15309
rat575.tsp	15.91	1266411	1266411	15594
rat575.tsp	15.73	1266411	1266411	16663
rat575.tsp	15.89	1266411	1266411	15809
rat575.tsp	15.81	1266411	1266411	14363
rat575.tsp	15.82	1266411	1266411	16055
rat575.tsp	15.74	1266411	1266411	15804
rat575.tsp	15.72	1266411	1266411	15352
rat575.tsp	15.78	1266411	1266411	16504
rat575.tsp	15.91	1266411	1266411	14691
rat783.tsp	22.35	1266411	1266411	27946
rat783.tsp	22.06	1266411	1266411	26465
rat783.tsp	22.14	1266411	1266411	25384
rat783.tsp	22.06	1266411	1266411	25210
rat783.tsp	22.03	1266411	1266411	24003
rat783.tsp	22.04	1266411	1266411	27002
rat783.tsp	21.90	1266411	1266411	25794
rat783.tsp	22.01	1266411	1266411	24409
rat783.tsp	21.99	1266411	1266411	27001
rat783.tsp	22.06	1266411	1266411	24618
rat99.tsp	3.18	1266411	1266411	1566
rat99.tsp	3.20	1266411	1266411	1563
rat99.tsp	3.16	1266411	1266411	1548
rat99.tsp	3.20	1266411	1266411	1508
rat99.tsp	3.20	1266411	1266411	1356
rat99.tsp	3.18	1266411	1266411	1614
rat99.tsp	3.20	1266411	1266411	1502
rat99.tsp	3.82	1266411	1266411	1394
rat99.tsp	3.18	1266411	1266411	1528
rat99.tsp	3.20	1266411	1266411	1527
