a280.tsp	7.54	1275527	1275527	4704
a280.tsp	7.54	1275527	1275527	5123
a280.tsp	7.51	1275527	1275527	5312
a280.tsp	7.52	1275527	1275527	4751
a280.tsp	7.52	1275527	1275527	4898
a280.tsp	7.55	1275527	1275527	4697
a280.tsp	7.50	1275527	1275527	5223
a280.tsp	7.52	1275527	1275527	5079
a280.tsp	7.58	1275527	1275527	5120
a280.tsp	7.55	1275527	1275527	4731
berlin52.tsp	2.14	1275527	1275527	8603
berlin52.tsp	2.13	1275527	1275527	8410
berlin52.tsp	2.10	1275527	1275527	8177
berlin52.tsp	2.11	1275527	1275527	8327
berlin52.tsp	2.09	1275527	1275527	8461
berlin52.tsp	2.11	1275527	1275527	8646
berlin52.tsp	2.12	1275527	1275527	8101
berlin52.tsp	2.12	1275527	1275527	8275
berlin52.tsp	2.14	1275527	1275527	8677
berlin52.tsp	2.12	1275527	1275527	8548
bier127.tsp	3.90	1275527	1275527	139957
bier127.tsp	3.91	1275527	1275527	157661
bier127.tsp	3.90	1275527	1275527	156839
bier127.tsp	3.90	1275527	1275527	146543
bier127.tsp	3.88	1275527	1275527	154388
bier127.tsp	3.92	1275527	1275527	145683
bier127.tsp	4.01	1275527	1275527	149930
bier127.tsp	3.90	1275527	1275527	152011
bier127.tsp	3.88	1275527	1275527	151508
bier127.tsp	3.92	1275527	1275527	153777
eil101.tsp	3.27	1275527	1275527	723
eil101.tsp	3.26	1275527	1275527	696
eil101.tsp	3.28	1275527	1275527	715
eil101.tsp	3.26	1275527	1275527	739
eil101.tsp	3.28	1275527	1275527	705
eil101.tsp	3.21	1275527	1275527	742
eil101.tsp	3.24	1275527	1275527	747
eil101.tsp	3.29	1275527	1275527	711
eil101.tsp	3.26	1275527	1275527	730
eil101.tsp	3.29	1275527	1275527	746
eil51.tsp	2.14	1275527	1275527	442
eil51.tsp	2.12	1275527	1275527	468
eil51.tsp	2.11	1275527	1275527	452
eil51.tsp	2.08	1275527	1275527	441
eil51.tsp	2.10	1275527	1275527	439
eil51.tsp	2.14	1275527	1275527	466
eil51.tsp	2.09	1275527	1275527	437
eil51.tsp	2.09	1275527	1275527	445
eil51.tsp	2.12	1275527	1275527	441
eil51.tsp	2.11	1275527	1275527	452
eil76.tsp	2.68	1275527	1275527	608
eil76.tsp	2.69	1275527	1275527	597
eil76.tsp	2.70	1275527	1275527	604
eil76.tsp	2.68	1275527	1275527	614
eil76.tsp	2.70	1275527	1275527	591
eil76.tsp	2.68	1275527	1275527	586
eil76.tsp	2.68	1275527	1275527	613
eil76.tsp	2.68	1275527	1275527	586
eil76.tsp	2.69	1275527	1275527	588
eil76.tsp	2.69	1275527	1275527	622
gil262.tsp	7.07	1275527	1275527	3893
gil262.tsp	7.08	1275527	1275527	3935
gil262.tsp	7.11	1275527	1275527	3650
gil262.tsp	7.06	1275527	1275527	3795
gil262.tsp	7.06	1275527	1275527	4056
gil262.tsp	7.07	1275527	1275527	3857
gil262.tsp	7.06	1275527	1275527	4124
gil262.tsp	7.12	1275527	1275527	3981
gil262.tsp	7.06	1275527	1275527	4433
gil262.tsp	7.07	1275527	1275527	4312
kroA100.tsp	3.26	1275527	1275527	27302
kroA100.tsp	3.20	1275527	1275527	27329
kroA100.tsp	3.25	1275527	1275527	27604
kroA100.tsp	3.20	1275527	1275527	27220
kroA100.tsp	3.25	1275527	1275527	26384
kroA100.tsp	3.24	1275527	1275527	25716
kroA100.tsp	3.23	1275527	1275527	29239
kroA100.tsp	3.24	1275527	1275527	31062
kroA100.tsp	3.26	1275527	1275527	25394
kroA100.tsp	3.20	1275527	1275527	27042
kroA150.tsp	4.42	1275527	1275527	40564
kroA150.tsp	4.42	1275527	1275527	36963
kroA150.tsp	4.45	1275527	1275527	37193
kroA150.tsp	4.44	1275527	1275527	40142
kroA150.tsp	4.43	1275527	1275527	40881
kroA150.tsp	4.40	1275527	1275527	38565
kroA150.tsp	4.45	1275527	1275527	41549
kroA150.tsp	4.42	1275527	1275527	40977
kroA150.tsp	4.44	1275527	1275527	42463
kroA150.tsp	4.42	1275527	1275527	40561
kroA200.tsp	5.67	1275527	1275527	46093
kroA200.tsp	5.65	1275527	1275527	52057
kroA200.tsp	5.60	1275527	1275527	54028
kroA200.tsp	5.59	1275527	1275527	47897
kroA200.tsp	5.61	1275527	1275527	47189
kroA200.tsp	5.63	1275527	1275527	52670
kroA200.tsp	5.62	1275527	1275527	48898
kroA200.tsp	5.59	1275527	1275527	46679
kroA200.tsp	5.61	1275527	1275527	51644
kroA200.tsp	5.59	1275527	1275527	51304
kroB100.tsp	3.25	1275527	1275527	26480
kroB100.tsp	3.21	1275527	1275527	27394
kroB100.tsp	3.24	1275527	1275527	27106
kroB100.tsp	3.18	1275527	1275527	29018
kroB100.tsp	3.16	1275527	1275527	27082
kroB100.tsp	3.26	1275527	1275527	29452
kroB100.tsp	3.18	1275527	1275527	30125
kroB100.tsp	3.19	1275527	1275527	29283
kroB100.tsp	3.20	1275527	1275527	29513
kroB100.tsp	3.26	1275527	1275527	26671
kroB150.tsp	4.45	1275527	1275527	35392
kroB150.tsp	4.47	1275527	1275527	35129
kroB150.tsp	4.46	1275527	1275527	41151
kroB150.tsp	4.46	1275527	1275527	34077
kroB150.tsp	4.42	1275527	1275527	36144
kroB150.tsp	4.41	1275527	1275527	38816
kroB150.tsp	4.43	1275527	1275527	40070
kroB150.tsp	4.48	1275527	1275527	39146
kroB150.tsp	5.52	1275527	1275527	36390
kroB150.tsp	4.45	1275527	1275527	37318
kroB200.tsp	5.62	1275527	1275527	49818
kroB200.tsp	5.57	1275527	1275527	49743
kroB200.tsp	5.58	1275527	1275527	47002
kroB200.tsp	5.60	1275527	1275527	44757
kroB200.tsp	5.64	1275527	1275527	49512
kroB200.tsp	5.57	1275527	1275527	50459
kroB200.tsp	5.61	1275527	1275527	48149
kroB200.tsp	5.60	1275527	1275527	52534
kroB200.tsp	5.63	1275527	1275527	46998
kroB200.tsp	5.63	1275527	1275527	50082
kroC100.tsp	3.21	1275527	1275527	29803
kroC100.tsp	3.18	1275527	1275527	25738
kroC100.tsp	3.26	1275527	1275527	28493
kroC100.tsp	3.24	1275527	1275527	29396
kroC100.tsp	3.16	1275527	1275527	27746
kroC100.tsp	3.24	1275527	1275527	25371
kroC100.tsp	3.19	1275527	1275527	28541
kroC100.tsp	3.20	1275527	1275527	26540
kroC100.tsp	3.24	1275527	1275527	31298
kroC100.tsp	3.23	1275527	1275527	26446
kroD100.tsp	3.20	1275527	1275527	31066
kroD100.tsp	3.28	1275527	1275527	29072
kroD100.tsp	3.22	1275527	1275527	25647
kroD100.tsp	3.26	1275527	1275527	31379
kroD100.tsp	3.17	1275527	1275527	26342
kroD100.tsp	3.24	1275527	1275527	30901
kroD100.tsp	3.17	1275527	1275527	25943
kroD100.tsp	3.22	1275527	1275527	28600
kroD100.tsp	3.23	1275527	1275527	28595
kroD100.tsp	3.17	1275527	1275527	29367
kroE100.tsp	3.19	1275527	1275527	28307
kroE100.tsp	3.19	1275527	1275527	26884
kroE100.tsp	3.18	1275527	1275527	29711
kroE100.tsp	3.17	1275527	1275527	26535
kroE100.tsp	3.25	1275527	1275527	31068
kroE100.tsp	3.27	1275527	1275527	27855
kroE100.tsp	3.19	1275527	1275527	29965
kroE100.tsp	3.20	1275527	1275527	28071
kroE100.tsp	3.25	1275527	1275527	27618
kroE100.tsp	3.20	1275527	1275527	28239
lin105.tsp	3.30	1275527	1275527	19085
lin105.tsp	3.28	1275527	1275527	20406
lin105.tsp	3.32	1275527	1275527	18785
lin105.tsp	3.31	1275527	1275527	18359
lin105.tsp	3.32	1275527	1275527	18030
lin105.tsp	3.26	1275527	1275527	18000
lin105.tsp	3.34	1275527	1275527	19718
lin105.tsp	3.34	1275527	1275527	20613
lin105.tsp	3.33	1275527	1275527	19283
lin105.tsp	3.27	1275527	1275527	19125
lin318.tsp	8.39	1275527	1275527	91027
lin318.tsp	8.39	1275527	1275527	93167
lin318.tsp	8.39	1275527	1275527	87541
lin318.tsp	8.40	1275527	1275527	94564
lin318.tsp	8.40	1275527	1275527	87137
lin318.tsp	8.40	1275527	1275527	84994
lin318.tsp	8.39	1275527	1275527	82416
lin318.tsp	8.42	1275527	1275527	90679
lin318.tsp	8.41	1275527	1275527	80404
lin318.tsp	8.41	1275527	1275527	88345
linhp318.tsp	8.40	1275527	1275527	88156
linhp318.tsp	8.42	1275527	1275527	89911
linhp318.tsp	8.38	1275527	1275527	78382
linhp318.tsp	8.38	1275527	1275527	93211
linhp318.tsp	8.39	1275527	1275527	85603
linhp318.tsp	8.39	1275527	1275527	89874
linhp318.tsp	8.39	1275527	1275527	85862
linhp318.tsp	8.41	1275527	1275527	85054
linhp318.tsp	8.44	1275527	1275527	86804
linhp318.tsp	8.40	1275527	1275527	97468
pr107.tsp	3.38	1275527	1275527	62825
pr107.tsp	3.40	1275527	1275527	65596
pr107.tsp	3.38	1275527	1275527	55020
pr107.tsp	3.35	1275527	1275527	55134
pr107.tsp	3.37	1275527	1275527	64078
pr107.tsp	3.36	1275527	1275527	66084
pr107.tsp	3.35	1275527	1275527	72044
pr107.tsp	3.37	1275527	1275527	65447
pr107.tsp	3.36	1275527	1275527	70316
pr107.tsp	3.35	1275527	1275527	80071
pr124.tsp	3.77	1275527	1275527	108248
pr124.tsp	3.79	1275527	1275527	87420
pr124.tsp	3.76	1275527	1275527	85730
pr124.tsp	3.75	1275527	1275527	82580
pr124.tsp	3.75	1275527	1275527	82958
pr124.tsp	3.74	1275527	1275527	91197
pr124.tsp	4.20	1275527	1275527	103117
pr124.tsp	3.77	1275527	1275527	91896
pr124.tsp	3.78	1275527	1275527	100892
pr124.tsp	3.78	1275527	1275527	83167
pr136.tsp	4.11	1275527	1275527	152674
pr136.tsp	4.10	1275527	1275527	135160
pr136.tsp	4.10	1275527	1275527	126709
pr136.tsp	4.10	1275527	1275527	129989
pr136.tsp	4.11	1275527	1275527	137255
pr136.tsp	4.11	1275527	1275527	123551
pr136.tsp	4.13	1275527	1275527	143480
pr136.tsp	4.10	1275527	1275527	136652
pr136.tsp	4.12	1275527	1275527	146292
pr136.tsp	4.11	1275527	1275527	141400
pr144.tsp	4.29	1275527	1275527	124339
pr144.tsp	4.26	1275527	1275527	125116
pr144.tsp	4.26	1275527	1275527	119493
pr144.tsp	4.28	1275527	1275527	117950
pr144.tsp	4.30	1275527	1275527	101483
pr144.tsp	4.30	1275527	1275527	105154
pr144.tsp	4.28	1275527	1275527	116453
pr144.tsp	4.26	1275527	1275527	121663
pr144.tsp	4.33	1275527	1275527	106775
pr144.tsp	4.27	1275527	1275527	114953
pr152.tsp	4.45	1275527	1275527	137713
pr152.tsp	4.46	1275527	1275527	135840
pr152.tsp	4.48	1275527	1275527	143342
pr152.tsp	4.46	1275527	1275527	132133
pr152.tsp	4.46	1275527	1275527	144907
pr152.tsp	4.48	1275527	1275527	122564
pr152.tsp	4.46	1275527	1275527	155925
pr152.tsp	4.52	1275527	1275527	139958
pr152.tsp	4.46	1275527	1275527	134383
pr152.tsp	4.52	1275527	1275527	159009
pr226.tsp	6.26	1275527	1275527	206745
pr226.tsp	6.25	1275527	1275527	209541
pr226.tsp	6.21	1275527	1275527	217686
pr226.tsp	6.24	1275527	1275527	230226
pr226.tsp	6.25	1275527	1275527	191587
pr226.tsp	6.20	1275527	1275527	225293
pr226.tsp	6.24	1275527	1275527	191932
pr226.tsp	6.28	1275527	1275527	197122
pr226.tsp	6.21	1275527	1275527	248662
pr226.tsp	6.25	1275527	1275527	217650
pr264.tsp	7.08	1275527	1275527	127562
pr264.tsp	7.06	1275527	1275527	142084
pr264.tsp	7.05	1275527	1275527	123529
pr264.tsp	7.08	1275527	1275527	137051
pr264.tsp	7.06	1275527	1275527	150665
pr264.tsp	7.07	1275527	1275527	124665
pr264.tsp	7.04	1275527	1275527	134839
pr264.tsp	7.04	1275527	1275527	127651
pr264.tsp	7.05	1275527	1275527	140715
pr264.tsp	7.13	1275527	1275527	128451
pr299.tsp	7.91	1275527	1275527	103548
pr299.tsp	7.92	1275527	1275527	108701
pr299.tsp	7.94	1275527	1275527	109962
pr299.tsp	7.94	1275527	1275527	102184
pr299.tsp	7.91	1275527	1275527	101781
pr299.tsp	7.92	1275527	1275527	99921
pr299.tsp	7.92	1275527	1275527	98670
pr299.tsp	7.92	1275527	1275527	102152
pr299.tsp	7.94	1275527	1275527	95262
pr299.tsp	7.92	1275527	1275527	111391
pr439.tsp	11.49	1275527	1275527	289701
pr439.tsp	11.54	1275527	1275527	267998
pr439.tsp	11.53	1275527	1275527	307818
pr439.tsp	11.52	1275527	1275527	275142
pr439.tsp	11.55	1275527	1275527	273921
pr439.tsp	11.51	1275527	1275527	279191
pr439.tsp	11.52	1275527	1275527	253855
pr439.tsp	11.50	1275527	1275527	277787
pr439.tsp	11.52	1275527	1275527	280078
pr439.tsp	11.53	1275527	1275527	271721
pr76.tsp	2.68	1275527	1275527	129946
pr76.tsp	2.64	1275527	1275527	124323
pr76.tsp	2.64	1275527	1275527	120830
pr76.tsp	2.64	1275527	1275527	135590
pr76.tsp	2.60	1275527	1275527	127379
pr76.tsp	2.68	1275527	1275527	138730
pr76.tsp	2.68	1275527	1275527	134910
pr76.tsp	2.64	1275527	1275527	131588
pr76.tsp	2.67	1275527	1275527	133467
pr76.tsp	2.64	1275527	1275527	139482
rat575.tsp	15.89	1275527	1275527	15611
rat575.tsp	15.98	1275527	1275527	15200
rat575.tsp	16.05	1275527	1275527	16124
rat575.tsp	15.92	1275527	1275527	15130
rat575.tsp	15.84	1275527	1275527	15852
rat575.tsp	15.95	1275527	1275527	14902
rat575.tsp	15.98	1275527	1275527	14750
rat575.tsp	15.98	1275527	1275527	15262
rat575.tsp	15.91	1275527	1275527	14827
rat575.tsp	15.94	1275527	1275527	15981
rat783.tsp	22.52	1275527	1275527	24112
rat783.tsp	22.14	1275527	1275527	26006
rat783.tsp	22.18	1275527	1275527	25481
rat783.tsp	22.12	1275527	1275527	25022
rat783.tsp	22.18	1275527	1275527	25013
rat783.tsp	22.08	1275527	1275527	26363
rat783.tsp	22.10	1275527	1275527	24699
rat783.tsp	22.11	1275527	1275527	24498
rat783.tsp	22.10	1275527	1275527	25869
rat783.tsp	22.16	1275527	1275527	24138
rat99.tsp	3.20	1275527	1275527	1447
rat99.tsp	3.24	1275527	1275527	1600
rat99.tsp	3.20	1275527	1275527	1505
rat99.tsp	3.24	1275527	1275527	1490
rat99.tsp	3.25	1275527	1275527	1600
rat99.tsp	3.23	1275527	1275527	1499
rat99.tsp	3.22	1275527	1275527	1551
rat99.tsp	3.20	1275527	1275527	1450
rat99.tsp	3.19	1275527	1275527	1506
rat99.tsp	3.21	1275527	1275527	1476
