a280.tsp	15.04	2551065	2551065	4535
a280.tsp	15.02	2551065	2551065	4017
a280.tsp	15.06	2551065	2551065	4391
a280.tsp	15.10	2551065	2551065	4730
a280.tsp	15.04	2551065	2551065	4224
a280.tsp	22.36	2551065	2551065	4744
a280.tsp	15.02	2551065	2551065	4222
a280.tsp	15.15	2551065	2551065	4318
a280.tsp	15.12	2551065	2551065	4555
a280.tsp	15.10	2551065	2551065	4205
berlin52.tsp	4.22	2551065	2551065	8449
berlin52.tsp	4.22	2551065	2551065	8234
berlin52.tsp	4.26	2551065	2551065	8085
berlin52.tsp	4.22	2551065	2551065	7776
berlin52.tsp	4.26	2551065	2551065	8235
berlin52.tsp	4.24	2551065	2551065	8309
berlin52.tsp	4.27	2551065	2551065	9028
berlin52.tsp	4.20	2551065	2551065	8237
berlin52.tsp	4.21	2551065	2551065	8034
berlin52.tsp	4.24	2551065	2551065	8212
bier127.tsp	7.81	2551065	2551065	137508
bier127.tsp	7.78	2551065	2551065	143760
bier127.tsp	7.87	2551065	2551065	149648
bier127.tsp	7.78	2551065	2551065	141351
bier127.tsp	7.81	2551065	2551065	145222
bier127.tsp	7.82	2551065	2551065	146491
bier127.tsp	7.80	2551065	2551065	143928
bier127.tsp	7.87	2551065	2551065	147780
bier127.tsp	7.84	2551065	2551065	139959
bier127.tsp	7.79	2551065	2551065	137407
eil101.tsp	6.59	2551065	2551065	727
eil101.tsp	6.54	2551065	2551065	724
eil101.tsp	6.54	2551065	2551065	693
eil101.tsp	6.56	2551065	2551065	745
eil101.tsp	6.54	2551065	2551065	686
eil101.tsp	6.54	2551065	2551065	725
eil101.tsp	6.58	2551065	2551065	742
eil101.tsp	6.53	2551065	2551065	726
eil101.tsp	6.57	2551065	2551065	666
eil101.tsp	6.57	2551065	2551065	722
eil51.tsp	4.29	2551065	2551065	435
eil51.tsp	4.27	2551065	2551065	457
eil51.tsp	4.26	2551065	2551065	431
eil51.tsp	4.18	2551065	2551065	440
eil51.tsp	4.24	2551065	2551065	460
eil51.tsp	4.28	2551065	2551065	458
eil51.tsp	4.18	2551065	2551065	448
eil51.tsp	4.21	2551065	2551065	439
eil51.tsp	4.20	2551065	2551065	447
eil51.tsp	4.24	2551065	2551065	456
eil76.tsp	5.40	2551065	2551065	580
eil76.tsp	5.39	2551065	2551065	597
eil76.tsp	5.35	2551065	2551065	607
eil76.tsp	5.40	2551065	2551065	585
eil76.tsp	5.37	2551065	2551065	591
eil76.tsp	5.35	2551065	2551065	576
eil76.tsp	5.39	2551065	2551065	590
eil76.tsp	5.40	2551065	2551065	595
eil76.tsp	5.36	2551065	2551065	576
eil76.tsp	5.37	2551065	2551065	589
gil262.tsp	14.14	2551065	2551065	3890
gil262.tsp	14.12	2551065	2551065	3692
gil262.tsp	14.13	2551065	2551065	3794
gil262.tsp	14.11	2551065	2551065	4073
gil262.tsp	14.14	2551065	2551065	3792
gil262.tsp	14.13	2551065	2551065	3627
gil262.tsp	14.13	2551065	2551065	3866
gil262.tsp	14.16	2551065	2551065	4010
gil262.tsp	14.16	2551065	2551065	3916
gil262.tsp	14.13	2551065	2551065	3647
kroA100.tsp	6.34	2551065	2551065	27965
kroA100.tsp	6.36	2551065	2551065	23540
kroA100.tsp	6.56	2551065	2551065	25839
kroA100.tsp	6.33	2551065	2551065	26106
kroA100.tsp	6.39	2551065	2551065	26339
kroA100.tsp	7.14	2551065	2551065	26826
kroA100.tsp	6.51	2551065	2551065	27128
kroA100.tsp	6.50	2551065	2551065	26232
kroA100.tsp	6.50	2551065	2551065	26296
kroA100.tsp	6.35	2551065	2551065	29359
kroA150.tsp	8.86	2551065	2551065	34034
kroA150.tsp	8.88	2551065	2551065	40153
kroA150.tsp	8.85	2551065	2551065	36941
kroA150.tsp	8.90	2551065	2551065	37206
kroA150.tsp	8.80	2551065	2551065	34886
kroA150.tsp	8.88	2551065	2551065	35816
kroA150.tsp	8.85	2551065	2551065	35959
kroA150.tsp	8.90	2551065	2551065	37278
kroA150.tsp	8.95	2551065	2551065	36780
kroA150.tsp	8.84	2551065	2551065	34749
kroA200.tsp	11.24	2551065	2551065	42493
kroA200.tsp	11.20	2551065	2551065	45685
kroA200.tsp	11.25	2551065	2551065	43250
kroA200.tsp	11.17	2551065	2551065	43404
kroA200.tsp	11.22	2551065	2551065	48639
kroA200.tsp	11.20	2551065	2551065	43380
kroA200.tsp	11.17	2551065	2551065	45445
kroA200.tsp	11.23	2551065	2551065	44388
kroA200.tsp	11.32	2551065	2551065	47567
kroA200.tsp	11.32	2551065	2551065	46839
kroB100.tsp	6.47	2551065	2551065	26247
kroB100.tsp	6.48	2551065	2551065	25404
kroB100.tsp	6.36	2551065	2551065	27207
kroB100.tsp	6.38	2551065	2551065	27751
kroB100.tsp	6.53	2551065	2551065	24998
kroB100.tsp	6.49	2551065	2551065	29766
kroB100.tsp	6.44	2551065	2551065	27305
kroB100.tsp	6.50	2551065	2551065	26532
kroB100.tsp	6.34	2551065	2551065	27165
kroB100.tsp	6.58	2551065	2551065	26989
kroB150.tsp	8.86	2551065	2551065	34174
kroB150.tsp	10.12	2551065	2551065	39086
kroB150.tsp	9.44	2551065	2551065	37483
kroB150.tsp	8.85	2551065	2551065	37301
kroB150.tsp	8.82	2551065	2551065	36347
kroB150.tsp	8.86	2551065	2551065	37118
kroB150.tsp	8.90	2551065	2551065	31717
kroB150.tsp	8.90	2551065	2551065	37128
kroB150.tsp	8.92	2551065	2551065	37167
kroB150.tsp	8.88	2551065	2551065	34896
kroB200.tsp	11.27	2551065	2551065	46286
kroB200.tsp	11.26	2551065	2551065	47198
kroB200.tsp	11.27	2551065	2551065	46640
kroB200.tsp	11.30	2551065	2551065	42740
kroB200.tsp	11.23	2551065	2551065	44914
kroB200.tsp	11.22	2551065	2551065	40653
kroB200.tsp	11.26	2551065	2551065	44658
kroB200.tsp	11.22	2551065	2551065	42976
kroB200.tsp	11.26	2551065	2551065	42417
kroB200.tsp	11.17	2551065	2551065	45499
kroC100.tsp	6.46	2551065	2551065	27497
kroC100.tsp	6.39	2551065	2551065	24753
kroC100.tsp	6.44	2551065	2551065	27932
kroC100.tsp	6.38	2551065	2551065	28270
kroC100.tsp	6.35	2551065	2551065	27173
kroC100.tsp	6.44	2551065	2551065	27649
kroC100.tsp	6.53	2551065	2551065	26211
kroC100.tsp	6.48	2551065	2551065	26390
kroC100.tsp	6.47	2551065	2551065	28827
kroC100.tsp	6.59	2551065	2551065	27673
kroD100.tsp	6.46	2551065	2551065	27648
kroD100.tsp	6.51	2551065	2551065	24993
kroD100.tsp	6.53	2551065	2551065	27825
kroD100.tsp	6.36	2551065	2551065	27259
kroD100.tsp	6.50	2551065	2551065	27699
kroD100.tsp	6.36	2551065	2551065	26375
kroD100.tsp	6.48	2551065	2551065	27601
kroD100.tsp	6.54	2551065	2551065	26382
kroD100.tsp	6.49	2551065	2551065	28713
kroD100.tsp	6.42	2551065	2551065	28683
kroE100.tsp	6.39	2551065	2551065	25926
kroE100.tsp	6.47	2551065	2551065	27573
kroE100.tsp	6.54	2551065	2551065	26326
kroE100.tsp	6.40	2551065	2551065	27014
kroE100.tsp	6.52	2551065	2551065	26470
kroE100.tsp	6.49	2551065	2551065	27419
kroE100.tsp	6.34	2551065	2551065	27267
kroE100.tsp	6.39	2551065	2551065	26745
kroE100.tsp	6.50	2551065	2551065	28224
kroE100.tsp	6.34	2551065	2551065	27589
lin105.tsp	6.67	2551065	2551065	17762
lin105.tsp	6.63	2551065	2551065	17947
lin105.tsp	6.66	2551065	2551065	20260
lin105.tsp	6.64	2551065	2551065	17109
lin105.tsp	6.63	2551065	2551065	20264
lin105.tsp	6.60	2551065	2551065	18118
lin105.tsp	6.58	2551065	2551065	19325
lin105.tsp	6.65	2551065	2551065	18010
lin105.tsp	6.66	2551065	2551065	19279
lin105.tsp	6.68	2551065	2551065	19177
lin318.tsp	16.77	2551065	2551065	76799
lin318.tsp	16.82	2551065	2551065	86448
lin318.tsp	16.83	2551065	2551065	76281
lin318.tsp	16.79	2551065	2551065	73390
lin318.tsp	16.80	2551065	2551065	85157
lin318.tsp	16.78	2551065	2551065	82779
lin318.tsp	16.75	2551065	2551065	87120
lin318.tsp	16.81	2551065	2551065	79334
lin318.tsp	16.77	2551065	2551065	79201
lin318.tsp	16.82	2551065	2551065	81504
linhp318.tsp	16.76	2551065	2551065	83800
linhp318.tsp	16.84	2551065	2551065	77681
linhp318.tsp	16.76	2551065	2551065	83105
linhp318.tsp	16.80	2551065	2551065	86755
linhp318.tsp	16.84	2551065	2551065	89399
linhp318.tsp	16.78	2551065	2551065	80393
linhp318.tsp	16.80	2551065	2551065	80046
linhp318.tsp	16.82	2551065	2551065	84675
linhp318.tsp	16.75	2551065	2551065	73789
linhp318.tsp	16.81	2551065	2551065	73165
pr107.tsp	6.74	2551065	2551065	61262
pr107.tsp	6.76	2551065	2551065	63895
pr107.tsp	6.76	2551065	2551065	52511
pr107.tsp	6.74	2551065	2551065	65331
pr107.tsp	6.78	2551065	2551065	71476
pr107.tsp	6.72	2551065	2551065	64408
pr107.tsp	6.71	2551065	2551065	67683
pr107.tsp	6.75	2551065	2551065	63710
pr107.tsp	6.75	2551065	2551065	67098
pr107.tsp	6.74	2551065	2551065	68337
pr124.tsp	7.53	2551065	2551065	78847
pr124.tsp	7.57	2551065	2551065	84556
pr124.tsp	7.56	2551065	2551065	85985
pr124.tsp	7.58	2551065	2551065	87829
pr124.tsp	7.55	2551065	2551065	77824
pr124.tsp	7.55	2551065	2551065	79327
pr124.tsp	7.51	2551065	2551065	74448
pr124.tsp	7.50	2551065	2551065	81251
pr124.tsp	7.59	2551065	2551065	93179
pr124.tsp	7.48	2551065	2551065	70081
pr136.tsp	8.24	2551065	2551065	141120
pr136.tsp	8.28	2551065	2551065	126044
pr136.tsp	8.22	2551065	2551065	134122
pr136.tsp	8.23	2551065	2551065	123846
pr136.tsp	8.20	2551065	2551065	123512
pr136.tsp	8.21	2551065	2551065	134221
pr136.tsp	8.22	2551065	2551065	134905
pr136.tsp	8.24	2551065	2551065	133338
pr136.tsp	8.20	2551065	2551065	131813
pr136.tsp	8.19	2551065	2551065	138448
pr144.tsp	8.57	2551065	2551065	104877
pr144.tsp	8.55	2551065	2551065	96014
pr144.tsp	8.61	2551065	2551065	105763
pr144.tsp	8.60	2551065	2551065	117826
pr144.tsp	8.52	2551065	2551065	99654
pr144.tsp	8.57	2551065	2551065	108265
pr144.tsp	8.62	2551065	2551065	104867
pr144.tsp	8.62	2551065	2551065	109636
pr144.tsp	8.58	2551065	2551065	111424
pr144.tsp	8.61	2551065	2551065	105934
pr152.tsp	8.92	2551065	2551065	143953
pr152.tsp	8.93	2551065	2551065	122379
pr152.tsp	8.90	2551065	2551065	136097
pr152.tsp	8.91	2551065	2551065	129698
pr152.tsp	8.90	2551065	2551065	118272
pr152.tsp	8.97	2551065	2551065	108500
pr152.tsp	8.95	2551065	2551065	121807
pr152.tsp	9.00	2551065	2551065	141844
pr152.tsp	8.99	2551065	2551065	136048
pr152.tsp	8.97	2551065	2551065	140515
pr226.tsp	12.51	2551065	2551065	162387
pr226.tsp	12.51	2551065	2551065	173886
pr226.tsp	12.58	2551065	2551065	175533
pr226.tsp	12.47	2551065	2551065	185638
pr226.tsp	12.49	2551065	2551065	196145
pr226.tsp	12.51	2551065	2551065	177645
pr226.tsp	12.52	2551065	2551065	183142
pr226.tsp	12.41	2551065	2551065	183967
pr226.tsp	12.48	2551065	2551065	175162
pr226.tsp	12.46	2551065	2551065	185486
pr264.tsp	14.11	2551065	2551065	121484
pr264.tsp	14.09	2551065	2551065	119798
pr264.tsp	14.12	2551065	2551065	115465
pr264.tsp	18.28	2551065	2551065	131322
pr264.tsp	14.10	2551065	2551065	112735
pr264.tsp	14.14	2551065	2551065	125816
pr264.tsp	14.12	2551065	2551065	115045
pr264.tsp	14.10	2551065	2551065	125342
pr264.tsp	14.19	2551065	2551065	127558
pr264.tsp	14.12	2551065	2551065	125812
pr299.tsp	15.88	2551065	2551065	87170
pr299.tsp	15.88	2551065	2551065	96053
pr299.tsp	15.87	2551065	2551065	91508
pr299.tsp	15.86	2551065	2551065	95110
pr299.tsp	15.83	2551065	2551065	87983
pr299.tsp	15.85	2551065	2551065	85701
pr299.tsp	15.88	2551065	2551065	91434
pr299.tsp	15.88	2551065	2551065	92368
pr299.tsp	15.85	2551065	2551065	85091
pr299.tsp	15.88	2551065	2551065	99563
pr439.tsp	22.98	2551065	2551065	256417
pr439.tsp	23.06	2551065	2551065	264380
pr439.tsp	23.00	2551065	2551065	262300
pr439.tsp	23.04	2551065	2551065	260553
pr439.tsp	23.04	2551065	2551065	243477
pr439.tsp	22.97	2551065	2551065	230278
pr439.tsp	23.06	2551065	2551065	238208
pr439.tsp	23.13	2551065	2551065	257497
pr439.tsp	22.95	2551065	2551065	269213
pr439.tsp	23.12	2551065	2551065	270247
pr76.tsp	5.35	2551065	2551065	124721
pr76.tsp	5.26	2551065	2551065	129181
pr76.tsp	5.24	2551065	2551065	131181
pr76.tsp	5.35	2551065	2551065	120707
pr76.tsp	5.36	2551065	2551065	122218
pr76.tsp	5.32	2551065	2551065	121034
pr76.tsp	5.25	2551065	2551065	123035
pr76.tsp	5.26	2551065	2551065	118040
pr76.tsp	6.83	2551065	2551065	128973
pr76.tsp	5.26	2551065	2551065	124163
rat575.tsp	31.74	2551065	2551065	14880
rat575.tsp	31.69	2551065	2551065	14891
rat575.tsp	31.67	2551065	2551065	13827
rat575.tsp	32.01	2551065	2551065	12823
rat575.tsp	31.97	2551065	2551065	12614
rat575.tsp	31.84	2551065	2551065	13830
rat575.tsp	31.96	2551065	2551065	14770
rat575.tsp	31.69	2551065	2551065	14055
rat575.tsp	31.77	2551065	2551065	14505
rat575.tsp	31.98	2551065	2551065	13796
rat783.tsp	44.28	2551065	2551065	22684
rat783.tsp	44.16	2551065	2551065	22612
rat783.tsp	44.30	2551065	2551065	21219
rat783.tsp	44.14	2551065	2551065	22252
rat783.tsp	44.20	2551065	2551065	23178
rat783.tsp	44.32	2551065	2551065	22913
rat783.tsp	44.45	2551065	2551065	22685
rat783.tsp	44.32	2551065	2551065	21209
rat783.tsp	44.27	2551065	2551065	22461
rat783.tsp	44.52	2551065	2551065	22459
rat99.tsp	6.39	2551065	2551065	1375
rat99.tsp	6.46	2551065	2551065	1387
rat99.tsp	6.41	2551065	2551065	1475
rat99.tsp	6.40	2551065	2551065	1394
rat99.tsp	6.44	2551065	2551065	1381
rat99.tsp	6.45	2551065	2551065	1372
rat99.tsp	6.47	2551065	2551065	1353
rat99.tsp	6.41	2551065	2551065	1390
rat99.tsp	6.52	2551065	2551065	1388
rat99.tsp	6.46	2551065	2551065	1418
