a280.tsp	3.06	518313	518313	5352
a280.tsp	3.85	518313	518313	5765
a280.tsp	3.07	518313	518313	5679
a280.tsp	3.22	518313	518313	5142
a280.tsp	3.14	518313	518313	5160
a280.tsp	3.10	518313	518313	5587
a280.tsp	3.08	518313	518313	5519
a280.tsp	3.11	518313	518313	5778
a280.tsp	3.06	518313	518313	5238
a280.tsp	3.07	518313	518313	5129
berlin52.tsp	0.85	518313	518313	9258
berlin52.tsp	0.86	518313	518313	8720
berlin52.tsp	0.84	518313	518313	8855
berlin52.tsp	0.86	518313	518313	7834
berlin52.tsp	0.86	518313	518313	8407
berlin52.tsp	0.86	518313	518313	8436
berlin52.tsp	0.86	518313	518313	8587
berlin52.tsp	0.85	518313	518313	8610
berlin52.tsp	0.86	518313	518313	8584
berlin52.tsp	1.15	518313	518313	8569
bier127.tsp	1.60	518313	518313	168892
bier127.tsp	1.60	518313	518313	150588
bier127.tsp	1.61	518313	518313	148678
bier127.tsp	1.59	518313	518313	170944
bier127.tsp	1.58	518313	518313	162003
bier127.tsp	1.64	518313	518313	158563
bier127.tsp	1.64	518313	518313	164646
bier127.tsp	1.62	518313	518313	158154
bier127.tsp	1.58	518313	518313	159285
bier127.tsp	1.61	518313	518313	157735
eil101.tsp	1.34	518313	518313	706
eil101.tsp	1.33	518313	518313	773
eil101.tsp	1.34	518313	518313	758
eil101.tsp	1.32	518313	518313	731
eil101.tsp	1.37	518313	518313	812
eil101.tsp	1.39	518313	518313	761
eil101.tsp	1.33	518313	518313	756
eil101.tsp	1.32	518313	518313	812
eil101.tsp	1.32	518313	518313	719
eil101.tsp	1.33	518313	518313	754
eil51.tsp	0.87	518313	518313	477
eil51.tsp	0.86	518313	518313	468
eil51.tsp	0.85	518313	518313	469
eil51.tsp	0.85	518313	518313	458
eil51.tsp	0.86	518313	518313	473
eil51.tsp	0.85	518313	518313	453
eil51.tsp	0.88	518313	518313	475
eil51.tsp	0.86	518313	518313	452
eil51.tsp	0.87	518313	518313	429
eil51.tsp	0.85	518313	518313	458
eil76.tsp	1.09	518313	518313	642
eil76.tsp	1.08	518313	518313	627
eil76.tsp	1.09	518313	518313	595
eil76.tsp	1.09	518313	518313	628
eil76.tsp	1.08	518313	518313	631
eil76.tsp	1.09	518313	518313	643
eil76.tsp	1.10	518313	518313	610
eil76.tsp	1.09	518313	518313	613
eil76.tsp	1.09	518313	518313	623
eil76.tsp	1.09	518313	518313	633
gil262.tsp	2.88	518313	518313	4828
gil262.tsp	2.92	518313	518313	4369
gil262.tsp	2.90	518313	518313	4719
gil262.tsp	2.91	518313	518313	4555
gil262.tsp	2.87	518313	518313	4881
gil262.tsp	2.88	518313	518313	4311
gil262.tsp	2.90	518313	518313	4323
gil262.tsp	2.88	518313	518313	4758
gil262.tsp	2.86	518313	518313	4601
gil262.tsp	2.88	518313	518313	4557
kroA100.tsp	1.33	518313	518313	28482
kroA100.tsp	1.29	518313	518313	30476
kroA100.tsp	1.31	518313	518313	31864
kroA100.tsp	1.30	518313	518313	27472
kroA100.tsp	1.29	518313	518313	29545
kroA100.tsp	1.32	518313	518313	32139
kroA100.tsp	1.30	518313	518313	28907
kroA100.tsp	1.36	518313	518313	31623
kroA100.tsp	1.33	518313	518313	32384
kroA100.tsp	1.32	518313	518313	28589
kroA150.tsp	1.81	518313	518313	46585
kroA150.tsp	1.82	518313	518313	41869
kroA150.tsp	1.82	518313	518313	48831
kroA150.tsp	1.80	518313	518313	43098
kroA150.tsp	1.81	518313	518313	40109
kroA150.tsp	1.83	518313	518313	45167
kroA150.tsp	1.79	518313	518313	41795
kroA150.tsp	1.80	518313	518313	42280
kroA150.tsp	1.80	518313	518313	42830
kroA150.tsp	1.80	518313	518313	38956
kroA200.tsp	2.30	518313	518313	53788
kroA200.tsp	2.31	518313	518313	50786
kroA200.tsp	2.28	518313	518313	54292
kroA200.tsp	2.30	518313	518313	54139
kroA200.tsp	2.28	518313	518313	53579
kroA200.tsp	2.30	518313	518313	53496
kroA200.tsp	2.28	518313	518313	56344
kroA200.tsp	2.28	518313	518313	52230
kroA200.tsp	2.34	518313	518313	46288
kroA200.tsp	2.29	518313	518313	52730
kroB100.tsp	1.31	518313	518313	29215
kroB100.tsp	1.32	518313	518313	32290
kroB100.tsp	1.29	518313	518313	30828
kroB100.tsp	1.29	518313	518313	27374
kroB100.tsp	1.31	518313	518313	32557
kroB100.tsp	1.32	518313	518313	33110
kroB100.tsp	1.29	518313	518313	29299
kroB100.tsp	1.30	518313	518313	30667
kroB100.tsp	1.32	518313	518313	30897
kroB100.tsp	1.31	518313	518313	31661
kroB150.tsp	1.81	518313	518313	44927
kroB150.tsp	1.85	518313	518313	40938
kroB150.tsp	1.82	518313	518313	45895
kroB150.tsp	1.81	518313	518313	45209
kroB150.tsp	1.82	518313	518313	46519
kroB150.tsp	1.80	518313	518313	39710
kroB150.tsp	1.80	518313	518313	41342
kroB150.tsp	1.82	518313	518313	43163
kroB150.tsp	1.82	518313	518313	42357
kroB150.tsp	1.82	518313	518313	44043
kroB200.tsp	2.32	518313	518313	52804
kroB200.tsp	2.29	518313	518313	58540
kroB200.tsp	2.28	518313	518313	57161
kroB200.tsp	2.28	518313	518313	53846
kroB200.tsp	2.29	518313	518313	55674
kroB200.tsp	2.39	518313	518313	51891
kroB200.tsp	2.29	518313	518313	57592
kroB200.tsp	2.29	518313	518313	53365
kroB200.tsp	2.28	518313	518313	59602
kroB200.tsp	2.33	518313	518313	57082
kroC100.tsp	1.31	518313	518313	30259
kroC100.tsp	1.30	518313	518313	29747
kroC100.tsp	1.29	518313	518313	32468
kroC100.tsp	1.31	518313	518313	28074
kroC100.tsp	1.32	518313	518313	28484
kroC100.tsp	1.32	518313	518313	28816
kroC100.tsp	1.32	518313	518313	30829
kroC100.tsp	1.31	518313	518313	29276
kroC100.tsp	1.30	518313	518313	30136
kroC100.tsp	1.34	518313	518313	29172
kroD100.tsp	1.34	518313	518313	32131
kroD100.tsp	1.32	518313	518313	29614
kroD100.tsp	1.31	518313	518313	30670
kroD100.tsp	1.30	518313	518313	27896
kroD100.tsp	1.35	518313	518313	32232
kroD100.tsp	1.48	518313	518313	33502
kroD100.tsp	1.31	518313	518313	30913
kroD100.tsp	1.30	518313	518313	30207
kroD100.tsp	1.29	518313	518313	28710
kroD100.tsp	1.30	518313	518313	28782
kroE100.tsp	1.30	518313	518313	34104
kroE100.tsp	1.28	518313	518313	31606
kroE100.tsp	1.29	518313	518313	33884
kroE100.tsp	1.31	518313	518313	31978
kroE100.tsp	1.32	518313	518313	30770
kroE100.tsp	1.29	518313	518313	30398
kroE100.tsp	1.32	518313	518313	32829
kroE100.tsp	1.32	518313	518313	31793
kroE100.tsp	1.29	518313	518313	33741
kroE100.tsp	1.32	518313	518313	32118
lin105.tsp	1.34	518313	518313	23423
lin105.tsp	1.36	518313	518313	21409
lin105.tsp	1.39	518313	518313	21394
lin105.tsp	1.37	518313	518313	19565
lin105.tsp	1.34	518313	518313	25030
lin105.tsp	1.35	518313	518313	22425
lin105.tsp	1.35	518313	518313	22456
lin105.tsp	1.34	518313	518313	22759
lin105.tsp	1.35	518313	518313	21367
lin105.tsp	1.35	518313	518313	24080
lin318.tsp	3.42	518313	518313	103787
lin318.tsp	3.42	518313	518313	95380
lin318.tsp	3.42	518313	518313	104538
lin318.tsp	3.44	518313	518313	105475
lin318.tsp	3.42	518313	518313	95022
lin318.tsp	3.42	518313	518313	92065
lin318.tsp	3.43	518313	518313	98813
lin318.tsp	3.41	518313	518313	91264
lin318.tsp	3.52	518313	518313	107098
lin318.tsp	3.46	518313	518313	90554
linhp318.tsp	3.43	518313	518313	93808
linhp318.tsp	3.42	518313	518313	111442
linhp318.tsp	3.42	518313	518313	99423
linhp318.tsp	3.43	518313	518313	92158
linhp318.tsp	3.42	518313	518313	96829
linhp318.tsp	3.41	518313	518313	99847
linhp318.tsp	3.43	518313	518313	99915
linhp318.tsp	3.42	518313	518313	93937
linhp318.tsp	3.42	518313	518313	99000
linhp318.tsp	3.48	518313	518313	92433
pr107.tsp	1.42	518313	518313	72894
pr107.tsp	1.37	518313	518313	78930
pr107.tsp	1.36	518313	518313	73907
pr107.tsp	1.36	518313	518313	96419
pr107.tsp	1.36	518313	518313	95340
pr107.tsp	1.38	518313	518313	80157
pr107.tsp	1.37	518313	518313	73989
pr107.tsp	1.37	518313	518313	69219
pr107.tsp	1.37	518313	518313	86348
pr107.tsp	1.38	518313	518313	85601
pr124.tsp	1.57	518313	518313	97526
pr124.tsp	1.58	518313	518313	103676
pr124.tsp	1.58	518313	518313	97856
pr124.tsp	1.52	518313	518313	97014
pr124.tsp	1.55	518313	518313	123839
pr124.tsp	1.56	518313	518313	121114
pr124.tsp	1.54	518313	518313	106633
pr124.tsp	1.59	518313	518313	104089
pr124.tsp	1.56	518313	518313	106195
pr124.tsp	1.57	518313	518313	103808
pr136.tsp	1.67	518313	518313	154747
pr136.tsp	1.68	518313	518313	158438
pr136.tsp	1.66	518313	518313	151952
pr136.tsp	1.67	518313	518313	144120
pr136.tsp	1.66	518313	518313	143350
pr136.tsp	1.67	518313	518313	139270
pr136.tsp	1.67	518313	518313	157913
pr136.tsp	1.66	518313	518313	153402
pr136.tsp	1.68	518313	518313	146598
pr136.tsp	1.67	518313	518313	144385
pr144.tsp	1.74	518313	518313	136724
pr144.tsp	1.76	518313	518313	142023
pr144.tsp	1.74	518313	518313	119863
pr144.tsp	1.74	518313	518313	126574
pr144.tsp	1.74	518313	518313	131039
pr144.tsp	1.74	518313	518313	134019
pr144.tsp	1.75	518313	518313	118037
pr144.tsp	1.74	518313	518313	116229
pr144.tsp	1.75	518313	518313	141243
pr144.tsp	1.76	518313	518313	129847
pr152.tsp	1.82	518313	518313	208003
pr152.tsp	1.84	518313	518313	161046
pr152.tsp	1.82	518313	518313	176738
pr152.tsp	1.83	518313	518313	148663
pr152.tsp	1.85	518313	518313	180674
pr152.tsp	1.81	518313	518313	163610
pr152.tsp	1.83	518313	518313	170668
pr152.tsp	1.82	518313	518313	187624
pr152.tsp	1.82	518313	518313	146041
pr152.tsp	1.82	518313	518313	173058
pr226.tsp	2.54	518313	518313	259363
pr226.tsp	2.52	518313	518313	216188
pr226.tsp	2.56	518313	518313	229595
pr226.tsp	2.53	518313	518313	250434
pr226.tsp	2.54	518313	518313	219648
pr226.tsp	2.55	518313	518313	238009
pr226.tsp	2.56	518313	518313	253625
pr226.tsp	2.54	518313	518313	257584
pr226.tsp	2.53	518313	518313	261556
pr226.tsp	2.54	518313	518313	258833
pr264.tsp	2.88	518313	518313	146828
pr264.tsp	2.88	518313	518313	184870
pr264.tsp	2.86	518313	518313	132838
pr264.tsp	2.88	518313	518313	154842
pr264.tsp	2.88	518313	518313	176001
pr264.tsp	2.89	518313	518313	150387
pr264.tsp	2.88	518313	518313	152923
pr264.tsp	2.87	518313	518313	147076
pr264.tsp	2.88	518313	518313	153735
pr264.tsp	2.88	518313	518313	142080
pr299.tsp	3.23	518313	518313	104661
pr299.tsp	3.22	518313	518313	109107
pr299.tsp	3.23	518313	518313	110677
pr299.tsp	3.24	518313	518313	103109
pr299.tsp	3.23	518313	518313	118523
pr299.tsp	3.22	518313	518313	105462
pr299.tsp	3.22	518313	518313	112612
pr299.tsp	3.23	518313	518313	117168
pr299.tsp	3.24	518313	518313	103450
pr299.tsp	3.24	518313	518313	116035
pr439.tsp	4.70	518313	518313	335637
pr439.tsp	4.72	518313	518313	294771
pr439.tsp	4.70	518313	518313	304495
pr439.tsp	4.71	518313	518313	328926
pr439.tsp	4.67	518313	518313	316277
pr439.tsp	4.70	518313	518313	320005
pr439.tsp	4.84	518313	518313	343600
pr439.tsp	4.71	518313	518313	319299
pr439.tsp	4.68	518313	518313	306874
pr439.tsp	4.70	518313	518313	330118
pr76.tsp	1.07	518313	518313	146575
pr76.tsp	1.09	518313	518313	141816
pr76.tsp	1.07	518313	518313	130914
pr76.tsp	1.07	518313	518313	152323
pr76.tsp	1.07	518313	518313	133801
pr76.tsp	1.08	518313	518313	132527
pr76.tsp	1.07	518313	518313	122535
pr76.tsp	1.09	518313	518313	134124
pr76.tsp	1.09	518313	518313	130724
pr76.tsp	1.09	518313	518313	148233
rat575.tsp	6.50	518313	518313	18757
rat575.tsp	6.49	518313	518313	18884
rat575.tsp	6.44	518313	518313	19537
rat575.tsp	6.45	518313	518313	17558
rat575.tsp	6.47	518313	518313	18155
rat575.tsp	6.47	518313	518313	17996
rat575.tsp	6.44	518313	518313	18005
rat575.tsp	6.45	518313	518313	19245
rat575.tsp	6.46	518313	518313	18452
rat575.tsp	6.47	518313	518313	17997
rat783.tsp	9.10	518313	518313	31829
rat783.tsp	9.19	518313	518313	30704
rat783.tsp	9.09	518313	518313	31182
rat783.tsp	9.09	518313	518313	33470
rat783.tsp	9.09	518313	518313	31359
rat783.tsp	9.08	518313	518313	34010
rat783.tsp	9.05	518313	518313	29946
rat783.tsp	9.08	518313	518313	33104
rat783.tsp	9.01	518313	518313	29670
rat783.tsp	9.02	518313	518313	30316
rat99.tsp	1.31	518313	518313	1755
rat99.tsp	1.31	518313	518313	1528
rat99.tsp	1.32	518313	518313	1571
rat99.tsp	1.30	518313	518313	1535
rat99.tsp	1.30	518313	518313	1562
rat99.tsp	1.31	518313	518313	1666
rat99.tsp	1.32	518313	518313	1624
rat99.tsp	1.30	518313	518313	1529
rat99.tsp	1.31	518313	518313	1703
rat99.tsp	1.30	518313	518313	1541
