a280.tsp	150.12	25510746	25510746	3569
a280.tsp	150.42	25510746	25510746	3477
a280.tsp	150.94	25510746	25510746	3455
a280.tsp	150.55	25510746	25510746	3622
a280.tsp	150.36	25510746	25510746	3324
a280.tsp	150.45	25510746	25510746	3631
a280.tsp	150.40	25510746	25510746	3480
a280.tsp	151.31	25510746	25510746	3265
a280.tsp	150.21	25510746	25510746	3652
a280.tsp	150.60	25510746	25510746	3549
berlin52.tsp	42.37	25510746	25510746	8031
berlin52.tsp	42.33	25510746	25510746	8062
berlin52.tsp	42.76	25510746	25510746	7666
berlin52.tsp	42.26	25510746	25510746	8071
berlin52.tsp	42.10	25510746	25510746	7777
berlin52.tsp	42.14	25510746	25510746	7727
berlin52.tsp	42.20	25510746	25510746	7824
berlin52.tsp	42.52	25510746	25510746	8039
berlin52.tsp	42.30	25510746	25510746	7745
berlin52.tsp	42.15	25510746	25510746	8084
bier127.tsp	78.10	25510746	25510746	131362
bier127.tsp	78.04	25510746	25510746	140252
bier127.tsp	77.88	25510746	25510746	131438
bier127.tsp	78.66	25510746	25510746	129360
bier127.tsp	78.20	25510746	25510746	127215
bier127.tsp	77.55	25510746	25510746	128212
bier127.tsp	77.72	25510746	25510746	128239
bier127.tsp	78.14	25510746	25510746	133654
bier127.tsp	78.96	25510746	25510746	129949
bier127.tsp	77.75	25510746	25510746	135676
eil101.tsp	65.54	25510746	25510746	660
eil101.tsp	65.42	25510746	25510746	657
eil101.tsp	66.21	25510746	25510746	676
eil101.tsp	65.36	25510746	25510746	664
eil101.tsp	65.01	25510746	25510746	651
eil101.tsp	65.16	25510746	25510746	651
eil101.tsp	65.04	25510746	25510746	666
eil101.tsp	66.14	25510746	25510746	663
eil101.tsp	65.22	25510746	25510746	670
eil101.tsp	65.20	25510746	25510746	665
eil51.tsp	42.85	25510746	25510746	428
eil51.tsp	42.85	25510746	25510746	424
eil51.tsp	43.02	25510746	25510746	426
eil51.tsp	42.78	25510746	25510746	435
eil51.tsp	41.90	25510746	25510746	432
eil51.tsp	41.94	25510746	25510746	445
eil51.tsp	42.33	25510746	25510746	435
eil51.tsp	42.94	25510746	25510746	418
eil51.tsp	42.64	25510746	25510746	433
eil51.tsp	42.53	25510746	25510746	432
eil76.tsp	53.80	25510746	25510746	554
eil76.tsp	53.85	25510746	25510746	548
eil76.tsp	53.60	25510746	25510746	562
eil76.tsp	53.75	25510746	25510746	544
eil76.tsp	53.65	25510746	25510746	549
eil76.tsp	53.82	25510746	25510746	548
eil76.tsp	53.94	25510746	25510746	568
eil76.tsp	53.98	25510746	25510746	555
eil76.tsp	53.98	25510746	25510746	550
eil76.tsp	53.70	25510746	25510746	572
gil262.tsp	141.88	25510746	25510746	2965
gil262.tsp	141.65	25510746	25510746	2975
gil262.tsp	141.31	25510746	25510746	3051
gil262.tsp	141.45	25510746	25510746	2933
gil262.tsp	141.34	25510746	25510746	3066
gil262.tsp	141.82	25510746	25510746	3000
gil262.tsp	141.34	25510746	25510746	3056
gil262.tsp	142.64	25510746	25510746	3084
gil262.tsp	141.58	25510746	25510746	2979
gil262.tsp	141.27	25510746	25510746	3076
kroA100.tsp	63.52	25510746	25510746	22402
kroA100.tsp	64.88	25510746	25510746	24074
kroA100.tsp	63.64	25510746	25510746	22271
kroA100.tsp	64.78	25510746	25510746	23652
kroA100.tsp	64.02	25510746	25510746	25132
kroA100.tsp	64.88	25510746	25510746	23055
kroA100.tsp	65.14	25510746	25510746	24821
kroA100.tsp	63.86	25510746	25510746	23004
kroA100.tsp	63.49	25510746	25510746	24010
kroA100.tsp	63.40	25510746	25510746	23490
kroA150.tsp	89.27	25510746	25510746	32873
kroA150.tsp	88.50	25510746	25510746	30590
kroA150.tsp	88.65	25510746	25510746	29893
kroA150.tsp	88.75	25510746	25510746	31056
kroA150.tsp	88.41	25510746	25510746	31927
kroA150.tsp	88.95	25510746	25510746	32227
kroA150.tsp	89.30	25510746	25510746	34021
kroA150.tsp	88.35	25510746	25510746	31530
kroA150.tsp	89.40	25510746	25510746	29975
kroA150.tsp	89.50	25510746	25510746	29202
kroA200.tsp	113.14	25510746	25510746	34568
kroA200.tsp	111.36	25510746	25510746	35444
kroA200.tsp	113.14	25510746	25510746	37924
kroA200.tsp	111.34	25510746	25510746	36281
kroA200.tsp	111.90	25510746	25510746	34632
kroA200.tsp	113.96	25510746	25510746	37159
kroA200.tsp	111.72	25510746	25510746	35637
kroA200.tsp	112.26	25510746	25510746	37008
kroA200.tsp	112.92	25510746	25510746	36117
kroA200.tsp	112.75	25510746	25510746	39010
kroB100.tsp	65.40	25510746	25510746	24704
kroB100.tsp	63.97	25510746	25510746	23962
kroB100.tsp	63.38	25510746	25510746	24225
kroB100.tsp	65.20	25510746	25510746	23626
kroB100.tsp	65.39	25510746	25510746	24596
kroB100.tsp	64.84	25510746	25510746	24384
kroB100.tsp	64.66	25510746	25510746	24906
kroB100.tsp	64.37	25510746	25510746	24437
kroB100.tsp	64.84	25510746	25510746	24046
kroB100.tsp	63.57	25510746	25510746	25304
kroB150.tsp	89.60	25510746	25510746	30201
kroB150.tsp	88.04	25510746	25510746	32691
kroB150.tsp	88.53	25510746	25510746	31775
kroB150.tsp	89.14	25510746	25510746	30614
kroB150.tsp	89.47	25510746	25510746	31069
kroB150.tsp	88.64	25510746	25510746	31642
kroB150.tsp	88.86	25510746	25510746	28854
kroB150.tsp	88.52	25510746	25510746	29791
kroB150.tsp	88.55	25510746	25510746	31722
kroB150.tsp	88.35	25510746	25510746	30409
kroB200.tsp	111.46	25510746	25510746	36790
kroB200.tsp	112.38	25510746	25510746	34249
kroB200.tsp	111.97	25510746	25510746	37724
kroB200.tsp	112.86	25510746	25510746	37815
kroB200.tsp	112.42	25510746	25510746	36687
kroB200.tsp	113.36	25510746	25510746	37456
kroB200.tsp	112.14	25510746	25510746	38742
kroB200.tsp	113.25	25510746	25510746	36983
kroB200.tsp	112.23	25510746	25510746	35856
kroB200.tsp	112.73	25510746	25510746	35111
kroC100.tsp	64.75	25510746	25510746	23131
kroC100.tsp	65.27	25510746	25510746	24137
kroC100.tsp	65.04	25510746	25510746	22610
kroC100.tsp	65.22	25510746	25510746	24009
kroC100.tsp	64.08	25510746	25510746	22508
kroC100.tsp	64.82	25510746	25510746	23342
kroC100.tsp	63.76	25510746	25510746	22646
kroC100.tsp	65.26	25510746	25510746	22539
kroC100.tsp	63.68	25510746	25510746	22212
kroC100.tsp	64.98	25510746	25510746	23010
kroD100.tsp	63.37	25510746	25510746	23205
kroD100.tsp	63.84	25510746	25510746	23621
kroD100.tsp	65.11	25510746	25510746	24341
kroD100.tsp	63.35	25510746	25510746	22977
kroD100.tsp	65.68	25510746	25510746	23224
kroD100.tsp	63.57	25510746	25510746	24416
kroD100.tsp	65.00	25510746	25510746	24515
kroD100.tsp	65.16	25510746	25510746	22930
kroD100.tsp	63.26	25510746	25510746	22336
kroD100.tsp	63.69	25510746	25510746	24031
kroE100.tsp	65.18	25510746	25510746	23553
kroE100.tsp	65.40	25510746	25510746	23938
kroE100.tsp	65.24	25510746	25510746	24874
kroE100.tsp	65.12	25510746	25510746	23666
kroE100.tsp	65.31	25510746	25510746	24362
kroE100.tsp	64.97	25510746	25510746	26576
kroE100.tsp	65.57	25510746	25510746	24199
kroE100.tsp	65.24	25510746	25510746	23923
kroE100.tsp	65.16	25510746	25510746	23544
kroE100.tsp	64.07	25510746	25510746	24478
lin105.tsp	66.33	25510746	25510746	16431
lin105.tsp	66.52	25510746	25510746	16305
lin105.tsp	65.58	25510746	25510746	16235
lin105.tsp	65.77	25510746	25510746	16279
lin105.tsp	65.88	25510746	25510746	15959
lin105.tsp	65.88	25510746	25510746	15651
lin105.tsp	67.45	25510746	25510746	16526
lin105.tsp	65.68	25510746	25510746	16807
lin105.tsp	66.77	25510746	25510746	15794
lin105.tsp	66.64	25510746	25510746	16670
lin318.tsp	168.54	25510746	25510746	58378
lin318.tsp	167.17	25510746	25510746	59599
lin318.tsp	166.77	25510746	25510746	61138
lin318.tsp	167.84	25510746	25510746	59507
lin318.tsp	167.36	25510746	25510746	59825
lin318.tsp	168.11	25510746	25510746	62251
lin318.tsp	168.12	25510746	25510746	61466
lin318.tsp	167.60	25510746	25510746	58773
lin318.tsp	168.42	25510746	25510746	61906
lin318.tsp	167.65	25510746	25510746	60779
linhp318.tsp	167.88	25510746	25510746	60923
linhp318.tsp	167.61	25510746	25510746	60170
linhp318.tsp	167.54	25510746	25510746	60401
linhp318.tsp	167.24	25510746	25510746	62251
linhp318.tsp	167.71	25510746	25510746	61929
linhp318.tsp	168.02	25510746	25510746	58097
linhp318.tsp	167.39	25510746	25510746	60139
linhp318.tsp	168.30	25510746	25510746	61575
linhp318.tsp	168.30	25510746	25510746	62983
linhp318.tsp	168.58	25510746	25510746	56108
pr107.tsp	67.03	25510746	25510746	49739
pr107.tsp	67.23	25510746	25510746	48865
pr107.tsp	67.29	25510746	25510746	62701
pr107.tsp	68.62	25510746	25510746	45280
pr107.tsp	67.49	25510746	25510746	46892
pr107.tsp	67.39	25510746	25510746	50010
pr107.tsp	67.94	25510746	25510746	61331
pr107.tsp	68.02	25510746	25510746	47542
pr107.tsp	67.32	25510746	25510746	46508
pr107.tsp	67.74	25510746	25510746	45335
pr124.tsp	75.43	25510746	25510746	71769
pr124.tsp	75.26	25510746	25510746	66746
pr124.tsp	74.93	25510746	25510746	73769
pr124.tsp	75.46	25510746	25510746	69664
pr124.tsp	75.38	25510746	25510746	60338
pr124.tsp	75.46	25510746	25510746	67345
pr124.tsp	75.36	25510746	25510746	75574
pr124.tsp	74.75	25510746	25510746	63354
pr124.tsp	74.86	25510746	25510746	67850
pr124.tsp	75.86	25510746	25510746	67135
pr136.tsp	83.26	25510746	25510746	110135
pr136.tsp	82.06	25510746	25510746	120868
pr136.tsp	82.92	25510746	25510746	106481
pr136.tsp	81.53	25510746	25510746	103862
pr136.tsp	81.58	25510746	25510746	108489
pr136.tsp	81.92	25510746	25510746	104942
pr136.tsp	82.18	25510746	25510746	113004
pr136.tsp	82.18	25510746	25510746	113252
pr136.tsp	81.97	25510746	25510746	113793
pr136.tsp	82.55	25510746	25510746	111759
pr144.tsp	85.70	25510746	25510746	80201
pr144.tsp	85.56	25510746	25510746	84644
pr144.tsp	85.20	25510746	25510746	74583
pr144.tsp	85.80	25510746	25510746	84234
pr144.tsp	85.35	25510746	25510746	83481
pr144.tsp	85.02	25510746	25510746	80553
pr144.tsp	85.24	25510746	25510746	79720
pr144.tsp	85.94	25510746	25510746	82219
pr144.tsp	85.23	25510746	25510746	77413
pr144.tsp	85.01	25510746	25510746	72562
pr152.tsp	89.52	25510746	25510746	96554
pr152.tsp	89.52	25510746	25510746	107109
pr152.tsp	89.58	25510746	25510746	102007
pr152.tsp	89.77	25510746	25510746	107851
pr152.tsp	89.15	25510746	25510746	91316
pr152.tsp	89.60	25510746	25510746	88991
pr152.tsp	89.76	25510746	25510746	93490
pr152.tsp	89.27	25510746	25510746	95271
pr152.tsp	89.09	25510746	25510746	97606
pr152.tsp	89.48	25510746	25510746	110943
pr226.tsp	125.44	25510746	25510746	127329
pr226.tsp	124.49	25510746	25510746	129351
pr226.tsp	135.85	25510746	25510746	114518
pr226.tsp	125.62	25510746	25510746	117607
pr226.tsp	124.74	25510746	25510746	144497
pr226.tsp	124.57	25510746	25510746	114811
pr226.tsp	125.13	25510746	25510746	134036
pr226.tsp	125.42	25510746	25510746	127493
pr226.tsp	125.28	25510746	25510746	112996
pr226.tsp	124.16	25510746	25510746	128897
pr264.tsp	140.83	25510746	25510746	72911
pr264.tsp	141.78	25510746	25510746	83891
pr264.tsp	141.65	25510746	25510746	84329
pr264.tsp	140.90	25510746	25510746	86805
pr264.tsp	141.01	25510746	25510746	80411
pr264.tsp	141.55	25510746	25510746	89481
pr264.tsp	140.75	25510746	25510746	83433
pr264.tsp	141.42	25510746	25510746	82200
pr264.tsp	140.87	25510746	25510746	72750
pr264.tsp	141.21	25510746	25510746	81131
pr299.tsp	158.53	25510746	25510746	65810
pr299.tsp	158.58	25510746	25510746	68540
pr299.tsp	158.12	25510746	25510746	65928
pr299.tsp	158.76	25510746	25510746	72588
pr299.tsp	158.29	25510746	25510746	72952
pr299.tsp	158.16	25510746	25510746	68816
pr299.tsp	158.86	25510746	25510746	68538
pr299.tsp	158.25	25510746	25510746	65008
pr299.tsp	158.07	25510746	25510746	68001
pr299.tsp	158.35	25510746	25510746	65760
pr439.tsp	229.49	25510746	25510746	167457
pr439.tsp	230.59	25510746	25510746	183410
pr439.tsp	229.66	25510746	25510746	170648
pr439.tsp	229.45	25510746	25510746	179008
pr439.tsp	229.88	25510746	25510746	179375
pr439.tsp	230.55	25510746	25510746	161602
pr439.tsp	230.75	25510746	25510746	176522
pr439.tsp	230.03	25510746	25510746	174947
pr439.tsp	229.43	25510746	25510746	175281
pr439.tsp	229.98	25510746	25510746	158807
pr76.tsp	53.06	25510746	25510746	119870
pr76.tsp	53.60	25510746	25510746	114070
pr76.tsp	53.64	25510746	25510746	115215
pr76.tsp	53.34	25510746	25510746	118497
pr76.tsp	53.93	25510746	25510746	122236
pr76.tsp	52.47	25510746	25510746	111046
pr76.tsp	52.69	25510746	25510746	118997
pr76.tsp	53.73	25510746	25510746	117761
pr76.tsp	53.72	25510746	25510746	110160
pr76.tsp	53.28	25510746	25510746	116907
rat575.tsp	316.90	25510746	25510746	10438
rat575.tsp	318.13	25510746	25510746	10017
rat575.tsp	317.88	25510746	25510746	9980
rat575.tsp	317.98	25510746	25510746	10638
rat575.tsp	318.44	25510746	25510746	10125
rat575.tsp	317.49	25510746	25510746	9788
rat575.tsp	318.12	25510746	25510746	9469
rat575.tsp	320.00	25510746	25510746	9937
rat575.tsp	317.95	25510746	25510746	10524
rat575.tsp	318.66	25510746	25510746	10502
rat783.tsp	444.39	25510746	25510746	15624
rat783.tsp	443.73	25510746	25510746	15702
rat783.tsp	444.20	25510746	25510746	15606
rat783.tsp	445.34	25510746	25510746	17086
rat783.tsp	442.26	25510746	25510746	15028
rat783.tsp	444.90	25510746	25510746	15559
rat783.tsp	443.92	25510746	25510746	15781
rat783.tsp	443.58	25510746	25510746	15362
rat783.tsp	443.23	25510746	25510746	15648
rat783.tsp	445.46	25510746	25510746	14992
rat99.tsp	64.04	25510746	25510746	1281
rat99.tsp	64.50	25510746	25510746	1321
rat99.tsp	69.94	25510746	25510746	1337
rat99.tsp	72.98	25510746	25510746	1346
rat99.tsp	63.92	25510746	25510746	1274
rat99.tsp	64.32	25510746	25510746	1382
rat99.tsp	64.02	25510746	25510746	1360
rat99.tsp	63.94	25510746	25510746	1318
rat99.tsp	64.92	25510746	25510746	1322
rat99.tsp	64.07	25510746	25510746	1288
