a280.tsp	1.51	255096	255096	6264
a280.tsp	1.51	255096	255096	6097
a280.tsp	1.52	255096	255096	6582
a280.tsp	1.50	255096	255096	5735
a280.tsp	1.51	255096	255096	6416
a280.tsp	1.50	255096	255096	6248
a280.tsp	1.50	255096	255096	6155
a280.tsp	1.50	255096	255096	5679
a280.tsp	1.51	255096	255096	6175
a280.tsp	1.51	255096	255096	5992
berlin52.tsp	0.42	255096	255096	9156
berlin52.tsp	0.42	255096	255096	9053
berlin52.tsp	0.42	255096	255096	8655
berlin52.tsp	0.43	255096	255096	9262
berlin52.tsp	0.42	255096	255096	8693
berlin52.tsp	0.42	255096	255096	9632
berlin52.tsp	0.42	255096	255096	8525
berlin52.tsp	0.42	255096	255096	9046
berlin52.tsp	0.42	255096	255096	8935
berlin52.tsp	0.43	255096	255096	9557
bier127.tsp	0.78	255096	255096	166318
bier127.tsp	0.78	255096	255096	174511
bier127.tsp	0.78	255096	255096	160065
bier127.tsp	0.78	255096	255096	162990
bier127.tsp	0.77	255096	255096	169112
bier127.tsp	0.77	255096	255096	157308
bier127.tsp	0.78	255096	255096	172185
bier127.tsp	0.78	255096	255096	173740
bier127.tsp	0.78	255096	255096	164001
bier127.tsp	0.78	255096	255096	186573
eil101.tsp	0.65	255096	255096	777
eil101.tsp	0.65	255096	255096	748
eil101.tsp	0.65	255096	255096	805
eil101.tsp	0.65	255096	255096	863
eil101.tsp	0.65	255096	255096	798
eil101.tsp	0.70	255096	255096	781
eil101.tsp	0.65	255096	255096	875
eil101.tsp	0.66	255096	255096	777
eil101.tsp	0.65	255096	255096	858
eil101.tsp	0.65	255096	255096	774
eil51.tsp	0.43	255096	255096	450
eil51.tsp	0.43	255096	255096	477
eil51.tsp	0.42	255096	255096	469
eil51.tsp	0.42	255096	255096	477
eil51.tsp	0.42	255096	255096	467
eil51.tsp	0.42	255096	255096	449
eil51.tsp	0.43	255096	255096	501
eil51.tsp	0.42	255096	255096	497
eil51.tsp	0.43	255096	255096	466
eil51.tsp	0.42	255096	255096	487
eil76.tsp	0.53	255096	255096	709
eil76.tsp	0.53	255096	255096	663
eil76.tsp	0.53	255096	255096	629
eil76.tsp	0.53	255096	255096	653
eil76.tsp	0.54	255096	255096	619
eil76.tsp	0.54	255096	255096	639
eil76.tsp	0.54	255096	255096	638
eil76.tsp	0.54	255096	255096	664
eil76.tsp	0.54	255096	255096	701
eil76.tsp	0.53	255096	255096	638
gil262.tsp	1.42	255096	255096	4468
gil262.tsp	1.41	255096	255096	5283
gil262.tsp	1.42	255096	255096	5223
gil262.tsp	1.41	255096	255096	5029
gil262.tsp	1.41	255096	255096	4969
gil262.tsp	1.42	255096	255096	4860
gil262.tsp	1.41	255096	255096	5428
gil262.tsp	1.42	255096	255096	4923
gil262.tsp	1.42	255096	255096	4907
gil262.tsp	1.42	255096	255096	5065
kroA100.tsp	0.64	255096	255096	37722
kroA100.tsp	0.64	255096	255096	32606
kroA100.tsp	0.63	255096	255096	32501
kroA100.tsp	0.64	255096	255096	32890
kroA100.tsp	0.64	255096	255096	30360
kroA100.tsp	0.63	255096	255096	34772
kroA100.tsp	0.64	255096	255096	30901
kroA100.tsp	0.65	255096	255096	33697
kroA100.tsp	0.64	255096	255096	32509
kroA100.tsp	0.64	255096	255096	30704
kroA150.tsp	0.89	255096	255096	47859
kroA150.tsp	0.88	255096	255096	49199
kroA150.tsp	0.90	255096	255096	45545
kroA150.tsp	0.88	255096	255096	46476
kroA150.tsp	0.89	255096	255096	41538
kroA150.tsp	0.89	255096	255096	44605
kroA150.tsp	0.89	255096	255096	45123
kroA150.tsp	0.89	255096	255096	51049
kroA150.tsp	0.88	255096	255096	49031
kroA150.tsp	0.89	255096	255096	48288
kroA200.tsp	1.12	255096	255096	61731
kroA200.tsp	1.12	255096	255096	57492
kroA200.tsp	1.13	255096	255096	57224
kroA200.tsp	1.12	255096	255096	54272
kroA200.tsp	1.12	255096	255096	58219
kroA200.tsp	1.12	255096	255096	61035
kroA200.tsp	1.13	255096	255096	58028
kroA200.tsp	1.12	255096	255096	56763
kroA200.tsp	1.12	255096	255096	61229
kroA200.tsp	1.12	255096	255096	60483
kroB100.tsp	0.65	255096	255096	34251
kroB100.tsp	0.63	255096	255096	32614
kroB100.tsp	0.65	255096	255096	30688
kroB100.tsp	0.64	255096	255096	33322
kroB100.tsp	0.64	255096	255096	27923
kroB100.tsp	0.65	255096	255096	32026
kroB100.tsp	0.64	255096	255096	33950
kroB100.tsp	0.64	255096	255096	33448
kroB100.tsp	0.65	255096	255096	35683
kroB100.tsp	0.64	255096	255096	33082
kroB150.tsp	0.88	255096	255096	44164
kroB150.tsp	0.89	255096	255096	41957
kroB150.tsp	0.89	255096	255096	45361
kroB150.tsp	0.88	255096	255096	40276
kroB150.tsp	0.89	255096	255096	44372
kroB150.tsp	0.89	255096	255096	51600
kroB150.tsp	0.88	255096	255096	50763
kroB150.tsp	0.89	255096	255096	52392
kroB150.tsp	0.88	255096	255096	40886
kroB150.tsp	0.89	255096	255096	45436
kroB200.tsp	1.12	255096	255096	62315
kroB200.tsp	1.12	255096	255096	56564
kroB200.tsp	1.13	255096	255096	65540
kroB200.tsp	1.12	255096	255096	55960
kroB200.tsp	1.13	255096	255096	55641
kroB200.tsp	1.13	255096	255096	59823
kroB200.tsp	1.12	255096	255096	57990
kroB200.tsp	1.12	255096	255096	57973
kroB200.tsp	1.12	255096	255096	54046
kroB200.tsp	1.12	255096	255096	60904
kroC100.tsp	0.64	255096	255096	30749
kroC100.tsp	0.64	255096	255096	30611
kroC100.tsp	0.65	255096	255096	35909
kroC100.tsp	0.64	255096	255096	30981
kroC100.tsp	0.65	255096	255096	29257
kroC100.tsp	0.65	255096	255096	29240
kroC100.tsp	0.65	255096	255096	36195
kroC100.tsp	0.63	255096	255096	34440
kroC100.tsp	0.64	255096	255096	29368
kroC100.tsp	0.64	255096	255096	36511
kroD100.tsp	0.63	255096	255096	31547
kroD100.tsp	0.63	255096	255096	33115
kroD100.tsp	0.64	255096	255096	29844
kroD100.tsp	0.64	255096	255096	31535
kroD100.tsp	0.65	255096	255096	32395
kroD100.tsp	0.65	255096	255096	31431
kroD100.tsp	0.64	255096	255096	33229
kroD100.tsp	0.64	255096	255096	31142
kroD100.tsp	0.64	255096	255096	33713
kroD100.tsp	0.63	255096	255096	31986
kroE100.tsp	0.63	255096	255096	34779
kroE100.tsp	0.65	255096	255096	31863
kroE100.tsp	0.64	255096	255096	36171
kroE100.tsp	0.65	255096	255096	35033
kroE100.tsp	0.64	255096	255096	34089
kroE100.tsp	0.65	255096	255096	31030
kroE100.tsp	0.64	255096	255096	37470
kroE100.tsp	0.64	255096	255096	29734
kroE100.tsp	0.63	255096	255096	35391
kroE100.tsp	0.63	255096	255096	29553
lin105.tsp	0.66	255096	255096	26394
lin105.tsp	0.66	255096	255096	22810
lin105.tsp	0.66	255096	255096	22415
lin105.tsp	0.66	255096	255096	26393
lin105.tsp	0.66	255096	255096	21634
lin105.tsp	0.66	255096	255096	23312
lin105.tsp	0.66	255096	255096	20895
lin105.tsp	0.66	255096	255096	26706
lin105.tsp	0.66	255096	255096	22634
lin105.tsp	0.66	255096	255096	23531
lin318.tsp	1.68	255096	255096	95960
lin318.tsp	1.68	255096	255096	120109
lin318.tsp	1.68	255096	255096	116164
lin318.tsp	1.68	255096	255096	103805
lin318.tsp	1.68	255096	255096	111461
lin318.tsp	1.68	255096	255096	104151
lin318.tsp	1.68	255096	255096	108450
lin318.tsp	1.69	255096	255096	115455
lin318.tsp	1.68	255096	255096	108861
lin318.tsp	1.68	255096	255096	112124
linhp318.tsp	1.68	255096	255096	101420
linhp318.tsp	1.69	255096	255096	104165
linhp318.tsp	1.68	255096	255096	103220
linhp318.tsp	1.68	255096	255096	104349
linhp318.tsp	1.68	255096	255096	107609
linhp318.tsp	1.68	255096	255096	115074
linhp318.tsp	1.68	255096	255096	109637
linhp318.tsp	1.68	255096	255096	109127
linhp318.tsp	1.68	255096	255096	112746
linhp318.tsp	1.69	255096	255096	104839
pr107.tsp	0.67	255096	255096	89129
pr107.tsp	0.67	255096	255096	81271
pr107.tsp	0.67	255096	255096	84100
pr107.tsp	0.67	255096	255096	77424
pr107.tsp	0.67	255096	255096	102500
pr107.tsp	0.67	255096	255096	99815
pr107.tsp	0.67	255096	255096	75043
pr107.tsp	0.67	255096	255096	72147
pr107.tsp	0.67	255096	255096	96742
pr107.tsp	0.67	255096	255096	98593
pr124.tsp	0.75	255096	255096	104015
pr124.tsp	0.91	255096	255096	107646
pr124.tsp	0.75	255096	255096	142386
pr124.tsp	0.75	255096	255096	117763
pr124.tsp	0.77	255096	255096	112448
pr124.tsp	0.75	255096	255096	106411
pr124.tsp	0.74	255096	255096	111024
pr124.tsp	0.76	255096	255096	106938
pr124.tsp	0.76	255096	255096	118913
pr124.tsp	0.75	255096	255096	106959
pr136.tsp	0.82	255096	255096	160375
pr136.tsp	0.82	255096	255096	161273
pr136.tsp	0.83	255096	255096	162024
pr136.tsp	0.82	255096	255096	149365
pr136.tsp	0.82	255096	255096	149192
pr136.tsp	0.82	255096	255096	173947
pr136.tsp	0.82	255096	255096	159176
pr136.tsp	0.81	255096	255096	159053
pr136.tsp	0.82	255096	255096	166148
pr136.tsp	0.82	255096	255096	164059
pr144.tsp	0.86	255096	255096	147008
pr144.tsp	0.86	255096	255096	160599
pr144.tsp	0.85	255096	255096	157966
pr144.tsp	0.86	255096	255096	149903
pr144.tsp	0.86	255096	255096	160062
pr144.tsp	0.86	255096	255096	132815
pr144.tsp	0.86	255096	255096	148687
pr144.tsp	0.86	255096	255096	150204
pr144.tsp	0.85	255096	255096	143656
pr144.tsp	0.86	255096	255096	152077
pr152.tsp	0.90	255096	255096	185573
pr152.tsp	0.89	255096	255096	191689
pr152.tsp	0.90	255096	255096	171479
pr152.tsp	0.90	255096	255096	185492
pr152.tsp	0.89	255096	255096	187153
pr152.tsp	0.89	255096	255096	198144
pr152.tsp	0.89	255096	255096	197450
pr152.tsp	0.89	255096	255096	181334
pr152.tsp	0.89	255096	255096	204505
pr152.tsp	0.90	255096	255096	176037
pr226.tsp	1.24	255096	255096	244501
pr226.tsp	1.25	255096	255096	287522
pr226.tsp	1.25	255096	255096	313291
pr226.tsp	1.25	255096	255096	267874
pr226.tsp	1.36	255096	255096	268415
pr226.tsp	1.25	255096	255096	284204
pr226.tsp	1.25	255096	255096	268085
pr226.tsp	1.25	255096	255096	255558
pr226.tsp	1.24	255096	255096	267762
pr226.tsp	1.25	255096	255096	284554
pr264.tsp	1.42	255096	255096	188837
pr264.tsp	1.41	255096	255096	163368
pr264.tsp	1.85	255096	255096	153665
pr264.tsp	1.42	255096	255096	187057
pr264.tsp	1.41	255096	255096	157546
pr264.tsp	1.41	255096	255096	169942
pr264.tsp	1.42	255096	255096	178920
pr264.tsp	1.41	255096	255096	182071
pr264.tsp	1.42	255096	255096	177092
pr264.tsp	1.41	255096	255096	175010
pr299.tsp	1.59	255096	255096	127836
pr299.tsp	1.59	255096	255096	123425
pr299.tsp	1.59	255096	255096	126835
pr299.tsp	1.58	255096	255096	123959
pr299.tsp	1.58	255096	255096	128608
pr299.tsp	1.59	255096	255096	119242
pr299.tsp	1.58	255096	255096	123913
pr299.tsp	1.59	255096	255096	124973
pr299.tsp	1.58	255096	255096	121982
pr299.tsp	1.58	255096	255096	118430
pr439.tsp	2.31	255096	255096	331843
pr439.tsp	2.30	255096	255096	370798
pr439.tsp	2.30	255096	255096	353673
pr439.tsp	2.30	255096	255096	366251
pr439.tsp	2.31	255096	255096	336610
pr439.tsp	2.30	255096	255096	353529
pr439.tsp	2.31	255096	255096	320411
pr439.tsp	2.30	255096	255096	359769
pr439.tsp	2.30	255096	255096	352341
pr439.tsp	2.32	255096	255096	357417
pr76.tsp	0.53	255096	255096	133815
pr76.tsp	0.53	255096	255096	137134
pr76.tsp	0.63	255096	255096	153339
pr76.tsp	0.53	255096	255096	138643
pr76.tsp	0.53	255096	255096	156257
pr76.tsp	0.52	255096	255096	136204
pr76.tsp	0.54	255096	255096	130606
pr76.tsp	0.53	255096	255096	134745
pr76.tsp	0.52	255096	255096	148554
pr76.tsp	0.54	255096	255096	135792
rat575.tsp	3.17	255096	255096	21075
rat575.tsp	3.20	255096	255096	21691
rat575.tsp	3.20	255096	255096	21431
rat575.tsp	3.18	255096	255096	21723
rat575.tsp	3.20	255096	255096	21002
rat575.tsp	3.17	255096	255096	23085
rat575.tsp	3.19	255096	255096	21358
rat575.tsp	3.17	255096	255096	21415
rat575.tsp	3.18	255096	255096	22848
rat575.tsp	3.20	255096	255096	21408
rat783.tsp	4.43	255096	255096	36220
rat783.tsp	4.43	255096	255096	36327
rat783.tsp	4.44	255096	255096	38699
rat783.tsp	4.43	255096	255096	37005
rat783.tsp	4.44	255096	255096	34929
rat783.tsp	4.45	255096	255096	36565
rat783.tsp	4.43	255096	255096	36958
rat783.tsp	4.42	255096	255096	37802
rat783.tsp	4.43	255096	255096	36184
rat783.tsp	4.45	255096	255096	37145
rat99.tsp	0.64	255096	255096	1593
rat99.tsp	0.64	255096	255096	1556
rat99.tsp	0.64	255096	255096	1687
rat99.tsp	0.64	255096	255096	1676
rat99.tsp	0.64	255096	255096	1594
rat99.tsp	0.64	255096	255096	1637
rat99.tsp	0.64	255096	255096	1529
rat99.tsp	0.64	255096	255096	1635
rat99.tsp	0.64	255096	255096	2010
rat99.tsp	0.64	255096	255096	1494
