a280.tsp	3.78	637758	637758	5320
a280.tsp	3.76	637758	637758	5455
a280.tsp	3.76	637758	637758	5283
a280.tsp	3.76	637758	637758	5215
a280.tsp	3.76	637758	637758	5010
a280.tsp	3.77	637758	637758	5291
a280.tsp	3.77	637758	637758	4995
a280.tsp	3.75	637758	637758	5270
a280.tsp	3.76	637758	637758	4835
a280.tsp	3.79	637758	637758	5238
berlin52.tsp	1.04	637758	637758	8528
berlin52.tsp	1.04	637758	637758	9095
berlin52.tsp	1.06	637758	637758	8416
berlin52.tsp	1.14	637758	637758	8589
berlin52.tsp	1.05	637758	637758	8365
berlin52.tsp	1.05	637758	637758	8405
berlin52.tsp	1.05	637758	637758	8202
berlin52.tsp	1.06	637758	637758	8187
berlin52.tsp	1.15	637758	637758	8417
berlin52.tsp	1.05	637758	637758	8404
bier127.tsp	1.95	637758	637758	165240
bier127.tsp	1.95	637758	637758	167070
bier127.tsp	1.95	637758	637758	156844
bier127.tsp	1.96	637758	637758	151240
bier127.tsp	1.98	637758	637758	152033
bier127.tsp	1.94	637758	637758	157762
bier127.tsp	1.95	637758	637758	156901
bier127.tsp	1.94	637758	637758	149511
bier127.tsp	1.94	637758	637758	156390
bier127.tsp	1.96	637758	637758	161112
eil101.tsp	1.62	637758	637758	704
eil101.tsp	1.65	637758	637758	803
eil101.tsp	1.65	637758	637758	765
eil101.tsp	1.63	637758	637758	792
eil101.tsp	1.64	637758	637758	782
eil101.tsp	1.63	637758	637758	742
eil101.tsp	1.64	637758	637758	779
eil101.tsp	1.64	637758	637758	763
eil101.tsp	1.62	637758	637758	748
eil101.tsp	1.63	637758	637758	774
eil51.tsp	1.04	637758	637758	471
eil51.tsp	1.07	637758	637758	466
eil51.tsp	1.06	637758	637758	447
eil51.tsp	1.06	637758	637758	458
eil51.tsp	1.07	637758	637758	463
eil51.tsp	1.06	637758	637758	457
eil51.tsp	1.06	637758	637758	444
eil51.tsp	1.06	637758	637758	448
eil51.tsp	1.05	637758	637758	441
eil51.tsp	1.05	637758	637758	456
eil76.tsp	1.35	637758	637758	608
eil76.tsp	1.34	637758	637758	612
eil76.tsp	1.34	637758	637758	620
eil76.tsp	1.35	637758	637758	652
eil76.tsp	1.34	637758	637758	621
eil76.tsp	1.35	637758	637758	625
eil76.tsp	1.40	637758	637758	613
eil76.tsp	1.34	637758	637758	611
eil76.tsp	1.34	637758	637758	622
eil76.tsp	1.34	637758	637758	614
gil262.tsp	3.53	637758	637758	4649
gil262.tsp	3.53	637758	637758	4704
gil262.tsp	3.53	637758	637758	4357
gil262.tsp	3.54	637758	637758	4679
gil262.tsp	3.56	637758	637758	4440
gil262.tsp	3.54	637758	637758	4406
gil262.tsp	3.54	637758	637758	4348
gil262.tsp	3.54	637758	637758	4499
gil262.tsp	3.53	637758	637758	4416
gil262.tsp	3.53	637758	637758	4917
kroA100.tsp	1.61	637758	637758	30622
kroA100.tsp	1.62	637758	637758	29301
kroA100.tsp	1.58	637758	637758	27892
kroA100.tsp	1.64	637758	637758	28294
kroA100.tsp	1.58	637758	637758	26723
kroA100.tsp	1.61	637758	637758	29491
kroA100.tsp	1.58	637758	637758	30446
kroA100.tsp	1.62	637758	637758	32826
kroA100.tsp	1.63	637758	637758	31187
kroA100.tsp	1.62	637758	637758	29027
kroA150.tsp	2.22	637758	637758	39445
kroA150.tsp	2.21	637758	637758	39381
kroA150.tsp	2.22	637758	637758	38775
kroA150.tsp	2.20	637758	637758	41960
kroA150.tsp	2.23	637758	637758	41364
kroA150.tsp	2.23	637758	637758	41891
kroA150.tsp	2.21	637758	637758	37734
kroA150.tsp	2.20	637758	637758	43613
kroA150.tsp	2.20	637758	637758	44560
kroA150.tsp	2.21	637758	637758	40662
kroA200.tsp	2.80	637758	637758	56034
kroA200.tsp	2.82	637758	637758	56037
kroA200.tsp	2.84	637758	637758	60492
kroA200.tsp	2.79	637758	637758	56002
kroA200.tsp	2.80	637758	637758	50074
kroA200.tsp	2.82	637758	637758	53895
kroA200.tsp	2.81	637758	637758	53996
kroA200.tsp	2.81	637758	637758	51071
kroA200.tsp	2.79	637758	637758	51974
kroA200.tsp	2.79	637758	637758	50096
kroB100.tsp	1.61	637758	637758	29823
kroB100.tsp	1.61	637758	637758	28475
kroB100.tsp	1.63	637758	637758	36518
kroB100.tsp	1.60	637758	637758	28700
kroB100.tsp	1.59	637758	637758	30595
kroB100.tsp	2.10	637758	637758	29239
kroB100.tsp	1.60	637758	637758	30692
kroB100.tsp	1.59	637758	637758	29525
kroB100.tsp	1.63	637758	637758	30689
kroB100.tsp	1.64	637758	637758	31897
kroB150.tsp	2.21	637758	637758	41449
kroB150.tsp	2.21	637758	637758	43041
kroB150.tsp	2.22	637758	637758	43626
kroB150.tsp	2.21	637758	637758	43485
kroB150.tsp	2.23	637758	637758	39696
kroB150.tsp	2.20	637758	637758	39966
kroB150.tsp	2.22	637758	637758	44226
kroB150.tsp	2.21	637758	637758	40277
kroB150.tsp	2.23	637758	637758	39551
kroB150.tsp	2.23	637758	637758	42056
kroB200.tsp	2.83	637758	637758	52904
kroB200.tsp	2.80	637758	637758	59546
kroB200.tsp	2.81	637758	637758	50261
kroB200.tsp	2.81	637758	637758	55116
kroB200.tsp	2.81	637758	637758	48513
kroB200.tsp	2.79	637758	637758	53669
kroB200.tsp	2.81	637758	637758	55097
kroB200.tsp	2.82	637758	637758	47952
kroB200.tsp	2.82	637758	637758	47665
kroB200.tsp	2.81	637758	637758	47163
kroC100.tsp	1.60	637758	637758	27613
kroC100.tsp	1.59	637758	637758	30079
kroC100.tsp	1.63	637758	637758	27625
kroC100.tsp	1.62	637758	637758	26770
kroC100.tsp	1.62	637758	637758	30255
kroC100.tsp	1.58	637758	637758	27816
kroC100.tsp	1.62	637758	637758	27883
kroC100.tsp	1.62	637758	637758	29964
kroC100.tsp	1.60	637758	637758	26229
kroC100.tsp	1.61	637758	637758	30979
kroD100.tsp	1.60	637758	637758	29563
kroD100.tsp	1.59	637758	637758	28381
kroD100.tsp	1.58	637758	637758	28945
kroD100.tsp	1.58	637758	637758	29399
kroD100.tsp	1.60	637758	637758	31059
kroD100.tsp	1.58	637758	637758	34042
kroD100.tsp	1.74	637758	637758	31080
kroD100.tsp	1.62	637758	637758	28356
kroD100.tsp	1.60	637758	637758	27561
kroD100.tsp	1.60	637758	637758	29998
kroE100.tsp	1.58	637758	637758	30601
kroE100.tsp	1.62	637758	637758	30124
kroE100.tsp	1.63	637758	637758	33921
kroE100.tsp	1.62	637758	637758	30304
kroE100.tsp	1.60	637758	637758	30684
kroE100.tsp	1.62	637758	637758	29389
kroE100.tsp	1.60	637758	637758	29960
kroE100.tsp	1.63	637758	637758	30118
kroE100.tsp	1.62	637758	637758	30598
kroE100.tsp	1.58	637758	637758	29752
lin105.tsp	1.66	637758	637758	21698
lin105.tsp	1.66	637758	637758	21764
lin105.tsp	1.66	637758	637758	26064
lin105.tsp	1.67	637758	637758	19535
lin105.tsp	1.63	637758	637758	19495
lin105.tsp	1.66	637758	637758	22133
lin105.tsp	1.66	637758	637758	20123
lin105.tsp	1.67	637758	637758	18888
lin105.tsp	1.64	637758	637758	22952
lin105.tsp	1.64	637758	637758	23154
lin318.tsp	4.21	637758	637758	100145
lin318.tsp	4.21	637758	637758	90597
lin318.tsp	4.20	637758	637758	95069
lin318.tsp	4.20	637758	637758	91808
lin318.tsp	4.20	637758	637758	95501
lin318.tsp	4.21	637758	637758	97440
lin318.tsp	4.20	637758	637758	89525
lin318.tsp	4.20	637758	637758	88524
lin318.tsp	4.20	637758	637758	93998
lin318.tsp	4.21	637758	637758	102565
linhp318.tsp	4.20	637758	637758	93928
linhp318.tsp	4.20	637758	637758	105120
linhp318.tsp	4.19	637758	637758	94522
linhp318.tsp	4.20	637758	637758	100474
linhp318.tsp	4.22	637758	637758	96061
linhp318.tsp	4.20	637758	637758	87243
linhp318.tsp	4.20	637758	637758	102333
linhp318.tsp	4.22	637758	637758	97969
linhp318.tsp	4.20	637758	637758	109023
linhp318.tsp	4.20	637758	637758	96393
pr107.tsp	1.68	637758	637758	79514
pr107.tsp	1.68	637758	637758	83680
pr107.tsp	1.68	637758	637758	84647
pr107.tsp	1.68	637758	637758	84149
pr107.tsp	1.69	637758	637758	82103
pr107.tsp	1.68	637758	637758	68068
pr107.tsp	1.68	637758	637758	86552
pr107.tsp	1.68	637758	637758	72229
pr107.tsp	1.68	637758	637758	79039
pr107.tsp	1.68	637758	637758	68042
pr124.tsp	1.88	637758	637758	106680
pr124.tsp	1.88	637758	637758	96293
pr124.tsp	1.87	637758	637758	102264
pr124.tsp	1.88	637758	637758	111259
pr124.tsp	1.88	637758	637758	110303
pr124.tsp	1.89	637758	637758	100158
pr124.tsp	1.87	637758	637758	95876
pr124.tsp	1.88	637758	637758	109216
pr124.tsp	1.89	637758	637758	104559
pr124.tsp	1.89	637758	637758	119578
pr136.tsp	2.06	637758	637758	150447
pr136.tsp	2.05	637758	637758	143860
pr136.tsp	2.06	637758	637758	135193
pr136.tsp	2.05	637758	637758	143742
pr136.tsp	2.06	637758	637758	133105
pr136.tsp	2.06	637758	637758	137566
pr136.tsp	2.04	637758	637758	142754
pr136.tsp	2.06	637758	637758	157982
pr136.tsp	2.06	637758	637758	153516
pr136.tsp	2.05	637758	637758	154923
pr144.tsp	2.15	637758	637758	114551
pr144.tsp	2.15	637758	637758	112221
pr144.tsp	2.15	637758	637758	132041
pr144.tsp	2.13	637758	637758	123342
pr144.tsp	2.14	637758	637758	120244
pr144.tsp	2.15	637758	637758	129991
pr144.tsp	2.14	637758	637758	151474
pr144.tsp	2.14	637758	637758	124056
pr144.tsp	2.14	637758	637758	129556
pr144.tsp	2.14	637758	637758	123721
pr152.tsp	2.24	637758	637758	175586
pr152.tsp	2.24	637758	637758	139783
pr152.tsp	2.24	637758	637758	185627
pr152.tsp	2.24	637758	637758	149217
pr152.tsp	2.24	637758	637758	154327
pr152.tsp	2.24	637758	637758	131270
pr152.tsp	2.24	637758	637758	163900
pr152.tsp	2.23	637758	637758	167622
pr152.tsp	2.22	637758	637758	159968
pr152.tsp	2.27	637758	637758	146826
pr226.tsp	3.12	637758	637758	239982
pr226.tsp	3.12	637758	637758	236067
pr226.tsp	3.12	637758	637758	221601
pr226.tsp	3.13	637758	637758	272396
pr226.tsp	3.12	637758	637758	237814
pr226.tsp	3.10	637758	637758	234800
pr226.tsp	3.11	637758	637758	220034
pr226.tsp	3.10	637758	637758	242615
pr226.tsp	3.12	637758	637758	212978
pr226.tsp	3.13	637758	637758	218048
pr264.tsp	3.53	637758	637758	157802
pr264.tsp	3.54	637758	637758	161555
pr264.tsp	4.59	637758	637758	153878
pr264.tsp	3.53	637758	637758	188308
pr264.tsp	3.56	637758	637758	158953
pr264.tsp	3.53	637758	637758	134240
pr264.tsp	3.53	637758	637758	164082
pr264.tsp	3.52	637758	637758	141050
pr264.tsp	3.53	637758	637758	156405
pr264.tsp	3.54	637758	637758	160750
pr299.tsp	3.96	637758	637758	110833
pr299.tsp	3.95	637758	637758	101195
pr299.tsp	3.97	637758	637758	108104
pr299.tsp	3.96	637758	637758	115198
pr299.tsp	3.96	637758	637758	107164
pr299.tsp	3.96	637758	637758	106222
pr299.tsp	3.97	637758	637758	109184
pr299.tsp	3.97	637758	637758	101955
pr299.tsp	3.96	637758	637758	105219
pr299.tsp	3.97	637758	637758	111428
pr439.tsp	5.78	637758	637758	322973
pr439.tsp	5.76	637758	637758	287113
pr439.tsp	5.77	637758	637758	306467
pr439.tsp	5.79	637758	637758	303466
pr439.tsp	5.76	637758	637758	307354
pr439.tsp	5.77	637758	637758	295547
pr439.tsp	5.76	637758	637758	315087
pr439.tsp	5.77	637758	637758	324053
pr439.tsp	5.76	637758	637758	304852
pr439.tsp	5.75	637758	637758	305457
pr76.tsp	1.32	637758	637758	120989
pr76.tsp	1.35	637758	637758	130966
pr76.tsp	1.32	637758	637758	128533
pr76.tsp	1.32	637758	637758	135727
pr76.tsp	1.34	637758	637758	136829
pr76.tsp	1.32	637758	637758	139770
pr76.tsp	1.34	637758	637758	137468
pr76.tsp	1.35	637758	637758	132259
pr76.tsp	1.35	637758	637758	138185
pr76.tsp	1.34	637758	637758	132047
rat575.tsp	7.94	637758	637758	18489
rat575.tsp	8.01	637758	637758	18046
rat575.tsp	8.00	637758	637758	18824
rat575.tsp	7.98	637758	637758	17731
rat575.tsp	7.91	637758	637758	17825
rat575.tsp	7.99	637758	637758	16802
rat575.tsp	7.98	637758	637758	18386
rat575.tsp	8.01	637758	637758	16848
rat575.tsp	8.01	637758	637758	17813
rat575.tsp	7.90	637758	637758	17365
rat783.tsp	11.09	637758	637758	29864
rat783.tsp	11.08	637758	637758	31354
rat783.tsp	11.07	637758	637758	31386
rat783.tsp	11.09	637758	637758	29230
rat783.tsp	11.10	637758	637758	32493
rat783.tsp	11.08	637758	637758	30676
rat783.tsp	11.06	637758	637758	30414
rat783.tsp	11.10	637758	637758	28392
rat783.tsp	11.05	637758	637758	28193
rat783.tsp	11.06	637758	637758	28653
rat99.tsp	1.61	637758	637758	1635
rat99.tsp	1.62	637758	637758	1489
rat99.tsp	1.60	637758	637758	1517
rat99.tsp	1.61	637758	637758	1589
rat99.tsp	1.59	637758	637758	1475
rat99.tsp	1.61	637758	637758	1568
rat99.tsp	1.62	637758	637758	1633
rat99.tsp	1.60	637758	637758	1688
rat99.tsp	1.61	637758	637758	1627
rat99.tsp	1.60	637758	637758	1540
