a280.tsp	7.61	1283234	1283234	4823
a280.tsp	8.42	1283234	1283234	5125
a280.tsp	7.64	1283234	1283234	4690
a280.tsp	7.56	1283234	1283234	4769
a280.tsp	7.59	1283234	1283234	4808
a280.tsp	7.60	1283234	1283234	4847
a280.tsp	7.61	1283234	1283234	4628
a280.tsp	7.62	1283234	1283234	4771
a280.tsp	7.61	1283234	1283234	4602
a280.tsp	7.59	1283234	1283234	5045
berlin52.tsp	2.11	1283234	1283234	7926
berlin52.tsp	2.10	1283234	1283234	8175
berlin52.tsp	2.13	1283234	1283234	8009
berlin52.tsp	2.12	1283234	1283234	8170
berlin52.tsp	2.13	1283234	1283234	8245
berlin52.tsp	2.11	1283234	1283234	9218
berlin52.tsp	2.14	1283234	1283234	8779
berlin52.tsp	2.15	1283234	1283234	8039
berlin52.tsp	2.09	1283234	1283234	8161
berlin52.tsp	2.10	1283234	1283234	8624
bier127.tsp	3.97	1283234	1283234	138819
bier127.tsp	3.97	1283234	1283234	140395
bier127.tsp	3.90	1283234	1283234	150905
bier127.tsp	3.95	1283234	1283234	140708
bier127.tsp	3.98	1283234	1283234	146839
bier127.tsp	3.93	1283234	1283234	151815
bier127.tsp	3.94	1283234	1283234	157910
bier127.tsp	3.90	1283234	1283234	144243
bier127.tsp	3.95	1283234	1283234	158699
bier127.tsp	3.95	1283234	1283234	154203
eil101.tsp	3.32	1283234	1283234	739
eil101.tsp	3.28	1283234	1283234	699
eil101.tsp	3.30	1283234	1283234	691
eil101.tsp	3.29	1283234	1283234	799
eil101.tsp	3.31	1283234	1283234	695
eil101.tsp	3.30	1283234	1283234	730
eil101.tsp	3.31	1283234	1283234	746
eil101.tsp	3.31	1283234	1283234	730
eil101.tsp	3.29	1283234	1283234	757
eil101.tsp	3.30	1283234	1283234	738
eil51.tsp	2.17	1283234	1283234	464
eil51.tsp	2.38	1283234	1283234	446
eil51.tsp	2.16	1283234	1283234	466
eil51.tsp	2.12	1283234	1283234	440
eil51.tsp	2.14	1283234	1283234	442
eil51.tsp	2.14	1283234	1283234	461
eil51.tsp	2.12	1283234	1283234	446
eil51.tsp	2.12	1283234	1283234	444
eil51.tsp	2.12	1283234	1283234	433
eil51.tsp	2.12	1283234	1283234	439
eil76.tsp	2.69	1283234	1283234	591
eil76.tsp	2.73	1283234	1283234	580
eil76.tsp	2.72	1283234	1283234	590
eil76.tsp	2.75	1283234	1283234	619
eil76.tsp	2.72	1283234	1283234	605
eil76.tsp	2.72	1283234	1283234	584
eil76.tsp	2.69	1283234	1283234	619
eil76.tsp	2.72	1283234	1283234	593
eil76.tsp	2.69	1283234	1283234	602
eil76.tsp	2.80	1283234	1283234	594
gil262.tsp	7.14	1283234	1283234	4046
gil262.tsp	7.17	1283234	1283234	4304
gil262.tsp	7.11	1283234	1283234	3996
gil262.tsp	7.12	1283234	1283234	4053
gil262.tsp	7.97	1283234	1283234	4038
gil262.tsp	7.17	1283234	1283234	4070
gil262.tsp	7.10	1283234	1283234	3982
gil262.tsp	7.17	1283234	1283234	4076
gil262.tsp	7.11	1283234	1283234	3744
gil262.tsp	7.16	1283234	1283234	3765
kroA100.tsp	3.18	1283234	1283234	27900
kroA100.tsp	3.30	1283234	1283234	30699
kroA100.tsp	3.25	1283234	1283234	31173
kroA100.tsp	3.20	1283234	1283234	26102
kroA100.tsp	3.24	1283234	1283234	26814
kroA100.tsp	3.34	1283234	1283234	29505
kroA100.tsp	3.30	1283234	1283234	27058
kroA100.tsp	3.21	1283234	1283234	28170
kroA100.tsp	3.20	1283234	1283234	29358
kroA100.tsp	3.29	1283234	1283234	24879
kroA150.tsp	4.49	1283234	1283234	36265
kroA150.tsp	4.16	1283234	1283234	40077
kroA150.tsp	4.49	1283234	1283234	37038
kroA150.tsp	4.52	1283234	1283234	39653
kroA150.tsp	4.47	1283234	1283234	39351
kroA150.tsp	4.47	1283234	1283234	41365
kroA150.tsp	4.50	1283234	1283234	39341
kroA150.tsp	4.47	1283234	1283234	37483
kroA150.tsp	4.52	1283234	1283234	38870
kroA150.tsp	4.51	1283234	1283234	39180
kroA200.tsp	5.70	1283234	1283234	48550
kroA200.tsp	5.78	1283234	1283234	52637
kroA200.tsp	5.64	1283234	1283234	46896
kroA200.tsp	5.67	1283234	1283234	49192
kroA200.tsp	5.66	1283234	1283234	50516
kroA200.tsp	5.70	1283234	1283234	47342
kroA200.tsp	5.67	1283234	1283234	50196
kroA200.tsp	5.73	1283234	1283234	49254
kroA200.tsp	5.73	1283234	1283234	46862
kroA200.tsp	5.73	1283234	1283234	46642
kroB100.tsp	3.21	1283234	1283234	27094
kroB100.tsp	3.29	1283234	1283234	28348
kroB100.tsp	3.27	1283234	1283234	27100
kroB100.tsp	3.28	1283234	1283234	29272
kroB100.tsp	3.20	1283234	1283234	28278
kroB100.tsp	3.23	1283234	1283234	31243
kroB100.tsp	3.27	1283234	1283234	31623
kroB100.tsp	3.31	1283234	1283234	28128
kroB100.tsp	3.25	1283234	1283234	28440
kroB100.tsp	3.23	1283234	1283234	26804
kroB150.tsp	4.48	1283234	1283234	38194
kroB150.tsp	4.44	1283234	1283234	36837
kroB150.tsp	4.44	1283234	1283234	39311
kroB150.tsp	4.51	1283234	1283234	41926
kroB150.tsp	4.46	1283234	1283234	35629
kroB150.tsp	4.45	1283234	1283234	40358
kroB150.tsp	4.52	1283234	1283234	39278
kroB150.tsp	4.48	1283234	1283234	35645
kroB150.tsp	4.43	1283234	1283234	38702
kroB150.tsp	4.46	1283234	1283234	41070
kroB200.tsp	5.70	1283234	1283234	46408
kroB200.tsp	6.28	1283234	1283234	49262
kroB200.tsp	5.64	1283234	1283234	51543
kroB200.tsp	5.66	1283234	1283234	50002
kroB200.tsp	5.64	1283234	1283234	45851
kroB200.tsp	5.69	1283234	1283234	46132
kroB200.tsp	5.62	1283234	1283234	44568
kroB200.tsp	6.48	1283234	1283234	56156
kroB200.tsp	5.68	1283234	1283234	48574
kroB200.tsp	5.64	1283234	1283234	49038
kroC100.tsp	3.23	1283234	1283234	30769
kroC100.tsp	3.26	1283234	1283234	27426
kroC100.tsp	3.27	1283234	1283234	28763
kroC100.tsp	3.22	1283234	1283234	30466
kroC100.tsp	3.26	1283234	1283234	27250
kroC100.tsp	3.28	1283234	1283234	26470
kroC100.tsp	3.20	1283234	1283234	25387
kroC100.tsp	3.20	1283234	1283234	27225
kroC100.tsp	3.22	1283234	1283234	28090
kroC100.tsp	3.22	1283234	1283234	30934
kroD100.tsp	3.31	1283234	1283234	27697
kroD100.tsp	3.27	1283234	1283234	30675
kroD100.tsp	3.22	1283234	1283234	26367
kroD100.tsp	3.21	1283234	1283234	29765
kroD100.tsp	3.26	1283234	1283234	28044
kroD100.tsp	3.26	1283234	1283234	28267
kroD100.tsp	3.20	1283234	1283234	30510
kroD100.tsp	3.23	1283234	1283234	25989
kroD100.tsp	3.23	1283234	1283234	29934
kroD100.tsp	3.29	1283234	1283234	28818
kroE100.tsp	3.22	1283234	1283234	27214
kroE100.tsp	3.26	1283234	1283234	28180
kroE100.tsp	3.20	1283234	1283234	29260
kroE100.tsp	3.29	1283234	1283234	26621
kroE100.tsp	3.21	1283234	1283234	28126
kroE100.tsp	3.24	1283234	1283234	28253
kroE100.tsp	3.94	1283234	1283234	27823
kroE100.tsp	3.25	1283234	1283234	30775
kroE100.tsp	3.29	1283234	1283234	27672
kroE100.tsp	3.28	1283234	1283234	26208
lin105.tsp	3.32	1283234	1283234	19308
lin105.tsp	3.37	1283234	1283234	18703
lin105.tsp	3.54	1283234	1283234	19523
lin105.tsp	3.35	1283234	1283234	20818
lin105.tsp	3.39	1283234	1283234	19459
lin105.tsp	3.37	1283234	1283234	20018
lin105.tsp	3.33	1283234	1283234	22073
lin105.tsp	3.30	1283234	1283234	18641
lin105.tsp	3.32	1283234	1283234	19426
lin105.tsp	3.33	1283234	1283234	21813
lin318.tsp	8.48	1283234	1283234	95806
lin318.tsp	8.50	1283234	1283234	85178
lin318.tsp	8.62	1283234	1283234	97046
lin318.tsp	8.46	1283234	1283234	89882
lin318.tsp	8.44	1283234	1283234	88643
lin318.tsp	8.59	1283234	1283234	89337
lin318.tsp	8.48	1283234	1283234	85369
lin318.tsp	8.47	1283234	1283234	85451
lin318.tsp	8.62	1283234	1283234	86842
lin318.tsp	8.50	1283234	1283234	79809
linhp318.tsp	8.46	1283234	1283234	91061
linhp318.tsp	8.51	1283234	1283234	86535
linhp318.tsp	8.47	1283234	1283234	85984
linhp318.tsp	8.61	1283234	1283234	89681
linhp318.tsp	8.51	1283234	1283234	90250
linhp318.tsp	8.56	1283234	1283234	92456
linhp318.tsp	8.46	1283234	1283234	91787
linhp318.tsp	8.51	1283234	1283234	87012
linhp318.tsp	8.48	1283234	1283234	81729
linhp318.tsp	8.46	1283234	1283234	86110
pr107.tsp	3.42	1283234	1283234	79335
pr107.tsp	3.38	1283234	1283234	53219
pr107.tsp	3.39	1283234	1283234	67122
pr107.tsp	3.41	1283234	1283234	64974
pr107.tsp	3.40	1283234	1283234	73568
pr107.tsp	3.38	1283234	1283234	77351
pr107.tsp	3.38	1283234	1283234	49352
pr107.tsp	3.42	1283234	1283234	67875
pr107.tsp	4.17	1283234	1283234	65039
pr107.tsp	3.40	1283234	1283234	68705
pr124.tsp	3.78	1283234	1283234	90361
pr124.tsp	3.76	1283234	1283234	96639
pr124.tsp	3.80	1283234	1283234	81396
pr124.tsp	3.80	1283234	1283234	99273
pr124.tsp	3.80	1283234	1283234	88470
pr124.tsp	3.77	1283234	1283234	81314
pr124.tsp	3.79	1283234	1283234	93342
pr124.tsp	3.81	1283234	1283234	80771
pr124.tsp	3.78	1283234	1283234	105207
pr124.tsp	3.78	1283234	1283234	100016
pr136.tsp	4.16	1283234	1283234	149451
pr136.tsp	4.20	1283234	1283234	144964
pr136.tsp	4.15	1283234	1283234	148391
pr136.tsp	4.18	1283234	1283234	140103
pr136.tsp	4.14	1283234	1283234	128143
pr136.tsp	4.14	1283234	1283234	134172
pr136.tsp	4.17	1283234	1283234	142720
pr136.tsp	4.14	1283234	1283234	132907
pr136.tsp	4.22	1283234	1283234	127902
pr136.tsp	4.18	1283234	1283234	133137
pr144.tsp	4.31	1283234	1283234	111021
pr144.tsp	4.36	1283234	1283234	109329
pr144.tsp	4.32	1283234	1283234	113726
pr144.tsp	4.34	1283234	1283234	116365
pr144.tsp	4.33	1283234	1283234	103266
pr144.tsp	4.34	1283234	1283234	110138
pr144.tsp	4.41	1283234	1283234	118824
pr144.tsp	4.32	1283234	1283234	100774
pr144.tsp	4.31	1283234	1283234	114522
pr144.tsp	4.40	1283234	1283234	120913
pr152.tsp	4.49	1283234	1283234	129931
pr152.tsp	4.48	1283234	1283234	146764
pr152.tsp	4.51	1283234	1283234	130029
pr152.tsp	4.48	1283234	1283234	145046
pr152.tsp	4.53	1283234	1283234	126356
pr152.tsp	4.53	1283234	1283234	156501
pr152.tsp	4.51	1283234	1283234	157066
pr152.tsp	4.51	1283234	1283234	133243
pr152.tsp	4.52	1283234	1283234	130679
pr152.tsp	4.55	1283234	1283234	137360
pr226.tsp	6.28	1283234	1283234	206133
pr226.tsp	6.29	1283234	1283234	201737
pr226.tsp	6.28	1283234	1283234	205325
pr226.tsp	6.26	1283234	1283234	215298
pr226.tsp	6.30	1283234	1283234	211759
pr226.tsp	6.30	1283234	1283234	227726
pr226.tsp	6.29	1283234	1283234	206709
pr226.tsp	6.29	1283234	1283234	185250
pr226.tsp	6.26	1283234	1283234	208164
pr226.tsp	6.28	1283234	1283234	236766
pr264.tsp	7.11	1283234	1283234	129105
pr264.tsp	7.11	1283234	1283234	139365
pr264.tsp	7.14	1283234	1283234	117597
pr264.tsp	7.10	1283234	1283234	138768
pr264.tsp	7.12	1283234	1283234	131213
pr264.tsp	7.10	1283234	1283234	139474
pr264.tsp	7.11	1283234	1283234	132023
pr264.tsp	7.10	1283234	1283234	131099
pr264.tsp	7.12	1283234	1283234	155008
pr264.tsp	7.15	1283234	1283234	128428
pr299.tsp	7.98	1283234	1283234	99870
pr299.tsp	7.98	1283234	1283234	105870
pr299.tsp	8.30	1283234	1283234	104071
pr299.tsp	7.95	1283234	1283234	100237
pr299.tsp	8.00	1283234	1283234	99074
pr299.tsp	8.12	1283234	1283234	103512
pr299.tsp	7.99	1283234	1283234	97042
pr299.tsp	7.98	1283234	1283234	103029
pr299.tsp	7.98	1283234	1283234	102119
pr299.tsp	7.99	1283234	1283234	110726
pr439.tsp	11.71	1283234	1283234	257251
pr439.tsp	11.65	1283234	1283234	276659
pr439.tsp	11.62	1283234	1283234	290076
pr439.tsp	11.59	1283234	1283234	247653
pr439.tsp	11.64	1283234	1283234	252576
pr439.tsp	11.53	1283234	1283234	296062
pr439.tsp	11.64	1283234	1283234	250350
pr439.tsp	11.64	1283234	1283234	265294
pr439.tsp	11.63	1283234	1283234	259315
pr439.tsp	11.66	1283234	1283234	258217
pr76.tsp	2.70	1283234	1283234	136259
pr76.tsp	2.67	1283234	1283234	123105
pr76.tsp	2.69	1283234	1283234	132237
pr76.tsp	2.71	1283234	1283234	121794
pr76.tsp	2.65	1283234	1283234	119127
pr76.tsp	2.62	1283234	1283234	139018
pr76.tsp	2.65	1283234	1283234	136990
pr76.tsp	2.65	1283234	1283234	131906
pr76.tsp	2.68	1283234	1283234	123686
pr76.tsp	2.67	1283234	1283234	128253
rat575.tsp	16.02	1283234	1283234	15792
rat575.tsp	15.98	1283234	1283234	16778
rat575.tsp	16.01	1283234	1283234	15271
rat575.tsp	16.20	1283234	1283234	15605
rat575.tsp	16.15	1283234	1283234	15596
rat575.tsp	16.16	1283234	1283234	14866
rat575.tsp	16.14	1283234	1283234	15702
rat575.tsp	16.21	1283234	1283234	16740
rat575.tsp	16.05	1283234	1283234	15864
rat575.tsp	16.06	1283234	1283234	16270
rat783.tsp	22.37	1283234	1283234	24518
rat783.tsp	22.36	1283234	1283234	26161
rat783.tsp	22.33	1283234	1283234	24897
rat783.tsp	22.64	1283234	1283234	25263
rat783.tsp	22.26	1283234	1283234	24650
rat783.tsp	22.61	1283234	1283234	26708
rat783.tsp	22.31	1283234	1283234	26222
rat783.tsp	22.48	1283234	1283234	26457
rat783.tsp	22.52	1283234	1283234	25358
rat783.tsp	22.65	1283234	1283234	24876
rat99.tsp	3.25	1283234	1283234	1440
rat99.tsp	3.27	1283234	1283234	1403
rat99.tsp	3.28	1283234	1283234	1397
rat99.tsp	3.26	1283234	1283234	1479
rat99.tsp	3.25	1283234	1283234	1477
rat99.tsp	3.52	1283234	1283234	1552
rat99.tsp	3.27	1283234	1283234	1423
rat99.tsp	3.26	1283234	1283234	1429
rat99.tsp	3.24	1283234	1283234	1537
rat99.tsp	3.24	1283234	1283234	1439
