a280.tsp	1.66	281416	281416	6247
a280.tsp	1.66	281416	281416	6280
a280.tsp	1.66	281416	281416	6223
a280.tsp	1.66	281416	281416	6294
a280.tsp	1.67	281416	281416	5649
a280.tsp	1.66	281416	281416	6327
a280.tsp	1.67	281416	281416	5533
a280.tsp	1.67	281416	281416	5787
a280.tsp	1.66	281416	281416	6349
a280.tsp	1.66	281416	281416	5721
berlin52.tsp	0.46	281416	281416	8093
berlin52.tsp	0.46	281416	281416	8767
berlin52.tsp	0.46	281416	281416	8622
berlin52.tsp	0.46	281416	281416	8788
berlin52.tsp	0.46	281416	281416	9618
berlin52.tsp	0.47	281416	281416	9041
berlin52.tsp	0.46	281416	281416	8583
berlin52.tsp	0.46	281416	281416	8848
berlin52.tsp	0.46	281416	281416	9234
berlin52.tsp	0.46	281416	281416	8275
bier127.tsp	0.86	281416	281416	168748
bier127.tsp	0.86	281416	281416	160311
bier127.tsp	0.86	281416	281416	158034
bier127.tsp	0.86	281416	281416	164496
bier127.tsp	0.86	281416	281416	174819
bier127.tsp	0.86	281416	281416	168533
bier127.tsp	0.85	281416	281416	177108
bier127.tsp	0.85	281416	281416	161606
bier127.tsp	0.85	281416	281416	163756
bier127.tsp	0.86	281416	281416	156381
eil101.tsp	0.72	281416	281416	822
eil101.tsp	0.72	281416	281416	776
eil101.tsp	0.72	281416	281416	803
eil101.tsp	0.71	281416	281416	787
eil101.tsp	0.72	281416	281416	796
eil101.tsp	0.72	281416	281416	792
eil101.tsp	0.72	281416	281416	860
eil101.tsp	0.72	281416	281416	781
eil101.tsp	0.72	281416	281416	759
eil101.tsp	0.72	281416	281416	804
eil51.tsp	0.46	281416	281416	440
eil51.tsp	0.47	281416	281416	481
eil51.tsp	0.47	281416	281416	465
eil51.tsp	0.47	281416	281416	442
eil51.tsp	0.46	281416	281416	494
eil51.tsp	0.46	281416	281416	463
eil51.tsp	0.46	281416	281416	470
eil51.tsp	0.46	281416	281416	485
eil51.tsp	0.46	281416	281416	453
eil51.tsp	0.46	281416	281416	509
eil76.tsp	0.59	281416	281416	658
eil76.tsp	0.59	281416	281416	655
eil76.tsp	0.59	281416	281416	654
eil76.tsp	0.62	281416	281416	652
eil76.tsp	0.60	281416	281416	635
eil76.tsp	0.59	281416	281416	683
eil76.tsp	0.59	281416	281416	655
eil76.tsp	0.59	281416	281416	637
eil76.tsp	0.59	281416	281416	673
eil76.tsp	0.59	281416	281416	664
gil262.tsp	1.56	281416	281416	4938
gil262.tsp	1.56	281416	281416	4686
gil262.tsp	1.56	281416	281416	5086
gil262.tsp	1.56	281416	281416	5195
gil262.tsp	1.56	281416	281416	4669
gil262.tsp	1.56	281416	281416	4818
gil262.tsp	1.56	281416	281416	4489
gil262.tsp	1.56	281416	281416	5539
gil262.tsp	1.56	281416	281416	4905
gil262.tsp	1.56	281416	281416	4571
kroA100.tsp	0.70	281416	281416	27519
kroA100.tsp	0.72	281416	281416	32477
kroA100.tsp	0.71	281416	281416	31193
kroA100.tsp	0.70	281416	281416	31916
kroA100.tsp	0.70	281416	281416	32565
kroA100.tsp	0.70	281416	281416	32070
kroA100.tsp	0.70	281416	281416	32171
kroA100.tsp	0.71	281416	281416	34053
kroA100.tsp	0.71	281416	281416	31756
kroA100.tsp	0.72	281416	281416	28841
kroA150.tsp	0.98	281416	281416	49931
kroA150.tsp	0.98	281416	281416	47629
kroA150.tsp	0.98	281416	281416	39184
kroA150.tsp	0.98	281416	281416	42684
kroA150.tsp	0.97	281416	281416	46283
kroA150.tsp	0.98	281416	281416	45653
kroA150.tsp	0.97	281416	281416	42498
kroA150.tsp	0.98	281416	281416	42531
kroA150.tsp	0.98	281416	281416	44058
kroA150.tsp	0.97	281416	281416	43407
kroA200.tsp	1.24	281416	281416	55952
kroA200.tsp	1.24	281416	281416	57804
kroA200.tsp	1.24	281416	281416	61998
kroA200.tsp	1.23	281416	281416	61239
kroA200.tsp	1.23	281416	281416	54763
kroA200.tsp	1.25	281416	281416	59576
kroA200.tsp	1.24	281416	281416	51618
kroA200.tsp	1.24	281416	281416	54333
kroA200.tsp	1.24	281416	281416	58931
kroA200.tsp	1.24	281416	281416	55341
kroB100.tsp	0.72	281416	281416	34410
kroB100.tsp	0.70	281416	281416	33970
kroB100.tsp	0.70	281416	281416	35103
kroB100.tsp	0.70	281416	281416	33050
kroB100.tsp	0.70	281416	281416	33005
kroB100.tsp	0.70	281416	281416	31635
kroB100.tsp	0.70	281416	281416	34346
kroB100.tsp	0.71	281416	281416	32703
kroB100.tsp	0.71	281416	281416	35207
kroB100.tsp	0.71	281416	281416	31175
kroB150.tsp	0.98	281416	281416	45049
kroB150.tsp	0.98	281416	281416	46715
kroB150.tsp	0.98	281416	281416	46978
kroB150.tsp	0.98	281416	281416	41528
kroB150.tsp	0.97	281416	281416	46185
kroB150.tsp	0.98	281416	281416	52895
kroB150.tsp	0.98	281416	281416	46164
kroB150.tsp	0.98	281416	281416	38570
kroB150.tsp	0.98	281416	281416	38253
kroB150.tsp	0.97	281416	281416	39616
kroB200.tsp	1.24	281416	281416	57937
kroB200.tsp	1.24	281416	281416	59840
kroB200.tsp	1.23	281416	281416	59275
kroB200.tsp	1.23	281416	281416	57323
kroB200.tsp	1.24	281416	281416	55891
kroB200.tsp	1.23	281416	281416	64768
kroB200.tsp	1.23	281416	281416	57670
kroB200.tsp	1.21	281416	281416	57539
kroB200.tsp	1.24	281416	281416	59552
kroB200.tsp	1.24	281416	281416	61347
kroC100.tsp	0.70	281416	281416	31111
kroC100.tsp	0.71	281416	281416	33563
kroC100.tsp	0.71	281416	281416	31942
kroC100.tsp	0.70	281416	281416	36190
kroC100.tsp	0.70	281416	281416	35866
kroC100.tsp	0.72	281416	281416	37482
kroC100.tsp	0.70	281416	281416	29522
kroC100.tsp	0.70	281416	281416	31113
kroC100.tsp	0.72	281416	281416	30871
kroC100.tsp	0.72	281416	281416	30797
kroD100.tsp	0.71	281416	281416	32129
kroD100.tsp	0.72	281416	281416	33125
kroD100.tsp	0.70	281416	281416	29982
kroD100.tsp	0.72	281416	281416	30113
kroD100.tsp	0.71	281416	281416	31252
kroD100.tsp	0.71	281416	281416	33978
kroD100.tsp	0.71	281416	281416	34769
kroD100.tsp	0.70	281416	281416	31076
kroD100.tsp	0.71	281416	281416	34776
kroD100.tsp	0.71	281416	281416	36113
kroE100.tsp	0.72	281416	281416	37396
kroE100.tsp	0.72	281416	281416	36564
kroE100.tsp	0.71	281416	281416	30868
kroE100.tsp	0.72	281416	281416	30802
kroE100.tsp	0.72	281416	281416	33350
kroE100.tsp	0.71	281416	281416	35798
kroE100.tsp	0.71	281416	281416	33423
kroE100.tsp	0.70	281416	281416	33150
kroE100.tsp	0.72	281416	281416	30471
kroE100.tsp	0.71	281416	281416	34144
lin105.tsp	0.73	281416	281416	25489
lin105.tsp	0.72	281416	281416	23671
lin105.tsp	0.73	281416	281416	22330
lin105.tsp	0.73	281416	281416	22856
lin105.tsp	0.73	281416	281416	24946
lin105.tsp	0.74	281416	281416	21996
lin105.tsp	0.73	281416	281416	21732
lin105.tsp	0.73	281416	281416	24139
lin105.tsp	0.72	281416	281416	21917
lin105.tsp	0.73	281416	281416	23086
lin318.tsp	1.85	281416	281416	96866
lin318.tsp	1.86	281416	281416	108991
lin318.tsp	1.86	281416	281416	116678
lin318.tsp	1.86	281416	281416	111727
lin318.tsp	1.85	281416	281416	106258
lin318.tsp	1.86	281416	281416	105143
lin318.tsp	1.86	281416	281416	102926
lin318.tsp	1.86	281416	281416	109661
lin318.tsp	2.39	281416	281416	108831
lin318.tsp	1.86	281416	281416	108811
linhp318.tsp	1.86	281416	281416	106870
linhp318.tsp	1.86	281416	281416	104253
linhp318.tsp	1.85	281416	281416	105493
linhp318.tsp	1.86	281416	281416	100769
linhp318.tsp	1.86	281416	281416	111023
linhp318.tsp	1.86	281416	281416	108218
linhp318.tsp	1.86	281416	281416	117486
linhp318.tsp	1.86	281416	281416	110763
linhp318.tsp	1.85	281416	281416	108092
linhp318.tsp	1.86	281416	281416	105031
pr107.tsp	0.74	281416	281416	85769
pr107.tsp	0.74	281416	281416	104994
pr107.tsp	0.74	281416	281416	89957
pr107.tsp	0.74	281416	281416	84409
pr107.tsp	0.74	281416	281416	85837
pr107.tsp	0.74	281416	281416	69689
pr107.tsp	0.74	281416	281416	88097
pr107.tsp	0.74	281416	281416	72251
pr107.tsp	0.74	281416	281416	77759
pr107.tsp	0.74	281416	281416	73190
pr124.tsp	0.83	281416	281416	120793
pr124.tsp	0.82	281416	281416	125215
pr124.tsp	0.83	281416	281416	111339
pr124.tsp	0.83	281416	281416	104237
pr124.tsp	0.83	281416	281416	117263
pr124.tsp	0.82	281416	281416	115405
pr124.tsp	0.82	281416	281416	92460
pr124.tsp	0.82	281416	281416	119000
pr124.tsp	0.83	281416	281416	111136
pr124.tsp	0.82	281416	281416	121230
pr136.tsp	0.91	281416	281416	161591
pr136.tsp	0.91	281416	281416	145518
pr136.tsp	0.91	281416	281416	172148
pr136.tsp	0.91	281416	281416	157305
pr136.tsp	0.91	281416	281416	161634
pr136.tsp	0.90	281416	281416	156587
pr136.tsp	0.90	281416	281416	154281
pr136.tsp	0.91	281416	281416	183405
pr136.tsp	0.91	281416	281416	174463
pr136.tsp	0.91	281416	281416	164525
pr144.tsp	0.94	281416	281416	146110
pr144.tsp	0.94	281416	281416	142741
pr144.tsp	0.94	281416	281416	144092
pr144.tsp	0.94	281416	281416	153002
pr144.tsp	0.95	281416	281416	146927
pr144.tsp	0.94	281416	281416	136105
pr144.tsp	0.94	281416	281416	141069
pr144.tsp	0.93	281416	281416	141020
pr144.tsp	0.94	281416	281416	137946
pr144.tsp	1.05	281416	281416	137940
pr152.tsp	0.99	281416	281416	208816
pr152.tsp	0.98	281416	281416	205077
pr152.tsp	0.98	281416	281416	196213
pr152.tsp	0.99	281416	281416	174742
pr152.tsp	0.99	281416	281416	193137
pr152.tsp	0.99	281416	281416	177752
pr152.tsp	0.98	281416	281416	195992
pr152.tsp	0.99	281416	281416	158896
pr152.tsp	0.99	281416	281416	150747
pr152.tsp	0.98	281416	281416	168648
pr226.tsp	1.38	281416	281416	263675
pr226.tsp	1.38	281416	281416	276483
pr226.tsp	1.38	281416	281416	243949
pr226.tsp	1.38	281416	281416	221144
pr226.tsp	1.38	281416	281416	238080
pr226.tsp	1.37	281416	281416	275325
pr226.tsp	1.38	281416	281416	286859
pr226.tsp	1.38	281416	281416	247272
pr226.tsp	1.39	281416	281416	304584
pr226.tsp	1.38	281416	281416	280801
pr264.tsp	1.56	281416	281416	155000
pr264.tsp	1.56	281416	281416	179054
pr264.tsp	1.56	281416	281416	178940
pr264.tsp	1.56	281416	281416	173169
pr264.tsp	1.56	281416	281416	177879
pr264.tsp	1.56	281416	281416	191896
pr264.tsp	1.56	281416	281416	145698
pr264.tsp	1.56	281416	281416	189140
pr264.tsp	1.56	281416	281416	185789
pr264.tsp	1.56	281416	281416	173753
pr299.tsp	1.74	281416	281416	133938
pr299.tsp	1.75	281416	281416	133662
pr299.tsp	1.75	281416	281416	117103
pr299.tsp	1.75	281416	281416	110778
pr299.tsp	1.76	281416	281416	134481
pr299.tsp	1.74	281416	281416	126880
pr299.tsp	1.75	281416	281416	136518
pr299.tsp	1.74	281416	281416	123245
pr299.tsp	1.75	281416	281416	122036
pr299.tsp	1.76	281416	281416	127972
pr439.tsp	2.54	281416	281416	385865
pr439.tsp	2.54	281416	281416	335943
pr439.tsp	2.56	281416	281416	328429
pr439.tsp	2.55	281416	281416	350354
pr439.tsp	2.54	281416	281416	335325
pr439.tsp	2.54	281416	281416	351565
pr439.tsp	2.54	281416	281416	341023
pr439.tsp	2.54	281416	281416	394689
pr439.tsp	2.54	281416	281416	344225
pr439.tsp	2.54	281416	281416	353013
pr76.tsp	0.58	281416	281416	155366
pr76.tsp	0.58	281416	281416	138051
pr76.tsp	0.59	281416	281416	127014
pr76.tsp	0.59	281416	281416	150237
pr76.tsp	0.58	281416	281416	135038
pr76.tsp	0.69	281416	281416	154279
pr76.tsp	0.59	281416	281416	142031
pr76.tsp	0.58	281416	281416	145371
pr76.tsp	0.58	281416	281416	135125
pr76.tsp	0.58	281416	281416	154350
rat575.tsp	3.51	281416	281416	21908
rat575.tsp	3.51	281416	281416	20401
rat575.tsp	3.50	281416	281416	22580
rat575.tsp	3.50	281416	281416	21467
rat575.tsp	3.51	281416	281416	21660
rat575.tsp	3.51	281416	281416	20618
rat575.tsp	3.68	281416	281416	20360
rat575.tsp	3.50	281416	281416	21799
rat575.tsp	3.50	281416	281416	21454
rat575.tsp	3.49	281416	281416	22147
rat783.tsp	4.90	281416	281416	35789
rat783.tsp	4.97	281416	281416	33973
rat783.tsp	4.98	281416	281416	36205
rat783.tsp	4.98	281416	281416	35821
rat783.tsp	4.90	281416	281416	37079
rat783.tsp	4.96	281416	281416	35463
rat783.tsp	4.86	281416	281416	34226
rat783.tsp	4.97	281416	281416	35237
rat783.tsp	4.90	281416	281416	35635
rat783.tsp	4.97	281416	281416	35016
rat99.tsp	0.70	281416	281416	1702
rat99.tsp	0.71	281416	281416	1557
rat99.tsp	0.70	281416	281416	1726
rat99.tsp	0.71	281416	281416	1625
rat99.tsp	0.70	281416	281416	1599
rat99.tsp	0.70	281416	281416	1557
rat99.tsp	0.70	281416	281416	1850
rat99.tsp	0.70	281416	281416	1738
rat99.tsp	0.71	281416	281416	1693
rat99.tsp	0.71	281416	281416	1518
