a280.tsp	151.28	25664897	25664897	3371
a280.tsp	151.12	25664897	25664897	3448
a280.tsp	151.26	25664897	25664897	3802
a280.tsp	151.98	25664897	25664897	3485
a280.tsp	151.11	25664897	25664897	3514
a280.tsp	151.46	25664897	25664897	3338
a280.tsp	151.98	25664897	25664897	3330
a280.tsp	151.24	25664897	25664897	3327
a280.tsp	152.18	25664897	25664897	3501
a280.tsp	151.49	25664897	25664897	3402
berlin52.tsp	42.69	25664897	25664897	8240
berlin52.tsp	43.19	25664897	25664897	8043
berlin52.tsp	42.54	25664897	25664897	8160
berlin52.tsp	42.83	25664897	25664897	8076
berlin52.tsp	41.99	25664897	25664897	8025
berlin52.tsp	42.62	25664897	25664897	8144
berlin52.tsp	42.68	25664897	25664897	7991
berlin52.tsp	43.05	25664897	25664897	7658
berlin52.tsp	41.85	25664897	25664897	8122
berlin52.tsp	42.90	25664897	25664897	7667
bier127.tsp	78.86	25664897	25664897	129704
bier127.tsp	79.73	25664897	25664897	128037
bier127.tsp	79.27	25664897	25664897	126320
bier127.tsp	79.13	25664897	25664897	137011
bier127.tsp	78.44	25664897	25664897	128126
bier127.tsp	78.08	25664897	25664897	138718
bier127.tsp	78.62	25664897	25664897	128979
bier127.tsp	78.54	25664897	25664897	129451
bier127.tsp	77.96	25664897	25664897	127809
bier127.tsp	79.14	25664897	25664897	131700
eil101.tsp	65.79	25664897	25664897	669
eil101.tsp	65.91	25664897	25664897	652
eil101.tsp	65.86	25664897	25664897	649
eil101.tsp	65.94	25664897	25664897	675
eil101.tsp	65.86	25664897	25664897	636
eil101.tsp	65.92	25664897	25664897	677
eil101.tsp	66.04	25664897	25664897	680
eil101.tsp	65.57	25664897	25664897	660
eil101.tsp	66.18	25664897	25664897	670
eil101.tsp	66.25	25664897	25664897	680
eil51.tsp	42.45	25664897	25664897	428
eil51.tsp	42.99	25664897	25664897	418
eil51.tsp	42.93	25664897	25664897	430
eil51.tsp	42.91	25664897	25664897	424
eil51.tsp	43.16	25664897	25664897	432
eil51.tsp	42.29	25664897	25664897	442
eil51.tsp	42.38	25664897	25664897	422
eil51.tsp	42.02	25664897	25664897	423
eil51.tsp	42.84	25664897	25664897	428
eil51.tsp	46.37	25664897	25664897	426
eil76.tsp	54.20	25664897	25664897	558
eil76.tsp	54.11	25664897	25664897	552
eil76.tsp	54.08	25664897	25664897	571
eil76.tsp	54.58	25664897	25664897	547
eil76.tsp	54.14	25664897	25664897	570
eil76.tsp	53.72	25664897	25664897	559
eil76.tsp	54.44	25664897	25664897	558
eil76.tsp	54.04	25664897	25664897	550
eil76.tsp	54.16	25664897	25664897	575
eil76.tsp	53.93	25664897	25664897	549
gil262.tsp	143.17	25664897	25664897	3202
gil262.tsp	142.73	25664897	25664897	3102
gil262.tsp	142.40	25664897	25664897	3103
gil262.tsp	172.57	25664897	25664897	3072
gil262.tsp	142.92	25664897	25664897	3211
gil262.tsp	142.56	25664897	25664897	3111
gil262.tsp	142.36	25664897	25664897	3102
gil262.tsp	142.26	25664897	25664897	2942
gil262.tsp	143.19	25664897	25664897	2981
gil262.tsp	143.03	25664897	25664897	3052
kroA100.tsp	65.52	25664897	25664897	24488
kroA100.tsp	64.56	25664897	25664897	23309
kroA100.tsp	63.92	25664897	25664897	24593
kroA100.tsp	64.50	25664897	25664897	23722
kroA100.tsp	64.17	25664897	25664897	22763
kroA100.tsp	64.26	25664897	25664897	25115
kroA100.tsp	64.19	25664897	25664897	23533
kroA100.tsp	64.23	25664897	25664897	25090
kroA100.tsp	64.24	25664897	25664897	23272
kroA100.tsp	65.37	25664897	25664897	23923
kroA150.tsp	89.22	25664897	25664897	29908
kroA150.tsp	88.63	25664897	25664897	30992
kroA150.tsp	89.50	25664897	25664897	30865
kroA150.tsp	90.50	25664897	25664897	31497
kroA150.tsp	92.32	25664897	25664897	30483
kroA150.tsp	89.91	25664897	25664897	32262
kroA150.tsp	89.13	25664897	25664897	32319
kroA150.tsp	89.27	25664897	25664897	31063
kroA150.tsp	89.50	25664897	25664897	30774
kroA150.tsp	90.11	25664897	25664897	34763
kroA200.tsp	113.92	25664897	25664897	35681
kroA200.tsp	114.43	25664897	25664897	35658
kroA200.tsp	113.51	25664897	25664897	36154
kroA200.tsp	113.44	25664897	25664897	37689
kroA200.tsp	113.50	25664897	25664897	37874
kroA200.tsp	113.27	25664897	25664897	38500
kroA200.tsp	112.84	25664897	25664897	36678
kroA200.tsp	113.08	25664897	25664897	35107
kroA200.tsp	114.78	25664897	25664897	38800
kroA200.tsp	115.28	25664897	25664897	36272
kroB100.tsp	64.20	25664897	25664897	25023
kroB100.tsp	63.98	25664897	25664897	22855
kroB100.tsp	66.09	25664897	25664897	23878
kroB100.tsp	64.03	25664897	25664897	23820
kroB100.tsp	65.17	25664897	25664897	24283
kroB100.tsp	64.23	25664897	25664897	24256
kroB100.tsp	64.76	25664897	25664897	23973
kroB100.tsp	65.37	25664897	25664897	24971
kroB100.tsp	65.63	25664897	25664897	22930
kroB100.tsp	65.58	25664897	25664897	25223
kroB150.tsp	89.60	25664897	25664897	29391
kroB150.tsp	89.68	25664897	25664897	30042
kroB150.tsp	89.28	25664897	25664897	30268
kroB150.tsp	89.77	25664897	25664897	29746
kroB150.tsp	90.16	25664897	25664897	28846
kroB150.tsp	90.61	25664897	25664897	30399
kroB150.tsp	89.48	25664897	25664897	30517
kroB150.tsp	89.75	25664897	25664897	29696
kroB150.tsp	88.79	25664897	25664897	29037
kroB150.tsp	89.51	25664897	25664897	29285
kroB200.tsp	113.23	25664897	25664897	35956
kroB200.tsp	113.46	25664897	25664897	36507
kroB200.tsp	113.05	25664897	25664897	35029
kroB200.tsp	113.56	25664897	25664897	34855
kroB200.tsp	114.14	25664897	25664897	34823
kroB200.tsp	114.13	25664897	25664897	36062
kroB200.tsp	113.46	25664897	25664897	36643
kroB200.tsp	113.43	25664897	25664897	36919
kroB200.tsp	114.20	25664897	25664897	35192
kroB200.tsp	112.95	25664897	25664897	37169
kroC100.tsp	65.67	25664897	25664897	21835
kroC100.tsp	65.46	25664897	25664897	22484
kroC100.tsp	63.82	25664897	25664897	23704
kroC100.tsp	65.98	25664897	25664897	22158
kroC100.tsp	64.26	25664897	25664897	22695
kroC100.tsp	65.36	25664897	25664897	23209
kroC100.tsp	65.88	25664897	25664897	23445
kroC100.tsp	63.79	25664897	25664897	24556
kroC100.tsp	70.29	25664897	25664897	24381
kroC100.tsp	65.44	25664897	25664897	22701
kroD100.tsp	65.54	25664897	25664897	23466
kroD100.tsp	64.32	25664897	25664897	21665
kroD100.tsp	63.91	25664897	25664897	23604
kroD100.tsp	65.62	25664897	25664897	24440
kroD100.tsp	64.96	25664897	25664897	21582
kroD100.tsp	65.56	25664897	25664897	23384
kroD100.tsp	64.25	25664897	25664897	22542
kroD100.tsp	65.50	25664897	25664897	23273
kroD100.tsp	65.81	25664897	25664897	23777
kroD100.tsp	65.42	25664897	25664897	23616
kroE100.tsp	63.99	25664897	25664897	25062
kroE100.tsp	63.80	25664897	25664897	23496
kroE100.tsp	65.37	25664897	25664897	23613
kroE100.tsp	65.76	25664897	25664897	23186
kroE100.tsp	64.11	25664897	25664897	23269
kroE100.tsp	63.73	25664897	25664897	23820
kroE100.tsp	65.43	25664897	25664897	23854
kroE100.tsp	65.43	25664897	25664897	25354
kroE100.tsp	65.51	25664897	25664897	23772
kroE100.tsp	64.20	25664897	25664897	23985
lin105.tsp	65.80	25664897	25664897	15552
lin105.tsp	67.62	25664897	25664897	16641
lin105.tsp	66.67	25664897	25664897	17396
lin105.tsp	66.90	25664897	25664897	16690
lin105.tsp	67.16	25664897	25664897	15978
lin105.tsp	67.13	25664897	25664897	15557
lin105.tsp	66.95	25664897	25664897	15777
lin105.tsp	66.03	25664897	25664897	17234
lin105.tsp	67.14	25664897	25664897	16296
lin105.tsp	66.87	25664897	25664897	16149
lin318.tsp	169.94	25664897	25664897	64205
lin318.tsp	169.88	25664897	25664897	63581
lin318.tsp	169.18	25664897	25664897	64653
lin318.tsp	168.85	25664897	25664897	63026
lin318.tsp	169.13	25664897	25664897	59789
lin318.tsp	169.63	25664897	25664897	59975
lin318.tsp	169.98	25664897	25664897	62869
lin318.tsp	169.88	25664897	25664897	58372
lin318.tsp	170.14	25664897	25664897	61172
lin318.tsp	168.97	25664897	25664897	60594
linhp318.tsp	170.12	25664897	25664897	58790
linhp318.tsp	169.01	25664897	25664897	62428
linhp318.tsp	170.02	25664897	25664897	61295
linhp318.tsp	170.06	25664897	25664897	64114
linhp318.tsp	169.17	25664897	25664897	55265
linhp318.tsp	170.14	25664897	25664897	66457
linhp318.tsp	169.56	25664897	25664897	59719
linhp318.tsp	169.89	25664897	25664897	57644
linhp318.tsp	169.65	25664897	25664897	58567
linhp318.tsp	169.91	25664897	25664897	63969
pr107.tsp	67.76	25664897	25664897	60557
pr107.tsp	67.92	25664897	25664897	48700
pr107.tsp	68.04	25664897	25664897	49284
pr107.tsp	67.55	25664897	25664897	59657
pr107.tsp	67.72	25664897	25664897	44563
pr107.tsp	67.56	25664897	25664897	48728
pr107.tsp	67.61	25664897	25664897	44436
pr107.tsp	67.90	25664897	25664897	46645
pr107.tsp	67.58	25664897	25664897	46246
pr107.tsp	68.21	25664897	25664897	49142
pr124.tsp	75.28	25664897	25664897	61308
pr124.tsp	75.30	25664897	25664897	67908
pr124.tsp	76.06	25664897	25664897	70380
pr124.tsp	76.40	25664897	25664897	75269
pr124.tsp	76.20	25664897	25664897	65472
pr124.tsp	75.04	25664897	25664897	69548
pr124.tsp	76.04	25664897	25664897	70194
pr124.tsp	75.76	25664897	25664897	65349
pr124.tsp	75.40	25664897	25664897	71859
pr124.tsp	75.30	25664897	25664897	69210
pr136.tsp	83.24	25664897	25664897	117904
pr136.tsp	82.77	25664897	25664897	114990
pr136.tsp	82.50	25664897	25664897	109263
pr136.tsp	83.36	25664897	25664897	107089
pr136.tsp	82.75	25664897	25664897	115570
pr136.tsp	82.82	25664897	25664897	109059
pr136.tsp	82.90	25664897	25664897	113641
pr136.tsp	82.27	25664897	25664897	105808
pr136.tsp	83.10	25664897	25664897	112154
pr136.tsp	83.44	25664897	25664897	113556
pr144.tsp	86.84	25664897	25664897	86902
pr144.tsp	86.40	25664897	25664897	76568
pr144.tsp	85.81	25664897	25664897	77265
pr144.tsp	86.17	25664897	25664897	72414
pr144.tsp	86.43	25664897	25664897	77678
pr144.tsp	85.94	25664897	25664897	75685
pr144.tsp	87.18	25664897	25664897	84739
pr144.tsp	85.90	25664897	25664897	78767
pr144.tsp	86.81	25664897	25664897	85673
pr144.tsp	112.14	25664897	25664897	76248
pr152.tsp	91.42	25664897	25664897	90537
pr152.tsp	90.09	25664897	25664897	92983
pr152.tsp	90.48	25664897	25664897	92917
pr152.tsp	90.00	25664897	25664897	93371
pr152.tsp	89.99	25664897	25664897	90367
pr152.tsp	89.55	25664897	25664897	98350
pr152.tsp	90.60	25664897	25664897	93090
pr152.tsp	90.15	25664897	25664897	111385
pr152.tsp	90.38	25664897	25664897	99056
pr152.tsp	89.95	25664897	25664897	115275
pr226.tsp	125.15	25664897	25664897	123822
pr226.tsp	125.43	25664897	25664897	129511
pr226.tsp	124.96	25664897	25664897	124041
pr226.tsp	126.33	25664897	25664897	121677
pr226.tsp	125.83	25664897	25664897	138476
pr226.tsp	126.12	25664897	25664897	146218
pr226.tsp	128.81	25664897	25664897	111113
pr226.tsp	124.76	25664897	25664897	121777
pr226.tsp	125.70	25664897	25664897	99035
pr226.tsp	126.19	25664897	25664897	127274
pr264.tsp	142.25	25664897	25664897	71808
pr264.tsp	142.60	25664897	25664897	72146
pr264.tsp	142.04	25664897	25664897	81903
pr264.tsp	142.05	25664897	25664897	83708
pr264.tsp	142.33	25664897	25664897	81700
pr264.tsp	142.19	25664897	25664897	72003
pr264.tsp	142.16	25664897	25664897	82339
pr264.tsp	142.50	25664897	25664897	82710
pr264.tsp	142.46	25664897	25664897	84368
pr264.tsp	142.76	25664897	25664897	85226
pr299.tsp	160.40	25664897	25664897	65277
pr299.tsp	160.19	25664897	25664897	68088
pr299.tsp	159.84	25664897	25664897	67085
pr299.tsp	159.73	25664897	25664897	70958
pr299.tsp	160.19	25664897	25664897	66614
pr299.tsp	159.49	25664897	25664897	72815
pr299.tsp	159.85	25664897	25664897	68506
pr299.tsp	159.33	25664897	25664897	73345
pr299.tsp	160.05	25664897	25664897	68060
pr299.tsp	159.54	25664897	25664897	66215
pr439.tsp	298.88	25664897	25664897	175132
pr439.tsp	231.41	25664897	25664897	175410
pr439.tsp	233.23	25664897	25664897	169715
pr439.tsp	231.81	25664897	25664897	173296
pr439.tsp	232.35	25664897	25664897	180090
pr439.tsp	231.46	25664897	25664897	178504
pr439.tsp	232.39	25664897	25664897	192278
pr439.tsp	233.29	25664897	25664897	162981
pr439.tsp	230.95	25664897	25664897	186201
pr439.tsp	232.78	25664897	25664897	155932
pr76.tsp	53.26	25664897	25664897	118509
pr76.tsp	54.23	25664897	25664897	113674
pr76.tsp	52.99	25664897	25664897	129586
pr76.tsp	53.94	25664897	25664897	111769
pr76.tsp	54.05	25664897	25664897	113285
pr76.tsp	53.32	25664897	25664897	117409
pr76.tsp	53.89	25664897	25664897	111645
pr76.tsp	53.02	25664897	25664897	117618
pr76.tsp	53.82	25664897	25664897	111742
pr76.tsp	52.96	25664897	25664897	117022
rat575.tsp	321.25	25664897	25664897	9891
rat575.tsp	321.14	25664897	25664897	10002
rat575.tsp	322.90	25664897	25664897	10671
rat575.tsp	323.04	25664897	25664897	10261
rat575.tsp	322.26	25664897	25664897	10132
rat575.tsp	322.47	25664897	25664897	10610
rat575.tsp	323.40	25664897	25664897	9966
rat575.tsp	323.94	25664897	25664897	10105
rat575.tsp	322.22	25664897	25664897	10282
rat575.tsp	322.56	25664897	25664897	10322
rat783.tsp	445.34	25664897	25664897	15401
rat783.tsp	445.86	25664897	25664897	15910
rat783.tsp	447.42	25664897	25664897	15670
rat783.tsp	446.96	25664897	25664897	15086
rat783.tsp	448.54	25664897	25664897	15732
rat783.tsp	446.87	25664897	25664897	14875
rat783.tsp	447.26	25664897	25664897	15033
rat783.tsp	451.19	25664897	25664897	15579
rat783.tsp	452.27	25664897	25664897	15022
rat783.tsp	447.03	25664897	25664897	14669
rat99.tsp	65.27	25664897	25664897	1261
rat99.tsp	65.66	25664897	25664897	1383
rat99.tsp	65.07	25664897	25664897	1311
rat99.tsp	65.00	25664897	25664897	1342
rat99.tsp	65.16	25664897	25664897	1355
rat99.tsp	65.41	25664897	25664897	1307
rat99.tsp	65.33	25664897	25664897	1351
rat99.tsp	64.75	25664897	25664897	1318
rat99.tsp	64.87	25664897	25664897	1328
rat99.tsp	65.17	25664897	25664897	1297
