a280.tsp	15.33	2591611	2591611	4442
a280.tsp	15.37	2591611	2591611	4732
a280.tsp	15.49	2591611	2591611	4482
a280.tsp	15.36	2591611	2591611	4512
a280.tsp	15.38	2591611	2591611	4424
a280.tsp	15.35	2591611	2591611	4393
a280.tsp	15.40	2591611	2591611	4509
a280.tsp	15.48	2591611	2591611	4381
a280.tsp	15.36	2591611	2591611	4554
a280.tsp	15.45	2591611	2591611	4385
berlin52.tsp	4.33	2591611	2591611	8308
berlin52.tsp	4.40	2591611	2591611	8279
berlin52.tsp	4.32	2591611	2591611	8120
berlin52.tsp	4.25	2591611	2591611	8818
berlin52.tsp	4.25	2591611	2591611	8319
berlin52.tsp	4.33	2591611	2591611	8492
berlin52.tsp	4.25	2591611	2591611	8240
berlin52.tsp	4.31	2591611	2591611	7926
berlin52.tsp	4.29	2591611	2591611	8308
berlin52.tsp	4.32	2591611	2591611	8052
bier127.tsp	7.90	2591611	2591611	144718
bier127.tsp	7.99	2591611	2591611	138463
bier127.tsp	8.04	2591611	2591611	136499
bier127.tsp	8.01	2591611	2591611	140961
bier127.tsp	7.91	2591611	2591611	136535
bier127.tsp	8.08	2591611	2591611	145253
bier127.tsp	7.99	2591611	2591611	144327
bier127.tsp	7.98	2591611	2591611	147224
bier127.tsp	7.95	2591611	2591611	145408
bier127.tsp	7.94	2591611	2591611	142036
eil101.tsp	6.68	2591611	2591611	734
eil101.tsp	6.63	2591611	2591611	696
eil101.tsp	6.70	2591611	2591611	698
eil101.tsp	6.62	2591611	2591611	697
eil101.tsp	6.66	2591611	2591611	712
eil101.tsp	6.70	2591611	2591611	690
eil101.tsp	6.74	2591611	2591611	665
eil101.tsp	6.66	2591611	2591611	707
eil101.tsp	6.63	2591611	2591611	690
eil101.tsp	6.62	2591611	2591611	713
eil51.tsp	4.37	2591611	2591611	459
eil51.tsp	4.31	2591611	2591611	465
eil51.tsp	4.36	2591611	2591611	448
eil51.tsp	4.76	2591611	2591611	437
eil51.tsp	4.36	2591611	2591611	474
eil51.tsp	4.29	2591611	2591611	442
eil51.tsp	4.38	2591611	2591611	465
eil51.tsp	4.38	2591611	2591611	449
eil51.tsp	4.24	2591611	2591611	449
eil51.tsp	4.33	2591611	2591611	455
eil76.tsp	5.45	2591611	2591611	573
eil76.tsp	5.46	2591611	2591611	575
eil76.tsp	5.48	2591611	2591611	564
eil76.tsp	5.44	2591611	2591611	584
eil76.tsp	5.49	2591611	2591611	571
eil76.tsp	5.70	2591611	2591611	590
eil76.tsp	5.45	2591611	2591611	596
eil76.tsp	5.50	2591611	2591611	592
eil76.tsp	5.47	2591611	2591611	560
eil76.tsp	5.43	2591611	2591611	571
gil262.tsp	14.38	2591611	2591611	4020
gil262.tsp	14.46	2591611	2591611	3751
gil262.tsp	14.51	2591611	2591611	3752
gil262.tsp	14.51	2591611	2591611	3778
gil262.tsp	14.43	2591611	2591611	3608
gil262.tsp	14.53	2591611	2591611	3767
gil262.tsp	14.39	2591611	2591611	4098
gil262.tsp	14.36	2591611	2591611	3744
gil262.tsp	14.41	2591611	2591611	3737
gil262.tsp	14.41	2591611	2591611	4294
kroA100.tsp	6.58	2591611	2591611	26129
kroA100.tsp	6.51	2591611	2591611	28454
kroA100.tsp	6.44	2591611	2591611	25565
kroA100.tsp	6.48	2591611	2591611	25827
kroA100.tsp	6.61	2591611	2591611	25685
kroA100.tsp	6.60	2591611	2591611	27062
kroA100.tsp	6.48	2591611	2591611	26333
kroA100.tsp	6.52	2591611	2591611	25476
kroA100.tsp	6.49	2591611	2591611	26117
kroA100.tsp	6.65	2591611	2591611	26026
kroA150.tsp	9.15	2591611	2591611	37476
kroA150.tsp	9.03	2591611	2591611	35958
kroA150.tsp	9.06	2591611	2591611	34042
kroA150.tsp	8.98	2591611	2591611	37798
kroA150.tsp	10.34	2591611	2591611	38833
kroA150.tsp	8.99	2591611	2591611	36161
kroA150.tsp	9.03	2591611	2591611	34036
kroA150.tsp	9.09	2591611	2591611	35886
kroA150.tsp	9.06	2591611	2591611	36740
kroA150.tsp	9.06	2591611	2591611	39252
kroA200.tsp	11.35	2591611	2591611	47094
kroA200.tsp	11.39	2591611	2591611	46131
kroA200.tsp	11.32	2591611	2591611	42987
kroA200.tsp	11.59	2591611	2591611	43882
kroA200.tsp	11.49	2591611	2591611	45294
kroA200.tsp	11.50	2591611	2591611	44374
kroA200.tsp	11.48	2591611	2591611	46287
kroA200.tsp	11.49	2591611	2591611	46123
kroA200.tsp	11.42	2591611	2591611	49731
kroA200.tsp	11.33	2591611	2591611	45430
kroB100.tsp	6.46	2591611	2591611	25654
kroB100.tsp	6.65	2591611	2591611	26091
kroB100.tsp	6.59	2591611	2591611	27106
kroB100.tsp	6.58	2591611	2591611	26861
kroB100.tsp	6.48	2591611	2591611	29217
kroB100.tsp	6.66	2591611	2591611	25788
kroB100.tsp	6.53	2591611	2591611	27246
kroB100.tsp	7.30	2591611	2591611	25419
kroB100.tsp	6.53	2591611	2591611	24911
kroB100.tsp	6.65	2591611	2591611	26443
kroB150.tsp	9.08	2591611	2591611	35588
kroB150.tsp	9.11	2591611	2591611	39675
kroB150.tsp	9.05	2591611	2591611	37810
kroB150.tsp	9.13	2591611	2591611	32376
kroB150.tsp	9.09	2591611	2591611	38010
kroB150.tsp	8.98	2591611	2591611	35323
kroB150.tsp	9.05	2591611	2591611	35385
kroB150.tsp	8.96	2591611	2591611	35639
kroB150.tsp	9.12	2591611	2591611	38374
kroB150.tsp	9.01	2591611	2591611	37760
kroB200.tsp	11.50	2591611	2591611	41706
kroB200.tsp	11.42	2591611	2591611	44239
kroB200.tsp	11.48	2591611	2591611	44403
kroB200.tsp	11.48	2591611	2591611	43445
kroB200.tsp	11.39	2591611	2591611	43996
kroB200.tsp	11.69	2591611	2591611	43942
kroB200.tsp	11.54	2591611	2591611	43865
kroB200.tsp	11.56	2591611	2591611	43407
kroB200.tsp	11.50	2591611	2591611	42992
kroB200.tsp	11.54	2591611	2591611	43035
kroC100.tsp	6.62	2591611	2591611	24765
kroC100.tsp	6.48	2591611	2591611	24625
kroC100.tsp	6.52	2591611	2591611	27782
kroC100.tsp	6.53	2591611	2591611	25835
kroC100.tsp	6.47	2591611	2591611	28679
kroC100.tsp	6.65	2591611	2591611	25421
kroC100.tsp	6.58	2591611	2591611	25922
kroC100.tsp	6.63	2591611	2591611	26614
kroC100.tsp	6.57	2591611	2591611	24277
kroC100.tsp	6.51	2591611	2591611	27013
kroD100.tsp	6.54	2591611	2591611	27886
kroD100.tsp	6.48	2591611	2591611	25317
kroD100.tsp	6.52	2591611	2591611	25756
kroD100.tsp	6.51	2591611	2591611	24892
kroD100.tsp	6.59	2591611	2591611	28137
kroD100.tsp	6.52	2591611	2591611	27507
kroD100.tsp	6.71	2591611	2591611	27481
kroD100.tsp	6.67	2591611	2591611	28153
kroD100.tsp	6.62	2591611	2591611	26017
kroD100.tsp	6.50	2591611	2591611	24612
kroE100.tsp	6.62	2591611	2591611	26808
kroE100.tsp	6.56	2591611	2591611	26392
kroE100.tsp	6.46	2591611	2591611	28552
kroE100.tsp	6.52	2591611	2591611	25144
kroE100.tsp	6.44	2591611	2591611	28466
kroE100.tsp	6.53	2591611	2591611	27248
kroE100.tsp	6.66	2591611	2591611	26274
kroE100.tsp	6.50	2591611	2591611	26790
kroE100.tsp	6.46	2591611	2591611	26948
kroE100.tsp	6.68	2591611	2591611	26869
lin105.tsp	6.76	2591611	2591611	18815
lin105.tsp	6.80	2591611	2591611	20499
lin105.tsp	6.77	2591611	2591611	20602
lin105.tsp	6.84	2591611	2591611	16994
lin105.tsp	6.77	2591611	2591611	17058
lin105.tsp	6.76	2591611	2591611	18506
lin105.tsp	6.76	2591611	2591611	17835
lin105.tsp	6.79	2591611	2591611	18917
lin105.tsp	6.78	2591611	2591611	17711
lin105.tsp	6.80	2591611	2591611	18037
lin318.tsp	17.10	2591611	2591611	84290
lin318.tsp	17.07	2591611	2591611	78441
lin318.tsp	17.13	2591611	2591611	86895
lin318.tsp	17.27	2591611	2591611	78063
lin318.tsp	17.05	2591611	2591611	81255
lin318.tsp	17.10	2591611	2591611	80662
lin318.tsp	17.22	2591611	2591611	88458
lin318.tsp	17.04	2591611	2591611	76826
lin318.tsp	17.13	2591611	2591611	77875
lin318.tsp	17.14	2591611	2591611	84400
linhp318.tsp	17.23	2591611	2591611	76776
linhp318.tsp	17.10	2591611	2591611	78364
linhp318.tsp	17.05	2591611	2591611	77305
linhp318.tsp	17.09	2591611	2591611	85255
linhp318.tsp	17.12	2591611	2591611	79499
linhp318.tsp	17.12	2591611	2591611	80215
linhp318.tsp	17.06	2591611	2591611	79523
linhp318.tsp	17.08	2591611	2591611	80986
linhp318.tsp	17.10	2591611	2591611	80443
linhp318.tsp	17.07	2591611	2591611	86546
pr107.tsp	6.86	2591611	2591611	66359
pr107.tsp	6.93	2591611	2591611	64418
pr107.tsp	6.84	2591611	2591611	64233
pr107.tsp	6.85	2591611	2591611	77029
pr107.tsp	6.86	2591611	2591611	54704
pr107.tsp	6.91	2591611	2591611	63482
pr107.tsp	6.85	2591611	2591611	62947
pr107.tsp	6.86	2591611	2591611	78480
pr107.tsp	6.84	2591611	2591611	62406
pr107.tsp	6.86	2591611	2591611	61412
pr124.tsp	7.68	2591611	2591611	82257
pr124.tsp	7.70	2591611	2591611	95353
pr124.tsp	7.59	2591611	2591611	82893
pr124.tsp	7.65	2591611	2591611	102271
pr124.tsp	7.70	2591611	2591611	93486
pr124.tsp	7.69	2591611	2591611	89884
pr124.tsp	7.67	2591611	2591611	86668
pr124.tsp	7.63	2591611	2591611	97667
pr124.tsp	7.70	2591611	2591611	87778
pr124.tsp	7.68	2591611	2591611	77142
pr136.tsp	8.33	2591611	2591611	127776
pr136.tsp	8.40	2591611	2591611	129780
pr136.tsp	8.28	2591611	2591611	119884
pr136.tsp	8.32	2591611	2591611	137072
pr136.tsp	8.31	2591611	2591611	134374
pr136.tsp	8.33	2591611	2591611	134815
pr136.tsp	8.36	2591611	2591611	129031
pr136.tsp	8.40	2591611	2591611	137490
pr136.tsp	8.41	2591611	2591611	127314
pr136.tsp	8.31	2591611	2591611	127131
pr144.tsp	8.75	2591611	2591611	106428
pr144.tsp	8.72	2591611	2591611	96216
pr144.tsp	8.77	2591611	2591611	104706
pr144.tsp	8.73	2591611	2591611	106251
pr144.tsp	8.69	2591611	2591611	96491
pr144.tsp	8.72	2591611	2591611	104272
pr144.tsp	8.74	2591611	2591611	109861
pr144.tsp	8.73	2591611	2591611	96241
pr144.tsp	8.72	2591611	2591611	116027
pr144.tsp	8.70	2591611	2591611	110282
pr152.tsp	9.18	2591611	2591611	102214
pr152.tsp	9.11	2591611	2591611	139251
pr152.tsp	9.14	2591611	2591611	111954
pr152.tsp	9.16	2591611	2591611	124614
pr152.tsp	9.16	2591611	2591611	120884
pr152.tsp	9.09	2591611	2591611	107713
pr152.tsp	9.06	2591611	2591611	119492
pr152.tsp	9.06	2591611	2591611	131014
pr152.tsp	9.10	2591611	2591611	112793
pr152.tsp	9.12	2591611	2591611	129567
pr226.tsp	12.75	2591611	2591611	173899
pr226.tsp	12.70	2591611	2591611	168387
pr226.tsp	12.64	2591611	2591611	195531
pr226.tsp	12.66	2591611	2591611	195794
pr226.tsp	12.78	2591611	2591611	188727
pr226.tsp	14.50	2591611	2591611	185868
pr226.tsp	12.62	2591611	2591611	167765
pr226.tsp	12.71	2591611	2591611	159656
pr226.tsp	12.78	2591611	2591611	160536
pr226.tsp	12.63	2591611	2591611	174690
pr264.tsp	17.60	2591611	2591611	133992
pr264.tsp	14.40	2591611	2591611	135879
pr264.tsp	14.39	2591611	2591611	123629
pr264.tsp	14.36	2591611	2591611	134829
pr264.tsp	14.32	2591611	2591611	104721
pr264.tsp	18.59	2591611	2591611	98003
pr264.tsp	14.33	2591611	2591611	106857
pr264.tsp	14.44	2591611	2591611	119878
pr264.tsp	14.34	2591611	2591611	112702
pr264.tsp	14.46	2591611	2591611	110695
pr299.tsp	16.15	2591611	2591611	85352
pr299.tsp	16.08	2591611	2591611	92458
pr299.tsp	16.15	2591611	2591611	82034
pr299.tsp	16.11	2591611	2591611	92486
pr299.tsp	16.14	2591611	2591611	106511
pr299.tsp	16.18	2591611	2591611	85156
pr299.tsp	16.14	2591611	2591611	92912
pr299.tsp	16.15	2591611	2591611	96572
pr299.tsp	16.16	2591611	2591611	87334
pr299.tsp	16.16	2591611	2591611	93026
pr439.tsp	23.63	2591611	2591611	244147
pr439.tsp	23.54	2591611	2591611	254856
pr439.tsp	23.56	2591611	2591611	253258
pr439.tsp	23.58	2591611	2591611	251489
pr439.tsp	23.61	2591611	2591611	260629
pr439.tsp	23.47	2591611	2591611	261729
pr439.tsp	23.58	2591611	2591611	222751
pr439.tsp	23.60	2591611	2591611	260857
pr439.tsp	23.71	2591611	2591611	255344
pr439.tsp	23.44	2591611	2591611	241312
pr76.tsp	5.49	2591611	2591611	123510
pr76.tsp	5.35	2591611	2591611	133755
pr76.tsp	5.47	2591611	2591611	118509
pr76.tsp	5.38	2591611	2591611	125602
pr76.tsp	5.45	2591611	2591611	122696
pr76.tsp	5.47	2591611	2591611	137811
pr76.tsp	5.38	2591611	2591611	120899
pr76.tsp	5.35	2591611	2591611	126474
pr76.tsp	5.44	2591611	2591611	128189
pr76.tsp	5.46	2591611	2591611	117330
rat575.tsp	32.63	2591611	2591611	13604
rat575.tsp	32.19	2591611	2591611	13971
rat575.tsp	32.14	2591611	2591611	14293
rat575.tsp	32.23	2591611	2591611	14301
rat575.tsp	32.23	2591611	2591611	13535
rat575.tsp	32.33	2591611	2591611	14044
rat575.tsp	32.38	2591611	2591611	13509
rat575.tsp	32.34	2591611	2591611	13507
rat575.tsp	32.33	2591611	2591611	14027
rat575.tsp	32.35	2591611	2591611	14280
rat783.tsp	45.57	2591611	2591611	22018
rat783.tsp	45.65	2591611	2591611	22892
rat783.tsp	45.05	2591611	2591611	22454
rat783.tsp	45.41	2591611	2591611	22127
rat783.tsp	45.65	2591611	2591611	21628
rat783.tsp	45.42	2591611	2591611	21193
rat783.tsp	45.26	2591611	2591611	23070
rat783.tsp	45.10	2591611	2591611	22293
rat783.tsp	45.69	2591611	2591611	22940
rat783.tsp	45.27	2591611	2591611	23731
rat99.tsp	6.55	2591611	2591611	1421
rat99.tsp	6.54	2591611	2591611	1446
rat99.tsp	6.50	2591611	2591611	1406
rat99.tsp	6.56	2591611	2591611	1560
rat99.tsp	6.64	2591611	2591611	1480
rat99.tsp	6.58	2591611	2591611	1503
rat99.tsp	6.56	2591611	2591611	1423
rat99.tsp	6.56	2591611	2591611	1475
rat99.tsp	6.50	2591611	2591611	1460
rat99.tsp	6.48	2591611	2591611	1343
