a280.tsp	2.51	422129	422129	5645
a280.tsp	2.49	422129	422129	5549
a280.tsp	2.49	422129	422129	5454
a280.tsp	2.49	422129	422129	5962
a280.tsp	2.50	422129	422129	6186
a280.tsp	3.14	422129	422129	5352
a280.tsp	2.49	422129	422129	5616
a280.tsp	2.49	422129	422129	5844
a280.tsp	2.50	422129	422129	5770
a280.tsp	2.48	422129	422129	6089
berlin52.tsp	0.70	422129	422129	8554
berlin52.tsp	0.70	422129	422129	8568
berlin52.tsp	0.70	422129	422129	8822
berlin52.tsp	0.70	422129	422129	8648
berlin52.tsp	0.70	422129	422129	8239
berlin52.tsp	0.70	422129	422129	8550
berlin52.tsp	0.69	422129	422129	8964
berlin52.tsp	0.70	422129	422129	8392
berlin52.tsp	0.70	422129	422129	8645
berlin52.tsp	0.70	422129	422129	8650
bier127.tsp	1.28	422129	422129	175217
bier127.tsp	1.28	422129	422129	163534
bier127.tsp	1.30	422129	422129	159526
bier127.tsp	1.28	422129	422129	168351
bier127.tsp	1.29	422129	422129	163384
bier127.tsp	1.29	422129	422129	161817
bier127.tsp	1.30	422129	422129	174277
bier127.tsp	1.30	422129	422129	156113
bier127.tsp	1.30	422129	422129	163985
bier127.tsp	1.29	422129	422129	167148
eil101.tsp	1.08	422129	422129	718
eil101.tsp	1.08	422129	422129	756
eil101.tsp	1.09	422129	422129	778
eil101.tsp	1.07	422129	422129	789
eil101.tsp	1.08	422129	422129	805
eil101.tsp	1.08	422129	422129	796
eil101.tsp	1.07	422129	422129	784
eil101.tsp	1.08	422129	422129	766
eil101.tsp	1.09	422129	422129	807
eil101.tsp	1.06	422129	422129	823
eil51.tsp	0.70	422129	422129	462
eil51.tsp	0.70	422129	422129	447
eil51.tsp	0.70	422129	422129	465
eil51.tsp	0.70	422129	422129	500
eil51.tsp	0.70	422129	422129	436
eil51.tsp	0.70	422129	422129	459
eil51.tsp	0.69	422129	422129	457
eil51.tsp	0.69	422129	422129	469
eil51.tsp	0.71	422129	422129	495
eil51.tsp	0.70	422129	422129	438
eil76.tsp	0.88	422129	422129	689
eil76.tsp	0.88	422129	422129	638
eil76.tsp	0.88	422129	422129	633
eil76.tsp	0.88	422129	422129	669
eil76.tsp	0.89	422129	422129	623
eil76.tsp	0.89	422129	422129	618
eil76.tsp	0.88	422129	422129	635
eil76.tsp	0.89	422129	422129	642
eil76.tsp	0.89	422129	422129	604
eil76.tsp	0.88	422129	422129	619
gil262.tsp	2.34	422129	422129	4685
gil262.tsp	2.34	422129	422129	4735
gil262.tsp	2.34	422129	422129	4956
gil262.tsp	2.34	422129	422129	5079
gil262.tsp	2.34	422129	422129	4329
gil262.tsp	2.34	422129	422129	4481
gil262.tsp	2.42	422129	422129	4914
gil262.tsp	2.34	422129	422129	4200
gil262.tsp	2.35	422129	422129	4551
gil262.tsp	2.35	422129	422129	5085
kroA100.tsp	1.05	422129	422129	30015
kroA100.tsp	1.07	422129	422129	30092
kroA100.tsp	1.05	422129	422129	30560
kroA100.tsp	1.05	422129	422129	28799
kroA100.tsp	1.05	422129	422129	33488
kroA100.tsp	1.06	422129	422129	29938
kroA100.tsp	1.08	422129	422129	31906
kroA100.tsp	1.07	422129	422129	30238
kroA100.tsp	1.08	422129	422129	32657
kroA100.tsp	1.04	422129	422129	31578
kroA150.tsp	1.48	422129	422129	44661
kroA150.tsp	1.46	422129	422129	41283
kroA150.tsp	1.48	422129	422129	38494
kroA150.tsp	1.46	422129	422129	46111
kroA150.tsp	1.47	422129	422129	46236
kroA150.tsp	1.46	422129	422129	40508
kroA150.tsp	1.48	422129	422129	39822
kroA150.tsp	1.47	422129	422129	44397
kroA150.tsp	1.48	422129	422129	48846
kroA150.tsp	1.47	422129	422129	46158
kroA200.tsp	2.22	422129	422129	55340
kroA200.tsp	2.33	422129	422129	54636
kroA200.tsp	1.85	422129	422129	54122
kroA200.tsp	1.87	422129	422129	61263
kroA200.tsp	1.87	422129	422129	54226
kroA200.tsp	1.85	422129	422129	55975
kroA200.tsp	1.86	422129	422129	56061
kroA200.tsp	1.87	422129	422129	56542
kroA200.tsp	1.86	422129	422129	54292
kroA200.tsp	1.87	422129	422129	58222
kroB100.tsp	1.06	422129	422129	32788
kroB100.tsp	1.07	422129	422129	30550
kroB100.tsp	1.05	422129	422129	33349
kroB100.tsp	1.08	422129	422129	31219
kroB100.tsp	1.06	422129	422129	33084
kroB100.tsp	1.08	422129	422129	32420
kroB100.tsp	1.06	422129	422129	32970
kroB100.tsp	1.05	422129	422129	32849
kroB100.tsp	1.06	422129	422129	29844
kroB100.tsp	1.05	422129	422129	29281
kroB150.tsp	1.46	422129	422129	47257
kroB150.tsp	1.46	422129	422129	46818
kroB150.tsp	1.46	422129	422129	39116
kroB150.tsp	1.47	422129	422129	40918
kroB150.tsp	1.46	422129	422129	45932
kroB150.tsp	1.46	422129	422129	44146
kroB150.tsp	1.46	422129	422129	47446
kroB150.tsp	1.48	422129	422129	41498
kroB150.tsp	1.47	422129	422129	48801
kroB150.tsp	1.46	422129	422129	41452
kroB200.tsp	1.86	422129	422129	53161
kroB200.tsp	1.87	422129	422129	50821
kroB200.tsp	1.86	422129	422129	51876
kroB200.tsp	1.86	422129	422129	49546
kroB200.tsp	1.86	422129	422129	53747
kroB200.tsp	1.85	422129	422129	52157
kroB200.tsp	1.86	422129	422129	58458
kroB200.tsp	1.85	422129	422129	57243
kroB200.tsp	1.86	422129	422129	55685
kroB200.tsp	1.85	422129	422129	52700
kroC100.tsp	1.07	422129	422129	30798
kroC100.tsp	1.06	422129	422129	33872
kroC100.tsp	1.07	422129	422129	30825
kroC100.tsp	1.05	422129	422129	29285
kroC100.tsp	1.05	422129	422129	27881
kroC100.tsp	1.07	422129	422129	32249
kroC100.tsp	1.06	422129	422129	34254
kroC100.tsp	1.06	422129	422129	30401
kroC100.tsp	1.08	422129	422129	29787
kroC100.tsp	1.08	422129	422129	29844
kroD100.tsp	1.06	422129	422129	31865
kroD100.tsp	1.04	422129	422129	30202
kroD100.tsp	1.06	422129	422129	30971
kroD100.tsp	1.07	422129	422129	28766
kroD100.tsp	1.08	422129	422129	31366
kroD100.tsp	1.07	422129	422129	33124
kroD100.tsp	1.07	422129	422129	35066
kroD100.tsp	1.07	422129	422129	30157
kroD100.tsp	1.07	422129	422129	30578
kroD100.tsp	1.05	422129	422129	28683
kroE100.tsp	1.07	422129	422129	34285
kroE100.tsp	1.06	422129	422129	30718
kroE100.tsp	1.05	422129	422129	31138
kroE100.tsp	1.07	422129	422129	27555
kroE100.tsp	1.08	422129	422129	32283
kroE100.tsp	1.07	422129	422129	30392
kroE100.tsp	1.08	422129	422129	30823
kroE100.tsp	1.05	422129	422129	36357
kroE100.tsp	1.06	422129	422129	31229
kroE100.tsp	1.07	422129	422129	28902
lin105.tsp	1.08	422129	422129	25741
lin105.tsp	1.09	422129	422129	21575
lin105.tsp	1.10	422129	422129	22272
lin105.tsp	1.08	422129	422129	22222
lin105.tsp	1.10	422129	422129	21435
lin105.tsp	1.11	422129	422129	21100
lin105.tsp	1.10	422129	422129	22640
lin105.tsp	1.10	422129	422129	22346
lin105.tsp	1.09	422129	422129	21736
lin105.tsp	1.11	422129	422129	19187
lin318.tsp	2.78	422129	422129	102116
lin318.tsp	2.78	422129	422129	98183
lin318.tsp	2.78	422129	422129	103659
lin318.tsp	2.78	422129	422129	92296
lin318.tsp	2.78	422129	422129	104865
lin318.tsp	2.78	422129	422129	106812
lin318.tsp	2.78	422129	422129	106400
lin318.tsp	2.79	422129	422129	104297
lin318.tsp	2.77	422129	422129	92311
lin318.tsp	2.78	422129	422129	100305
linhp318.tsp	2.78	422129	422129	94264
linhp318.tsp	2.79	422129	422129	99682
linhp318.tsp	2.78	422129	422129	109636
linhp318.tsp	2.78	422129	422129	98985
linhp318.tsp	2.78	422129	422129	103308
linhp318.tsp	2.78	422129	422129	101147
linhp318.tsp	2.80	422129	422129	107013
linhp318.tsp	2.79	422129	422129	90187
linhp318.tsp	2.79	422129	422129	93611
linhp318.tsp	2.78	422129	422129	100766
pr107.tsp	1.12	422129	422129	78795
pr107.tsp	1.12	422129	422129	81513
pr107.tsp	1.12	422129	422129	95304
pr107.tsp	1.11	422129	422129	58474
pr107.tsp	1.12	422129	422129	81602
pr107.tsp	1.11	422129	422129	97980
pr107.tsp	1.11	422129	422129	87121
pr107.tsp	1.11	422129	422129	77896
pr107.tsp	1.12	422129	422129	75378
pr107.tsp	1.11	422129	422129	90902
pr124.tsp	1.24	422129	422129	119404
pr124.tsp	1.24	422129	422129	106959
pr124.tsp	1.44	422129	422129	108085
pr124.tsp	1.24	422129	422129	108296
pr124.tsp	1.25	422129	422129	114232
pr124.tsp	1.25	422129	422129	119830
pr124.tsp	1.24	422129	422129	114330
pr124.tsp	1.24	422129	422129	117813
pr124.tsp	1.24	422129	422129	105930
pr124.tsp	1.25	422129	422129	118626
pr136.tsp	1.35	422129	422129	168329
pr136.tsp	1.36	422129	422129	150683
pr136.tsp	1.36	422129	422129	135049
pr136.tsp	1.36	422129	422129	151809
pr136.tsp	1.36	422129	422129	164238
pr136.tsp	1.36	422129	422129	144022
pr136.tsp	1.36	422129	422129	163710
pr136.tsp	1.36	422129	422129	151367
pr136.tsp	1.35	422129	422129	185746
pr136.tsp	1.36	422129	422129	148288
pr144.tsp	1.42	422129	422129	149737
pr144.tsp	1.41	422129	422129	122562
pr144.tsp	1.41	422129	422129	118956
pr144.tsp	1.42	422129	422129	149891
pr144.tsp	1.42	422129	422129	148736
pr144.tsp	1.41	422129	422129	151801
pr144.tsp	1.41	422129	422129	133612
pr144.tsp	1.42	422129	422129	163934
pr144.tsp	1.41	422129	422129	127845
pr144.tsp	1.44	422129	422129	137314
pr152.tsp	1.49	422129	422129	192744
pr152.tsp	1.48	422129	422129	195478
pr152.tsp	1.47	422129	422129	194935
pr152.tsp	1.47	422129	422129	168974
pr152.tsp	1.48	422129	422129	177497
pr152.tsp	1.48	422129	422129	155222
pr152.tsp	1.47	422129	422129	170304
pr152.tsp	1.49	422129	422129	162346
pr152.tsp	1.48	422129	422129	158001
pr152.tsp	1.49	422129	422129	179885
pr226.tsp	2.06	422129	422129	255788
pr226.tsp	2.08	422129	422129	279410
pr226.tsp	2.06	422129	422129	261265
pr226.tsp	2.07	422129	422129	239553
pr226.tsp	2.07	422129	422129	285150
pr226.tsp	2.05	422129	422129	242578
pr226.tsp	2.07	422129	422129	259796
pr226.tsp	2.07	422129	422129	221870
pr226.tsp	2.07	422129	422129	276369
pr226.tsp	2.07	422129	422129	275983
pr264.tsp	2.33	422129	422129	177228
pr264.tsp	2.34	422129	422129	140728
pr264.tsp	2.34	422129	422129	143800
pr264.tsp	2.34	422129	422129	192170
pr264.tsp	2.34	422129	422129	158853
pr264.tsp	2.33	422129	422129	184014
pr264.tsp	2.34	422129	422129	151563
pr264.tsp	2.33	422129	422129	141565
pr264.tsp	2.33	422129	422129	157868
pr264.tsp	2.34	422129	422129	163474
pr299.tsp	2.63	422129	422129	104186
pr299.tsp	2.64	422129	422129	111553
pr299.tsp	2.63	422129	422129	117653
pr299.tsp	2.63	422129	422129	127419
pr299.tsp	2.62	422129	422129	110568
pr299.tsp	2.62	422129	422129	122344
pr299.tsp	3.47	422129	422129	109981
pr299.tsp	2.63	422129	422129	117667
pr299.tsp	2.62	422129	422129	122431
pr299.tsp	2.62	422129	422129	118187
pr439.tsp	3.82	422129	422129	333169
pr439.tsp	3.80	422129	422129	293001
pr439.tsp	3.81	422129	422129	292516
pr439.tsp	3.81	422129	422129	330784
pr439.tsp	3.82	422129	422129	353323
pr439.tsp	3.81	422129	422129	328225
pr439.tsp	3.82	422129	422129	346077
pr439.tsp	3.81	422129	422129	334988
pr439.tsp	3.81	422129	422129	328964
pr439.tsp	3.82	422129	422129	347858
pr76.tsp	0.88	422129	422129	131414
pr76.tsp	0.88	422129	422129	133849
pr76.tsp	0.87	422129	422129	141855
pr76.tsp	0.89	422129	422129	129570
pr76.tsp	0.88	422129	422129	134878
pr76.tsp	0.87	422129	422129	141580
pr76.tsp	0.88	422129	422129	141948
pr76.tsp	0.87	422129	422129	131340
pr76.tsp	0.88	422129	422129	135503
pr76.tsp	0.86	422129	422129	137445
rat575.tsp	5.27	422129	422129	19164
rat575.tsp	5.29	422129	422129	19252
rat575.tsp	5.24	422129	422129	19518
rat575.tsp	5.30	422129	422129	19013
rat575.tsp	5.29	422129	422129	20265
rat575.tsp	5.28	422129	422129	19154
rat575.tsp	5.29	422129	422129	20402
rat575.tsp	5.27	422129	422129	19302
rat575.tsp	5.25	422129	422129	18997
rat575.tsp	5.29	422129	422129	20328
rat783.tsp	7.45	422129	422129	31581
rat783.tsp	7.34	422129	422129	33060
rat783.tsp	7.34	422129	422129	31667
rat783.tsp	7.33	422129	422129	32174
rat783.tsp	7.44	422129	422129	31792
rat783.tsp	7.45	422129	422129	34080
rat783.tsp	7.37	422129	422129	32867
rat783.tsp	7.34	422129	422129	33149
rat783.tsp	7.42	422129	422129	32533
rat783.tsp	7.32	422129	422129	33906
rat99.tsp	1.06	422129	422129	1617
rat99.tsp	1.06	422129	422129	1531
rat99.tsp	1.06	422129	422129	1798
rat99.tsp	1.08	422129	422129	1593
rat99.tsp	1.06	422129	422129	1576
rat99.tsp	1.07	422129	422129	1666
rat99.tsp	1.06	422129	422129	1501
rat99.tsp	1.06	422129	422129	1524
rat99.tsp	1.07	422129	422129	1699
rat99.tsp	1.06	422129	422129	1573
