a280.tsp	1.90	320800	320800	6157
a280.tsp	1.92	320800	320800	6029
a280.tsp	1.90	320800	320800	5842
a280.tsp	1.90	320800	320800	5595
a280.tsp	1.90	320800	320800	5903
a280.tsp	1.90	320800	320800	5969
a280.tsp	1.89	320800	320800	6124
a280.tsp	1.90	320800	320800	5978
a280.tsp	1.90	320800	320800	5769
a280.tsp	1.98	320800	320800	5571
berlin52.tsp	0.53	320800	320800	8845
berlin52.tsp	0.54	320800	320800	9349
berlin52.tsp	0.54	320800	320800	9464
berlin52.tsp	0.53	320800	320800	8499
berlin52.tsp	0.52	320800	320800	9098
berlin52.tsp	0.54	320800	320800	9477
berlin52.tsp	0.52	320800	320800	8747
berlin52.tsp	0.55	320800	320800	8340
berlin52.tsp	0.54	320800	320800	8878
berlin52.tsp	0.53	320800	320800	8881
bier127.tsp	1.02	320800	320800	167686
bier127.tsp	0.98	320800	320800	155779
bier127.tsp	0.98	320800	320800	155190
bier127.tsp	1.01	320800	320800	176873
bier127.tsp	1.00	320800	320800	154148
bier127.tsp	0.98	320800	320800	158754
bier127.tsp	0.99	320800	320800	166480
bier127.tsp	0.98	320800	320800	165359
bier127.tsp	0.98	320800	320800	151716
bier127.tsp	0.98	320800	320800	169712
eil101.tsp	0.84	320800	320800	783
eil101.tsp	0.82	320800	320800	753
eil101.tsp	0.82	320800	320800	747
eil101.tsp	0.81	320800	320800	750
eil101.tsp	0.82	320800	320800	839
eil101.tsp	0.83	320800	320800	793
eil101.tsp	0.82	320800	320800	750
eil101.tsp	0.82	320800	320800	783
eil101.tsp	0.82	320800	320800	730
eil101.tsp	0.82	320800	320800	773
eil51.tsp	0.52	320800	320800	456
eil51.tsp	0.56	320800	320800	458
eil51.tsp	0.52	320800	320800	457
eil51.tsp	0.54	320800	320800	515
eil51.tsp	0.38	320800	320800	491
eil51.tsp	0.54	320800	320800	514
eil51.tsp	0.52	320800	320800	487
eil51.tsp	0.53	320800	320800	495
eil51.tsp	0.53	320800	320800	457
eil51.tsp	0.52	320800	320800	455
eil76.tsp	0.70	320800	320800	644
eil76.tsp	0.67	320800	320800	609
eil76.tsp	0.68	320800	320800	663
eil76.tsp	0.68	320800	320800	613
eil76.tsp	0.67	320800	320800	624
eil76.tsp	0.67	320800	320800	612
eil76.tsp	0.67	320800	320800	665
eil76.tsp	0.67	320800	320800	649
eil76.tsp	0.68	320800	320800	647
eil76.tsp	0.68	320800	320800	650
gil262.tsp	2.14	320800	320800	4681
gil262.tsp	1.80	320800	320800	5041
gil262.tsp	1.78	320800	320800	5253
gil262.tsp	1.78	320800	320800	4671
gil262.tsp	1.83	320800	320800	4898
gil262.tsp	1.82	320800	320800	4908
gil262.tsp	1.78	320800	320800	4690
gil262.tsp	1.78	320800	320800	5115
gil262.tsp	1.86	320800	320800	5106
gil262.tsp	1.83	320800	320800	4668
kroA100.tsp	0.91	320800	320800	29904
kroA100.tsp	0.79	320800	320800	30470
kroA100.tsp	0.84	320800	320800	32305
kroA100.tsp	0.82	320800	320800	33072
kroA100.tsp	0.81	320800	320800	35462
kroA100.tsp	0.83	320800	320800	32075
kroA100.tsp	0.80	320800	320800	29330
kroA100.tsp	0.80	320800	320800	30550
kroA100.tsp	0.80	320800	320800	35874
kroA100.tsp	0.81	320800	320800	37068
kroA150.tsp	1.12	320800	320800	42090
kroA150.tsp	1.15	320800	320800	44624
kroA150.tsp	1.12	320800	320800	42535
kroA150.tsp	1.16	320800	320800	45120
kroA150.tsp	1.11	320800	320800	49926
kroA150.tsp	1.11	320800	320800	47514
kroA150.tsp	1.12	320800	320800	47727
kroA150.tsp	1.15	320800	320800	45042
kroA150.tsp	1.12	320800	320800	44672
kroA150.tsp	1.12	320800	320800	47590
kroA200.tsp	1.45	320800	320800	60465
kroA200.tsp	1.46	320800	320800	58284
kroA200.tsp	1.34	320800	320800	58576
kroA200.tsp	1.41	320800	320800	57011
kroA200.tsp	1.42	320800	320800	57178
kroA200.tsp	1.41	320800	320800	59610
kroA200.tsp	1.42	320800	320800	57011
kroA200.tsp	1.41	320800	320800	58408
kroA200.tsp	1.44	320800	320800	54785
kroA200.tsp	1.42	320800	320800	56484
kroB100.tsp	0.83	320800	320800	34623
kroB100.tsp	0.82	320800	320800	32605
kroB100.tsp	0.81	320800	320800	34981
kroB100.tsp	0.82	320800	320800	33944
kroB100.tsp	0.79	320800	320800	30037
kroB100.tsp	0.80	320800	320800	33688
kroB100.tsp	0.84	320800	320800	29524
kroB100.tsp	0.81	320800	320800	29082
kroB100.tsp	0.81	320800	320800	35507
kroB100.tsp	0.82	320800	320800	29674
kroB150.tsp	1.12	320800	320800	43710
kroB150.tsp	1.12	320800	320800	43884
kroB150.tsp	1.11	320800	320800	45598
kroB150.tsp	1.11	320800	320800	46588
kroB150.tsp	1.11	320800	320800	47449
kroB150.tsp	1.12	320800	320800	43850
kroB150.tsp	1.14	320800	320800	41511
kroB150.tsp	1.12	320800	320800	47735
kroB150.tsp	1.14	320800	320800	42944
kroB150.tsp	1.12	320800	320800	41420
kroB200.tsp	1.42	320800	320800	55981
kroB200.tsp	1.42	320800	320800	58126
kroB200.tsp	1.43	320800	320800	61841
kroB200.tsp	1.41	320800	320800	54992
kroB200.tsp	1.41	320800	320800	57226
kroB200.tsp	1.47	320800	320800	52623
kroB200.tsp	1.46	320800	320800	62814
kroB200.tsp	1.43	320800	320800	63145
kroB200.tsp	1.41	320800	320800	60582
kroB200.tsp	1.42	320800	320800	55325
kroC100.tsp	0.82	320800	320800	32100
kroC100.tsp	0.82	320800	320800	34617
kroC100.tsp	0.84	320800	320800	30608
kroC100.tsp	0.81	320800	320800	30912
kroC100.tsp	0.82	320800	320800	31555
kroC100.tsp	0.82	320800	320800	31821
kroC100.tsp	0.82	320800	320800	32554
kroC100.tsp	0.74	320800	320800	30696
kroC100.tsp	0.81	320800	320800	30177
kroC100.tsp	0.81	320800	320800	30800
kroD100.tsp	0.80	320800	320800	31986
kroD100.tsp	0.80	320800	320800	30851
kroD100.tsp	0.80	320800	320800	32097
kroD100.tsp	0.82	320800	320800	32777
kroD100.tsp	0.81	320800	320800	30713
kroD100.tsp	0.80	320800	320800	32359
kroD100.tsp	0.90	320800	320800	31411
kroD100.tsp	0.81	320800	320800	32009
kroD100.tsp	0.80	320800	320800	37243
kroD100.tsp	0.82	320800	320800	36113
kroE100.tsp	0.80	320800	320800	31746
kroE100.tsp	0.82	320800	320800	32708
kroE100.tsp	0.80	320800	320800	32943
kroE100.tsp	0.80	320800	320800	33016
kroE100.tsp	0.82	320800	320800	32219
kroE100.tsp	0.82	320800	320800	32288
kroE100.tsp	0.82	320800	320800	32572
kroE100.tsp	0.81	320800	320800	32998
kroE100.tsp	0.80	320800	320800	31079
kroE100.tsp	0.82	320800	320800	30380
lin105.tsp	0.83	320800	320800	22767
lin105.tsp	0.84	320800	320800	21315
lin105.tsp	0.83	320800	320800	21407
lin105.tsp	0.82	320800	320800	22206
lin105.tsp	0.84	320800	320800	23164
lin105.tsp	0.84	320800	320800	22976
lin105.tsp	0.84	320800	320800	24697
lin105.tsp	0.84	320800	320800	24425
lin105.tsp	0.87	320800	320800	24154
lin105.tsp	0.84	320800	320800	20881
lin318.tsp	2.14	320800	320800	103731
lin318.tsp	2.17	320800	320800	107577
lin318.tsp	2.14	320800	320800	106206
lin318.tsp	2.14	320800	320800	101342
lin318.tsp	2.12	320800	320800	100568
lin318.tsp	2.13	320800	320800	95604
lin318.tsp	2.12	320800	320800	105173
lin318.tsp	2.16	320800	320800	106903
lin318.tsp	2.17	320800	320800	104860
lin318.tsp	2.12	320800	320800	106850
linhp318.tsp	2.12	320800	320800	100120
linhp318.tsp	2.12	320800	320800	98650
linhp318.tsp	2.11	320800	320800	113065
linhp318.tsp	2.16	320800	320800	108311
linhp318.tsp	2.13	320800	320800	100608
linhp318.tsp	2.17	320800	320800	108873
linhp318.tsp	2.20	320800	320800	106897
linhp318.tsp	2.12	320800	320800	96617
linhp318.tsp	2.12	320800	320800	102431
linhp318.tsp	2.15	320800	320800	101729
pr107.tsp	0.85	320800	320800	112706
pr107.tsp	0.84	320800	320800	98100
pr107.tsp	0.84	320800	320800	87840
pr107.tsp	0.87	320800	320800	98486
pr107.tsp	0.85	320800	320800	77276
pr107.tsp	0.85	320800	320800	94048
pr107.tsp	0.86	320800	320800	81876
pr107.tsp	0.85	320800	320800	82528
pr107.tsp	0.89	320800	320800	89302
pr107.tsp	0.85	320800	320800	77678
pr124.tsp	0.95	320800	320800	116477
pr124.tsp	0.94	320800	320800	106999
pr124.tsp	0.94	320800	320800	132889
pr124.tsp	0.94	320800	320800	102576
pr124.tsp	0.94	320800	320800	118666
pr124.tsp	0.94	320800	320800	108184
pr124.tsp	0.95	320800	320800	103188
pr124.tsp	0.95	320800	320800	124726
pr124.tsp	0.94	320800	320800	105299
pr124.tsp	0.94	320800	320800	96750
pr136.tsp	1.04	320800	320800	178466
pr136.tsp	1.03	320800	320800	150625
pr136.tsp	1.04	320800	320800	163085
pr136.tsp	1.04	320800	320800	160185
pr136.tsp	1.04	320800	320800	157595
pr136.tsp	1.03	320800	320800	158831
pr136.tsp	1.00	320800	320800	156780
pr136.tsp	1.04	320800	320800	164048
pr136.tsp	1.03	320800	320800	151055
pr136.tsp	1.06	320800	320800	151002
pr144.tsp	1.08	320800	320800	131993
pr144.tsp	1.09	320800	320800	121885
pr144.tsp	1.08	320800	320800	129805
pr144.tsp	1.08	320800	320800	134963
pr144.tsp	1.08	320800	320800	149474
pr144.tsp	1.07	320800	320800	157541
pr144.tsp	1.08	320800	320800	137150
pr144.tsp	1.13	320800	320800	127065
pr144.tsp	1.07	320800	320800	151757
pr144.tsp	1.08	320800	320800	160067
pr152.tsp	1.12	320800	320800	179632
pr152.tsp	1.13	320800	320800	174783
pr152.tsp	1.13	320800	320800	159498
pr152.tsp	1.12	320800	320800	152142
pr152.tsp	1.13	320800	320800	189109
pr152.tsp	1.13	320800	320800	194556
pr152.tsp	1.12	320800	320800	204022
pr152.tsp	1.49	320800	320800	171144
pr152.tsp	1.12	320800	320800	172746
pr152.tsp	1.14	320800	320800	199653
pr226.tsp	1.57	320800	320800	264700
pr226.tsp	1.58	320800	320800	269408
pr226.tsp	1.59	320800	320800	305837
pr226.tsp	1.57	320800	320800	277231
pr226.tsp	1.57	320800	320800	252976
pr226.tsp	1.58	320800	320800	264619
pr226.tsp	1.58	320800	320800	275997
pr226.tsp	1.57	320800	320800	272534
pr226.tsp	1.56	320800	320800	297673
pr226.tsp	1.57	320800	320800	202497
pr264.tsp	1.78	320800	320800	175844
pr264.tsp	1.78	320800	320800	182342
pr264.tsp	1.78	320800	320800	173385
pr264.tsp	1.78	320800	320800	159974
pr264.tsp	1.78	320800	320800	165833
pr264.tsp	1.77	320800	320800	184333
pr264.tsp	1.78	320800	320800	178722
pr264.tsp	1.78	320800	320800	167628
pr264.tsp	1.77	320800	320800	167901
pr264.tsp	1.78	320800	320800	153608
pr299.tsp	2.00	320800	320800	112393
pr299.tsp	2.00	320800	320800	117163
pr299.tsp	1.99	320800	320800	127999
pr299.tsp	2.00	320800	320800	114016
pr299.tsp	2.01	320800	320800	116732
pr299.tsp	2.01	320800	320800	114319
pr299.tsp	2.00	320800	320800	120956
pr299.tsp	2.00	320800	320800	117268
pr299.tsp	2.00	320800	320800	120783
pr299.tsp	2.00	320800	320800	113245
pr439.tsp	2.91	320800	320800	343996
pr439.tsp	2.91	320800	320800	333554
pr439.tsp	2.90	320800	320800	342546
pr439.tsp	2.90	320800	320800	343640
pr439.tsp	2.90	320800	320800	297955
pr439.tsp	2.90	320800	320800	366209
pr439.tsp	2.89	320800	320800	355627
pr439.tsp	2.91	320800	320800	351066
pr439.tsp	2.91	320800	320800	326041
pr439.tsp	2.91	320800	320800	361357
pr76.tsp	0.66	320800	320800	157699
pr76.tsp	0.66	320800	320800	148203
pr76.tsp	0.66	320800	320800	134195
pr76.tsp	0.67	320800	320800	149658
pr76.tsp	0.66	320800	320800	143498
pr76.tsp	0.66	320800	320800	144314
pr76.tsp	0.67	320800	320800	144188
pr76.tsp	0.70	320800	320800	143441
pr76.tsp	0.68	320800	320800	136139
pr76.tsp	0.68	320800	320800	137386
rat575.tsp	4.00	320800	320800	20568
rat575.tsp	3.99	320800	320800	20446
rat575.tsp	4.00	320800	320800	20430
rat575.tsp	4.01	320800	320800	20957
rat575.tsp	4.03	320800	320800	20919
rat575.tsp	4.03	320800	320800	19896
rat575.tsp	4.02	320800	320800	22830
rat575.tsp	4.02	320800	320800	19228
rat575.tsp	4.03	320800	320800	20125
rat575.tsp	4.03	320800	320800	22075
rat783.tsp	5.56	320800	320800	35069
rat783.tsp	5.58	320800	320800	35438
rat783.tsp	5.56	320800	320800	34897
rat783.tsp	5.63	320800	320800	32448
rat783.tsp	5.59	320800	320800	34685
rat783.tsp	5.58	320800	320800	33710
rat783.tsp	5.61	320800	320800	35755
rat783.tsp	5.55	320800	320800	35615
rat783.tsp	5.66	320800	320800	35841
rat783.tsp	5.63	320800	320800	36139
rat99.tsp	0.81	320800	320800	1645
rat99.tsp	0.81	320800	320800	1600
rat99.tsp	0.81	320800	320800	1759
rat99.tsp	0.81	320800	320800	1624
rat99.tsp	0.82	320800	320800	1600
rat99.tsp	0.81	320800	320800	1600
rat99.tsp	0.95	320800	320800	1528
rat99.tsp	0.80	320800	320800	1765
rat99.tsp	0.81	320800	320800	1771
rat99.tsp	0.81	320800	320800	1741
