a280.tsp	1.52	256638	256638	5658
a280.tsp	1.56	256638	256638	6350
a280.tsp	1.52	256638	256638	6158
a280.tsp	1.52	256638	256638	5706
a280.tsp	1.52	256638	256638	5718
a280.tsp	1.51	256638	256638	5919
a280.tsp	1.52	256638	256638	5850
a280.tsp	1.52	256638	256638	6117
a280.tsp	1.52	256638	256638	5835
a280.tsp	1.57	256638	256638	5760
berlin52.tsp	0.43	256638	256638	8709
berlin52.tsp	0.43	256638	256638	8630
berlin52.tsp	0.44	256638	256638	8682
berlin52.tsp	0.44	256638	256638	9317
berlin52.tsp	0.43	256638	256638	8550
berlin52.tsp	0.43	256638	256638	9012
berlin52.tsp	0.42	256638	256638	9604
berlin52.tsp	0.43	256638	256638	9356
berlin52.tsp	0.42	256638	256638	8542
berlin52.tsp	0.42	256638	256638	9209
bier127.tsp	0.80	256638	256638	176583
bier127.tsp	0.78	256638	256638	161997
bier127.tsp	0.79	256638	256638	167952
bier127.tsp	0.82	256638	256638	184834
bier127.tsp	0.81	256638	256638	166419
bier127.tsp	0.79	256638	256638	163310
bier127.tsp	0.79	256638	256638	167425
bier127.tsp	0.78	256638	256638	173759
bier127.tsp	0.79	256638	256638	168498
bier127.tsp	0.79	256638	256638	158645
eil101.tsp	0.65	256638	256638	785
eil101.tsp	0.66	256638	256638	848
eil101.tsp	0.65	256638	256638	834
eil101.tsp	0.66	256638	256638	804
eil101.tsp	0.66	256638	256638	814
eil101.tsp	0.74	256638	256638	790
eil101.tsp	0.66	256638	256638	764
eil101.tsp	0.64	256638	256638	851
eil101.tsp	0.65	256638	256638	861
eil101.tsp	0.67	256638	256638	826
eil51.tsp	0.42	256638	256638	463
eil51.tsp	0.44	256638	256638	469
eil51.tsp	0.42	256638	256638	471
eil51.tsp	0.42	256638	256638	536
eil51.tsp	0.42	256638	256638	449
eil51.tsp	0.43	256638	256638	482
eil51.tsp	0.42	256638	256638	471
eil51.tsp	0.43	256638	256638	521
eil51.tsp	0.42	256638	256638	453
eil51.tsp	0.43	256638	256638	518
eil76.tsp	0.56	256638	256638	621
eil76.tsp	0.55	256638	256638	659
eil76.tsp	0.56	256638	256638	639
eil76.tsp	0.56	256638	256638	646
eil76.tsp	0.54	256638	256638	627
eil76.tsp	0.54	256638	256638	652
eil76.tsp	0.54	256638	256638	674
eil76.tsp	0.54	256638	256638	652
eil76.tsp	0.55	256638	256638	643
eil76.tsp	0.54	256638	256638	662
gil262.tsp	1.43	256638	256638	4773
gil262.tsp	1.43	256638	256638	4850
gil262.tsp	1.43	256638	256638	4868
gil262.tsp	1.42	256638	256638	4979
gil262.tsp	1.44	256638	256638	5051
gil262.tsp	1.43	256638	256638	4827
gil262.tsp	1.42	256638	256638	4574
gil262.tsp	1.42	256638	256638	4960
gil262.tsp	1.42	256638	256638	4794
gil262.tsp	1.47	256638	256638	4958
kroA100.tsp	0.67	256638	256638	36021
kroA100.tsp	0.65	256638	256638	31041
kroA100.tsp	0.66	256638	256638	36327
kroA100.tsp	0.65	256638	256638	29546
kroA100.tsp	0.66	256638	256638	34531
kroA100.tsp	0.64	256638	256638	34447
kroA100.tsp	0.66	256638	256638	34567
kroA100.tsp	0.66	256638	256638	33226
kroA100.tsp	0.66	256638	256638	34928
kroA100.tsp	0.66	256638	256638	34852
kroA150.tsp	0.88	256638	256638	45650
kroA150.tsp	0.90	256638	256638	43925
kroA150.tsp	0.89	256638	256638	45987
kroA150.tsp	0.90	256638	256638	47849
kroA150.tsp	0.89	256638	256638	39389
kroA150.tsp	0.89	256638	256638	49815
kroA150.tsp	0.92	256638	256638	42983
kroA150.tsp	0.90	256638	256638	44966
kroA150.tsp	0.90	256638	256638	41442
kroA150.tsp	0.89	256638	256638	47043
kroA200.tsp	1.12	256638	256638	58913
kroA200.tsp	1.13	256638	256638	56815
kroA200.tsp	1.10	256638	256638	51314
kroA200.tsp	1.12	256638	256638	57168
kroA200.tsp	1.14	256638	256638	63124
kroA200.tsp	1.14	256638	256638	57791
kroA200.tsp	1.15	256638	256638	63046
kroA200.tsp	1.13	256638	256638	57790
kroA200.tsp	1.14	256638	256638	57496
kroA200.tsp	1.13	256638	256638	60520
kroB100.tsp	0.66	256638	256638	36609
kroB100.tsp	0.65	256638	256638	32658
kroB100.tsp	0.65	256638	256638	34499
kroB100.tsp	0.64	256638	256638	28962
kroB100.tsp	0.65	256638	256638	35453
kroB100.tsp	0.65	256638	256638	30228
kroB100.tsp	0.68	256638	256638	33092
kroB100.tsp	0.65	256638	256638	29447
kroB100.tsp	0.64	256638	256638	31948
kroB100.tsp	0.64	256638	256638	34947
kroB150.tsp	0.89	256638	256638	49882
kroB150.tsp	0.90	256638	256638	45302
kroB150.tsp	0.89	256638	256638	45352
kroB150.tsp	0.89	256638	256638	48230
kroB150.tsp	0.90	256638	256638	42394
kroB150.tsp	0.89	256638	256638	52411
kroB150.tsp	0.89	256638	256638	47076
kroB150.tsp	0.93	256638	256638	46276
kroB150.tsp	0.89	256638	256638	45462
kroB150.tsp	0.89	256638	256638	46453
kroB200.tsp	1.12	256638	256638	63132
kroB200.tsp	1.13	256638	256638	53804
kroB200.tsp	1.14	256638	256638	60881
kroB200.tsp	1.14	256638	256638	56284
kroB200.tsp	1.14	256638	256638	54586
kroB200.tsp	1.14	256638	256638	55640
kroB200.tsp	1.36	256638	256638	62189
kroB200.tsp	1.13	256638	256638	61212
kroB200.tsp	1.14	256638	256638	59908
kroB200.tsp	1.13	256638	256638	57862
kroC100.tsp	0.64	256638	256638	33901
kroC100.tsp	0.64	256638	256638	30509
kroC100.tsp	0.65	256638	256638	33701
kroC100.tsp	0.64	256638	256638	32174
kroC100.tsp	0.65	256638	256638	32562
kroC100.tsp	0.64	256638	256638	31126
kroC100.tsp	0.64	256638	256638	32360
kroC100.tsp	0.43	256638	256638	31750
kroC100.tsp	0.64	256638	256638	32287
kroC100.tsp	0.64	256638	256638	31341
kroD100.tsp	0.64	256638	256638	33089
kroD100.tsp	0.67	256638	256638	33430
kroD100.tsp	0.66	256638	256638	34640
kroD100.tsp	0.65	256638	256638	34140
kroD100.tsp	0.68	256638	256638	29143
kroD100.tsp	0.65	256638	256638	30517
kroD100.tsp	0.64	256638	256638	33818
kroD100.tsp	0.64	256638	256638	32186
kroD100.tsp	0.65	256638	256638	30967
kroD100.tsp	0.65	256638	256638	33298
kroE100.tsp	0.65	256638	256638	36388
kroE100.tsp	0.65	256638	256638	33452
kroE100.tsp	0.66	256638	256638	35662
kroE100.tsp	0.64	256638	256638	35989
kroE100.tsp	0.66	256638	256638	30789
kroE100.tsp	0.66	256638	256638	34188
kroE100.tsp	0.65	256638	256638	31290
kroE100.tsp	0.64	256638	256638	30823
kroE100.tsp	0.65	256638	256638	31785
kroE100.tsp	0.68	256638	256638	32070
lin105.tsp	0.68	256638	256638	23445
lin105.tsp	0.67	256638	256638	21529
lin105.tsp	0.67	256638	256638	22667
lin105.tsp	0.66	256638	256638	22574
lin105.tsp	0.66	256638	256638	21349
lin105.tsp	0.67	256638	256638	24745
lin105.tsp	0.66	256638	256638	22509
lin105.tsp	0.66	256638	256638	25651
lin105.tsp	0.68	256638	256638	24109
lin105.tsp	0.66	256638	256638	20767
lin318.tsp	1.72	256638	256638	118301
lin318.tsp	1.70	256638	256638	96888
lin318.tsp	1.70	256638	256638	111348
lin318.tsp	1.69	256638	256638	113727
lin318.tsp	1.69	256638	256638	118034
lin318.tsp	1.70	256638	256638	102657
lin318.tsp	1.72	256638	256638	113939
lin318.tsp	1.74	256638	256638	117874
lin318.tsp	1.73	256638	256638	110792
lin318.tsp	2.22	256638	256638	108866
linhp318.tsp	1.70	256638	256638	113167
linhp318.tsp	1.69	256638	256638	102407
linhp318.tsp	1.70	256638	256638	103807
linhp318.tsp	1.70	256638	256638	108966
linhp318.tsp	1.70	256638	256638	116271
linhp318.tsp	1.70	256638	256638	107646
linhp318.tsp	1.70	256638	256638	120070
linhp318.tsp	1.70	256638	256638	122241
linhp318.tsp	1.70	256638	256638	111842
linhp318.tsp	1.70	256638	256638	113793
pr107.tsp	0.67	256638	256638	107620
pr107.tsp	0.67	256638	256638	92571
pr107.tsp	0.69	256638	256638	99658
pr107.tsp	0.68	256638	256638	81648
pr107.tsp	0.67	256638	256638	76217
pr107.tsp	0.68	256638	256638	86576
pr107.tsp	0.69	256638	256638	98577
pr107.tsp	0.70	256638	256638	90788
pr107.tsp	0.71	256638	256638	87951
pr107.tsp	0.69	256638	256638	108909
pr124.tsp	0.75	256638	256638	121846
pr124.tsp	0.75	256638	256638	108631
pr124.tsp	0.75	256638	256638	138322
pr124.tsp	0.75	256638	256638	121260
pr124.tsp	0.76	256638	256638	116154
pr124.tsp	0.76	256638	256638	113500
pr124.tsp	0.76	256638	256638	121269
pr124.tsp	0.76	256638	256638	120709
pr124.tsp	0.78	256638	256638	125878
pr124.tsp	0.75	256638	256638	100898
pr136.tsp	0.82	256638	256638	178858
pr136.tsp	0.86	256638	256638	159140
pr136.tsp	0.86	256638	256638	155100
pr136.tsp	0.84	256638	256638	159705
pr136.tsp	1.02	256638	256638	165914
pr136.tsp	0.83	256638	256638	141892
pr136.tsp	0.83	256638	256638	166809
pr136.tsp	0.82	256638	256638	165375
pr136.tsp	0.85	256638	256638	164529
pr136.tsp	0.86	256638	256638	174675
pr144.tsp	0.96	256638	256638	107515
pr144.tsp	0.87	256638	256638	139141
pr144.tsp	0.86	256638	256638	143104
pr144.tsp	0.87	256638	256638	145191
pr144.tsp	0.86	256638	256638	159521
pr144.tsp	0.86	256638	256638	141015
pr144.tsp	0.88	256638	256638	138845
pr144.tsp	0.90	256638	256638	146150
pr144.tsp	0.86	256638	256638	143723
pr144.tsp	0.88	256638	256638	159490
pr152.tsp	0.89	256638	256638	166183
pr152.tsp	0.90	256638	256638	185717
pr152.tsp	0.90	256638	256638	208625
pr152.tsp	0.95	256638	256638	235517
pr152.tsp	0.90	256638	256638	186548
pr152.tsp	0.90	256638	256638	169254
pr152.tsp	0.90	256638	256638	193847
pr152.tsp	0.90	256638	256638	199791
pr152.tsp	0.90	256638	256638	187336
pr152.tsp	0.90	256638	256638	176585
pr226.tsp	1.32	256638	256638	285568
pr226.tsp	1.26	256638	256638	285430
pr226.tsp	1.25	256638	256638	284573
pr226.tsp	1.25	256638	256638	281137
pr226.tsp	1.26	256638	256638	301498
pr226.tsp	1.26	256638	256638	308729
pr226.tsp	1.26	256638	256638	308842
pr226.tsp	1.26	256638	256638	284515
pr226.tsp	1.26	256638	256638	262918
pr226.tsp	1.26	256638	256638	268373
pr264.tsp	1.43	256638	256638	164942
pr264.tsp	1.42	256638	256638	183208
pr264.tsp	1.42	256638	256638	186880
pr264.tsp	1.42	256638	256638	212468
pr264.tsp	1.42	256638	256638	189964
pr264.tsp	1.42	256638	256638	161284
pr264.tsp	1.42	256638	256638	188226
pr264.tsp	1.46	256638	256638	167238
pr264.tsp	1.42	256638	256638	178726
pr264.tsp	1.43	256638	256638	183042
pr299.tsp	1.60	256638	256638	134565
pr299.tsp	1.60	256638	256638	120408
pr299.tsp	1.60	256638	256638	114663
pr299.tsp	1.60	256638	256638	125971
pr299.tsp	1.60	256638	256638	133733
pr299.tsp	1.60	256638	256638	132587
pr299.tsp	1.60	256638	256638	118622
pr299.tsp	1.60	256638	256638	126603
pr299.tsp	1.60	256638	256638	124546
pr299.tsp	1.60	256638	256638	127892
pr439.tsp	2.39	256638	256638	347653
pr439.tsp	2.32	256638	256638	354937
pr439.tsp	2.33	256638	256638	363740
pr439.tsp	2.33	256638	256638	382357
pr439.tsp	2.33	256638	256638	345844
pr439.tsp	2.34	256638	256638	371324
pr439.tsp	2.32	256638	256638	355804
pr439.tsp	2.34	256638	256638	349593
pr439.tsp	2.32	256638	256638	396306
pr439.tsp	2.32	256638	256638	359850
pr76.tsp	0.54	256638	256638	139221
pr76.tsp	0.54	256638	256638	131899
pr76.tsp	0.54	256638	256638	132671
pr76.tsp	0.54	256638	256638	141182
pr76.tsp	0.54	256638	256638	133153
pr76.tsp	0.54	256638	256638	138507
pr76.tsp	0.54	256638	256638	137461
pr76.tsp	0.53	256638	256638	135336
pr76.tsp	0.53	256638	256638	139241
pr76.tsp	0.54	256638	256638	124835
rat575.tsp	3.20	256638	256638	21140
rat575.tsp	3.19	256638	256638	21863
rat575.tsp	3.22	256638	256638	24354
rat575.tsp	3.21	256638	256638	20468
rat575.tsp	3.23	256638	256638	23013
rat575.tsp	3.22	256638	256638	22895
rat575.tsp	3.22	256638	256638	21025
rat575.tsp	3.30	256638	256638	22952
rat575.tsp	3.30	256638	256638	21069
rat575.tsp	3.22	256638	256638	20979
rat783.tsp	4.52	256638	256638	36018
rat783.tsp	4.46	256638	256638	36419
rat783.tsp	4.48	256638	256638	35528
rat783.tsp	4.52	256638	256638	34242
rat783.tsp	4.46	256638	256638	37023
rat783.tsp	4.48	256638	256638	36241
rat783.tsp	4.47	256638	256638	35823
rat783.tsp	4.45	256638	256638	37198
rat783.tsp	4.59	256638	256638	36408
rat783.tsp	4.52	256638	256638	36561
rat99.tsp	0.66	256638	256638	1642
rat99.tsp	0.65	256638	256638	1771
rat99.tsp	0.64	256638	256638	1739
rat99.tsp	0.64	256638	256638	1666
rat99.tsp	0.64	256638	256638	1817
rat99.tsp	0.66	256638	256638	1616
rat99.tsp	0.65	256638	256638	1727
rat99.tsp	0.64	256638	256638	1758
rat99.tsp	0.64	256638	256638	1718
rat99.tsp	0.64	256638	256638	1661
