a280.tsp	1.71	287947	287947	5771
a280.tsp	1.70	287947	287947	5723
a280.tsp	1.70	287947	287947	5751
a280.tsp	1.79	287947	287947	5508
a280.tsp	1.72	287947	287947	5225
a280.tsp	1.76	287947	287947	6413
a280.tsp	1.72	287947	287947	6245
a280.tsp	1.70	287947	287947	6030
a280.tsp	1.70	287947	287947	5854
a280.tsp	1.70	287947	287947	5635
berlin52.tsp	0.49	287947	287947	8489
berlin52.tsp	0.47	287947	287947	8314
berlin52.tsp	0.47	287947	287947	9331
berlin52.tsp	0.47	287947	287947	8024
berlin52.tsp	0.60	287947	287947	8442
berlin52.tsp	0.48	287947	287947	8712
berlin52.tsp	0.47	287947	287947	8862
berlin52.tsp	0.49	287947	287947	8937
berlin52.tsp	0.47	287947	287947	9245
berlin52.tsp	0.48	287947	287947	8865
bier127.tsp	1.00	287947	287947	166742
bier127.tsp	0.88	287947	287947	166403
bier127.tsp	0.90	287947	287947	164705
bier127.tsp	0.88	287947	287947	159794
bier127.tsp	0.88	287947	287947	161906
bier127.tsp	1.13	287947	287947	167235
bier127.tsp	0.88	287947	287947	159161
bier127.tsp	0.88	287947	287947	163870
bier127.tsp	0.88	287947	287947	168666
bier127.tsp	0.89	287947	287947	160459
eil101.tsp	0.74	287947	287947	791
eil101.tsp	0.74	287947	287947	774
eil101.tsp	0.74	287947	287947	764
eil101.tsp	0.74	287947	287947	761
eil101.tsp	0.74	287947	287947	776
eil101.tsp	0.76	287947	287947	836
eil101.tsp	0.74	287947	287947	869
eil101.tsp	0.74	287947	287947	802
eil101.tsp	0.74	287947	287947	799
eil101.tsp	0.73	287947	287947	803
eil51.tsp	0.48	287947	287947	462
eil51.tsp	0.48	287947	287947	435
eil51.tsp	0.48	287947	287947	454
eil51.tsp	0.48	287947	287947	452
eil51.tsp	0.47	287947	287947	457
eil51.tsp	0.48	287947	287947	454
eil51.tsp	0.49	287947	287947	473
eil51.tsp	0.48	287947	287947	475
eil51.tsp	0.48	287947	287947	466
eil51.tsp	0.50	287947	287947	486
eil76.tsp	0.60	287947	287947	634
eil76.tsp	0.61	287947	287947	675
eil76.tsp	0.60	287947	287947	650
eil76.tsp	0.60	287947	287947	682
eil76.tsp	0.60	287947	287947	641
eil76.tsp	0.60	287947	287947	697
eil76.tsp	0.63	287947	287947	700
eil76.tsp	0.63	287947	287947	636
eil76.tsp	0.61	287947	287947	609
eil76.tsp	0.60	287947	287947	605
gil262.tsp	1.60	287947	287947	5038
gil262.tsp	1.61	287947	287947	4943
gil262.tsp	1.60	287947	287947	4783
gil262.tsp	1.58	287947	287947	5642
gil262.tsp	1.60	287947	287947	4634
gil262.tsp	1.60	287947	287947	4919
gil262.tsp	1.64	287947	287947	5106
gil262.tsp	1.63	287947	287947	4718
gil262.tsp	1.60	287947	287947	5121
gil262.tsp	1.60	287947	287947	4981
kroA100.tsp	0.72	287947	287947	32460
kroA100.tsp	0.73	287947	287947	30856
kroA100.tsp	0.72	287947	287947	33323
kroA100.tsp	0.74	287947	287947	34407
kroA100.tsp	0.72	287947	287947	26428
kroA100.tsp	0.72	287947	287947	29393
kroA100.tsp	0.72	287947	287947	32435
kroA100.tsp	0.73	287947	287947	35610
kroA100.tsp	0.74	287947	287947	32334
kroA100.tsp	0.74	287947	287947	33623
kroA150.tsp	0.99	287947	287947	46144
kroA150.tsp	1.20	287947	287947	43803
kroA150.tsp	1.00	287947	287947	50105
kroA150.tsp	1.00	287947	287947	43484
kroA150.tsp	1.20	287947	287947	42840
kroA150.tsp	1.00	287947	287947	45259
kroA150.tsp	1.05	287947	287947	45881
kroA150.tsp	1.00	287947	287947	44657
kroA150.tsp	1.00	287947	287947	46412
kroA150.tsp	1.00	287947	287947	41576
kroA200.tsp	1.27	287947	287947	55642
kroA200.tsp	1.32	287947	287947	60624
kroA200.tsp	1.27	287947	287947	54812
kroA200.tsp	1.31	287947	287947	60304
kroA200.tsp	1.32	287947	287947	51740
kroA200.tsp	1.32	287947	287947	64472
kroA200.tsp	1.27	287947	287947	57128
kroA200.tsp	1.26	287947	287947	52409
kroA200.tsp	1.27	287947	287947	57198
kroA200.tsp	1.28	287947	287947	58728
kroB100.tsp	0.74	287947	287947	34751
kroB100.tsp	0.74	287947	287947	32080
kroB100.tsp	0.74	287947	287947	33246
kroB100.tsp	0.74	287947	287947	31505
kroB100.tsp	0.72	287947	287947	32364
kroB100.tsp	0.73	287947	287947	30453
kroB100.tsp	0.71	287947	287947	33415
kroB100.tsp	0.72	287947	287947	33397
kroB100.tsp	0.75	287947	287947	31255
kroB100.tsp	0.72	287947	287947	37217
kroB150.tsp	1.01	287947	287947	43322
kroB150.tsp	1.01	287947	287947	44904
kroB150.tsp	1.00	287947	287947	45252
kroB150.tsp	1.02	287947	287947	42507
kroB150.tsp	1.03	287947	287947	45203
kroB150.tsp	1.00	287947	287947	47337
kroB150.tsp	1.00	287947	287947	48679
kroB150.tsp	1.00	287947	287947	46179
kroB150.tsp	1.02	287947	287947	49855
kroB150.tsp	1.00	287947	287947	47285
kroB200.tsp	1.28	287947	287947	55202
kroB200.tsp	1.33	287947	287947	60652
kroB200.tsp	1.32	287947	287947	51894
kroB200.tsp	1.30	287947	287947	56061
kroB200.tsp	1.27	287947	287947	60960
kroB200.tsp	1.27	287947	287947	56753
kroB200.tsp	1.27	287947	287947	59647
kroB200.tsp	1.28	287947	287947	60403
kroB200.tsp	1.28	287947	287947	62555
kroB200.tsp	1.27	287947	287947	59536
kroC100.tsp	0.75	287947	287947	32065
kroC100.tsp	0.72	287947	287947	36099
kroC100.tsp	0.71	287947	287947	32276
kroC100.tsp	0.73	287947	287947	34234
kroC100.tsp	0.74	287947	287947	35389
kroC100.tsp	0.74	287947	287947	31545
kroC100.tsp	0.72	287947	287947	31521
kroC100.tsp	0.71	287947	287947	33700
kroC100.tsp	0.73	287947	287947	32660
kroC100.tsp	0.81	287947	287947	32513
kroD100.tsp	0.72	287947	287947	31917
kroD100.tsp	0.73	287947	287947	30149
kroD100.tsp	0.72	287947	287947	34914
kroD100.tsp	0.73	287947	287947	33280
kroD100.tsp	0.72	287947	287947	35738
kroD100.tsp	0.73	287947	287947	30007
kroD100.tsp	0.72	287947	287947	30496
kroD100.tsp	0.72	287947	287947	30897
kroD100.tsp	0.72	287947	287947	35011
kroD100.tsp	0.74	287947	287947	31423
kroE100.tsp	0.74	287947	287947	30833
kroE100.tsp	0.73	287947	287947	33578
kroE100.tsp	0.73	287947	287947	36141
kroE100.tsp	0.74	287947	287947	33001
kroE100.tsp	0.75	287947	287947	31629
kroE100.tsp	0.74	287947	287947	29384
kroE100.tsp	0.73	287947	287947	31911
kroE100.tsp	0.75	287947	287947	31190
kroE100.tsp	0.73	287947	287947	33497
kroE100.tsp	0.72	287947	287947	34315
lin105.tsp	0.74	287947	287947	22712
lin105.tsp	0.74	287947	287947	23665
lin105.tsp	0.77	287947	287947	22271
lin105.tsp	0.77	287947	287947	25676
lin105.tsp	0.75	287947	287947	22756
lin105.tsp	0.74	287947	287947	22023
lin105.tsp	0.75	287947	287947	22955
lin105.tsp	0.75	287947	287947	21631
lin105.tsp	0.74	287947	287947	24317
lin105.tsp	0.76	287947	287947	22810
lin318.tsp	1.91	287947	287947	104280
lin318.tsp	1.90	287947	287947	106800
lin318.tsp	1.90	287947	287947	116884
lin318.tsp	1.91	287947	287947	107113
lin318.tsp	1.90	287947	287947	113674
lin318.tsp	1.90	287947	287947	106812
lin318.tsp	1.90	287947	287947	111135
lin318.tsp	1.91	287947	287947	108112
lin318.tsp	1.90	287947	287947	110948
lin318.tsp	1.91	287947	287947	106843
linhp318.tsp	1.90	287947	287947	110394
linhp318.tsp	1.96	287947	287947	113740
linhp318.tsp	1.90	287947	287947	107482
linhp318.tsp	1.90	287947	287947	102704
linhp318.tsp	1.90	287947	287947	107622
linhp318.tsp	1.92	287947	287947	115623
linhp318.tsp	1.90	287947	287947	103438
linhp318.tsp	1.90	287947	287947	105803
linhp318.tsp	1.90	287947	287947	100349
linhp318.tsp	1.90	287947	287947	121407
pr107.tsp	0.78	287947	287947	87520
pr107.tsp	0.76	287947	287947	85832
pr107.tsp	0.75	287947	287947	73708
pr107.tsp	0.76	287947	287947	99574
pr107.tsp	0.76	287947	287947	90330
pr107.tsp	0.76	287947	287947	101849
pr107.tsp	0.76	287947	287947	90673
pr107.tsp	0.78	287947	287947	78039
pr107.tsp	0.76	287947	287947	98441
pr107.tsp	0.76	287947	287947	87348
pr124.tsp	0.89	287947	287947	101864
pr124.tsp	0.87	287947	287947	120831
pr124.tsp	0.85	287947	287947	107151
pr124.tsp	0.85	287947	287947	122776
pr124.tsp	0.85	287947	287947	120839
pr124.tsp	0.84	287947	287947	105330
pr124.tsp	0.85	287947	287947	121432
pr124.tsp	0.85	287947	287947	120901
pr124.tsp	0.85	287947	287947	102825
pr124.tsp	0.85	287947	287947	123416
pr136.tsp	0.92	287947	287947	171058
pr136.tsp	0.92	287947	287947	152040
pr136.tsp	0.94	287947	287947	158792
pr136.tsp	0.93	287947	287947	157580
pr136.tsp	0.93	287947	287947	152009
pr136.tsp	0.94	287947	287947	158000
pr136.tsp	0.93	287947	287947	166261
pr136.tsp	0.92	287947	287947	159065
pr136.tsp	0.92	287947	287947	161810
pr136.tsp	0.92	287947	287947	164786
pr144.tsp	0.96	287947	287947	153663
pr144.tsp	0.96	287947	287947	131729
pr144.tsp	0.97	287947	287947	161972
pr144.tsp	0.98	287947	287947	136595
pr144.tsp	0.96	287947	287947	126160
pr144.tsp	0.97	287947	287947	143671
pr144.tsp	0.97	287947	287947	134073
pr144.tsp	1.00	287947	287947	134773
pr144.tsp	0.97	287947	287947	153425
pr144.tsp	0.97	287947	287947	135211
pr152.tsp	1.00	287947	287947	203535
pr152.tsp	1.01	287947	287947	182447
pr152.tsp	1.02	287947	287947	171815
pr152.tsp	1.01	287947	287947	191745
pr152.tsp	1.01	287947	287947	178707
pr152.tsp	1.14	287947	287947	191428
pr152.tsp	1.02	287947	287947	185627
pr152.tsp	1.01	287947	287947	201583
pr152.tsp	1.01	287947	287947	182743
pr152.tsp	1.01	287947	287947	172845
pr226.tsp	1.40	287947	287947	246506
pr226.tsp	1.42	287947	287947	226780
pr226.tsp	1.41	287947	287947	273184
pr226.tsp	1.41	287947	287947	283900
pr226.tsp	1.41	287947	287947	278049
pr226.tsp	1.42	287947	287947	237520
pr226.tsp	1.48	287947	287947	296887
pr226.tsp	1.41	287947	287947	304340
pr226.tsp	1.41	287947	287947	270152
pr226.tsp	1.42	287947	287947	244606
pr264.tsp	1.60	287947	287947	179215
pr264.tsp	1.60	287947	287947	184007
pr264.tsp	1.61	287947	287947	180043
pr264.tsp	2.11	287947	287947	184386
pr264.tsp	1.97	287947	287947	174055
pr264.tsp	1.60	287947	287947	160882
pr264.tsp	1.60	287947	287947	206724
pr264.tsp	1.60	287947	287947	168894
pr264.tsp	1.60	287947	287947	179291
pr264.tsp	1.60	287947	287947	172685
pr299.tsp	1.79	287947	287947	108994
pr299.tsp	1.79	287947	287947	121167
pr299.tsp	1.80	287947	287947	124154
pr299.tsp	1.79	287947	287947	128487
pr299.tsp	1.79	287947	287947	128194
pr299.tsp	1.79	287947	287947	130890
pr299.tsp	1.80	287947	287947	129624
pr299.tsp	1.80	287947	287947	122167
pr299.tsp	1.81	287947	287947	131131
pr299.tsp	1.80	287947	287947	127742
pr439.tsp	2.62	287947	287947	330765
pr439.tsp	2.61	287947	287947	362093
pr439.tsp	2.64	287947	287947	373774
pr439.tsp	2.72	287947	287947	376951
pr439.tsp	2.79	287947	287947	342050
pr439.tsp	2.61	287947	287947	365365
pr439.tsp	2.65	287947	287947	360829
pr439.tsp	2.63	287947	287947	371505
pr439.tsp	2.61	287947	287947	354081
pr439.tsp	2.61	287947	287947	373234
pr76.tsp	0.60	287947	287947	143175
pr76.tsp	0.61	287947	287947	137560
pr76.tsp	0.60	287947	287947	135139
pr76.tsp	0.60	287947	287947	138884
pr76.tsp	0.60	287947	287947	125583
pr76.tsp	0.60	287947	287947	149950
pr76.tsp	0.60	287947	287947	138720
pr76.tsp	0.59	287947	287947	137907
pr76.tsp	0.60	287947	287947	140588
pr76.tsp	0.59	287947	287947	160002
rat575.tsp	3.61	287947	287947	20284
rat575.tsp	3.61	287947	287947	21118
rat575.tsp	3.59	287947	287947	21860
rat575.tsp	3.59	287947	287947	22122
rat575.tsp	3.59	287947	287947	22537
rat575.tsp	3.59	287947	287947	21134
rat575.tsp	3.59	287947	287947	21379
rat575.tsp	3.59	287947	287947	22466
rat575.tsp	3.58	287947	287947	21795
rat575.tsp	3.59	287947	287947	21693
rat783.tsp	5.05	287947	287947	35159
rat783.tsp	5.06	287947	287947	33366
rat783.tsp	5.00	287947	287947	37872
rat783.tsp	5.06	287947	287947	36621
rat783.tsp	5.03	287947	287947	35215
rat783.tsp	5.07	287947	287947	34521
rat783.tsp	5.07	287947	287947	35055
rat783.tsp	5.04	287947	287947	34173
rat783.tsp	5.02	287947	287947	35424
rat783.tsp	5.01	287947	287947	35482
rat99.tsp	0.72	287947	287947	1663
rat99.tsp	0.72	287947	287947	1591
rat99.tsp	0.73	287947	287947	1761
rat99.tsp	0.73	287947	287947	1535
rat99.tsp	0.73	287947	287947	1707
rat99.tsp	0.72	287947	287947	1695
rat99.tsp	0.72	287947	287947	1623
rat99.tsp	0.73	287947	287947	1657
rat99.tsp	0.72	287947	287947	1662
rat99.tsp	0.72	287947	287947	1680
