a280.tsp	1.54	259151	259151	6006
a280.tsp	1.53	259151	259151	5703
a280.tsp	1.53	259151	259151	5579
a280.tsp	1.60	259151	259151	5882
a280.tsp	1.53	259151	259151	5836
a280.tsp	1.54	259151	259151	6257
a280.tsp	1.55	259151	259151	5682
a280.tsp	1.58	259151	259151	6018
a280.tsp	1.53	259151	259151	5684
a280.tsp	1.53	259151	259151	6406
berlin52.tsp	0.43	259151	259151	8713
berlin52.tsp	0.42	259151	259151	8314
berlin52.tsp	0.44	259151	259151	8982
berlin52.tsp	0.44	259151	259151	8816
berlin52.tsp	0.43	259151	259151	8670
berlin52.tsp	0.43	259151	259151	8230
berlin52.tsp	0.42	259151	259151	9142
berlin52.tsp	0.42	259151	259151	9436
berlin52.tsp	0.58	259151	259151	8423
berlin52.tsp	0.43	259151	259151	9520
bier127.tsp	0.79	259151	259151	165800
bier127.tsp	0.80	259151	259151	157182
bier127.tsp	0.79	259151	259151	171896
bier127.tsp	0.79	259151	259151	169239
bier127.tsp	0.79	259151	259151	164391
bier127.tsp	0.81	259151	259151	163242
bier127.tsp	0.79	259151	259151	156638
bier127.tsp	0.79	259151	259151	167846
bier127.tsp	0.81	259151	259151	166669
bier127.tsp	0.79	259151	259151	162294
eil101.tsp	0.69	259151	259151	829
eil101.tsp	0.66	259151	259151	729
eil101.tsp	0.66	259151	259151	870
eil101.tsp	0.66	259151	259151	852
eil101.tsp	0.66	259151	259151	801
eil101.tsp	0.66	259151	259151	775
eil101.tsp	0.66	259151	259151	781
eil101.tsp	0.67	259151	259151	835
eil101.tsp	0.66	259151	259151	762
eil101.tsp	0.66	259151	259151	813
eil51.tsp	0.43	259151	259151	469
eil51.tsp	0.43	259151	259151	517
eil51.tsp	0.43	259151	259151	459
eil51.tsp	0.44	259151	259151	472
eil51.tsp	0.35	259151	259151	462
eil51.tsp	0.44	259151	259151	482
eil51.tsp	0.44	259151	259151	497
eil51.tsp	0.45	259151	259151	495
eil51.tsp	0.45	259151	259151	518
eil51.tsp	0.43	259151	259151	507
eil76.tsp	0.54	259151	259151	619
eil76.tsp	0.55	259151	259151	653
eil76.tsp	0.54	259151	259151	678
eil76.tsp	0.54	259151	259151	613
eil76.tsp	0.54	259151	259151	652
eil76.tsp	0.55	259151	259151	658
eil76.tsp	0.54	259151	259151	685
eil76.tsp	0.54	259151	259151	665
eil76.tsp	0.54	259151	259151	591
eil76.tsp	0.55	259151	259151	656
gil262.tsp	1.44	259151	259151	4995
gil262.tsp	1.44	259151	259151	5581
gil262.tsp	1.44	259151	259151	5107
gil262.tsp	1.44	259151	259151	5636
gil262.tsp	1.44	259151	259151	5578
gil262.tsp	1.44	259151	259151	5393
gil262.tsp	1.44	259151	259151	4697
gil262.tsp	1.44	259151	259151	5110
gil262.tsp	1.44	259151	259151	5077
gil262.tsp	1.44	259151	259151	5280
kroA100.tsp	0.65	259151	259151	30776
kroA100.tsp	0.64	259151	259151	29593
kroA100.tsp	0.65	259151	259151	31903
kroA100.tsp	0.66	259151	259151	31030
kroA100.tsp	0.64	259151	259151	30168
kroA100.tsp	0.65	259151	259151	31151
kroA100.tsp	0.65	259151	259151	32795
kroA100.tsp	0.68	259151	259151	31137
kroA100.tsp	0.65	259151	259151	34707
kroA100.tsp	0.68	259151	259151	31676
kroA150.tsp	0.90	259151	259151	45980
kroA150.tsp	0.91	259151	259151	44935
kroA150.tsp	0.90	259151	259151	52333
kroA150.tsp	0.90	259151	259151	45732
kroA150.tsp	0.90	259151	259151	45223
kroA150.tsp	0.90	259151	259151	49982
kroA150.tsp	0.90	259151	259151	44623
kroA150.tsp	0.90	259151	259151	45469
kroA150.tsp	0.90	259151	259151	50182
kroA150.tsp	0.91	259151	259151	48014
kroA200.tsp	1.14	259151	259151	58632
kroA200.tsp	1.16	259151	259151	55071
kroA200.tsp	1.14	259151	259151	61528
kroA200.tsp	1.15	259151	259151	55900
kroA200.tsp	1.15	259151	259151	49478
kroA200.tsp	1.14	259151	259151	59865
kroA200.tsp	1.14	259151	259151	57607
kroA200.tsp	1.16	259151	259151	59712
kroA200.tsp	1.18	259151	259151	62029
kroA200.tsp	1.14	259151	259151	58501
kroB100.tsp	0.64	259151	259151	31931
kroB100.tsp	0.68	259151	259151	32886
kroB100.tsp	0.64	259151	259151	33797
kroB100.tsp	0.64	259151	259151	32949
kroB100.tsp	0.64	259151	259151	30063
kroB100.tsp	0.66	259151	259151	31576
kroB100.tsp	0.66	259151	259151	34820
kroB100.tsp	0.66	259151	259151	32977
kroB100.tsp	0.66	259151	259151	33718
kroB100.tsp	0.65	259151	259151	32534
kroB150.tsp	0.90	259151	259151	47189
kroB150.tsp	0.90	259151	259151	44836
kroB150.tsp	0.90	259151	259151	49769
kroB150.tsp	0.90	259151	259151	48523
kroB150.tsp	0.90	259151	259151	45384
kroB150.tsp	0.89	259151	259151	44572
kroB150.tsp	0.90	259151	259151	48724
kroB150.tsp	0.90	259151	259151	50573
kroB150.tsp	0.92	259151	259151	45719
kroB150.tsp	0.90	259151	259151	44261
kroB200.tsp	1.15	259151	259151	60746
kroB200.tsp	1.14	259151	259151	60815
kroB200.tsp	1.18	259151	259151	58560
kroB200.tsp	1.14	259151	259151	56200
kroB200.tsp	1.15	259151	259151	64318
kroB200.tsp	1.14	259151	259151	58549
kroB200.tsp	1.15	259151	259151	62418
kroB200.tsp	1.15	259151	259151	59046
kroB200.tsp	1.14	259151	259151	56430
kroB200.tsp	1.18	259151	259151	60377
kroC100.tsp	0.65	259151	259151	32874
kroC100.tsp	0.65	259151	259151	30487
kroC100.tsp	0.64	259151	259151	32284
kroC100.tsp	0.64	259151	259151	29382
kroC100.tsp	0.65	259151	259151	32117
kroC100.tsp	0.64	259151	259151	31305
kroC100.tsp	0.69	259151	259151	31856
kroC100.tsp	0.68	259151	259151	34698
kroC100.tsp	0.66	259151	259151	30972
kroC100.tsp	0.65	259151	259151	32214
kroD100.tsp	0.65	259151	259151	31089
kroD100.tsp	0.66	259151	259151	33355
kroD100.tsp	0.67	259151	259151	33811
kroD100.tsp	0.66	259151	259151	31300
kroD100.tsp	0.69	259151	259151	31157
kroD100.tsp	0.66	259151	259151	37312
kroD100.tsp	0.69	259151	259151	30705
kroD100.tsp	0.66	259151	259151	32142
kroD100.tsp	0.65	259151	259151	31118
kroD100.tsp	0.66	259151	259151	34346
kroE100.tsp	0.64	259151	259151	33449
kroE100.tsp	0.66	259151	259151	31699
kroE100.tsp	0.66	259151	259151	30538
kroE100.tsp	0.69	259151	259151	36691
kroE100.tsp	0.67	259151	259151	36327
kroE100.tsp	0.69	259151	259151	33862
kroE100.tsp	0.64	259151	259151	33326
kroE100.tsp	0.67	259151	259151	32995
kroE100.tsp	0.68	259151	259151	35151
kroE100.tsp	0.66	259151	259151	37531
lin105.tsp	0.68	259151	259151	22214
lin105.tsp	0.66	259151	259151	21513
lin105.tsp	0.68	259151	259151	22341
lin105.tsp	0.68	259151	259151	23981
lin105.tsp	0.68	259151	259151	21881
lin105.tsp	0.67	259151	259151	22199
lin105.tsp	0.68	259151	259151	21227
lin105.tsp	0.67	259151	259151	22857
lin105.tsp	0.68	259151	259151	28293
lin105.tsp	0.66	259151	259151	24523
lin318.tsp	1.71	259151	259151	108891
lin318.tsp	1.71	259151	259151	106346
lin318.tsp	1.72	259151	259151	101702
lin318.tsp	1.72	259151	259151	108683
lin318.tsp	1.71	259151	259151	116747
lin318.tsp	1.72	259151	259151	107317
lin318.tsp	1.72	259151	259151	109056
lin318.tsp	1.71	259151	259151	111297
lin318.tsp	1.74	259151	259151	114056
lin318.tsp	1.72	259151	259151	115813
linhp318.tsp	1.71	259151	259151	108161
linhp318.tsp	1.71	259151	259151	121171
linhp318.tsp	1.71	259151	259151	113420
linhp318.tsp	1.71	259151	259151	110078
linhp318.tsp	1.71	259151	259151	112567
linhp318.tsp	1.74	259151	259151	113329
linhp318.tsp	1.71	259151	259151	107460
linhp318.tsp	1.72	259151	259151	111507
linhp318.tsp	1.71	259151	259151	102692
linhp318.tsp	1.71	259151	259151	103811
pr107.tsp	0.68	259151	259151	86756
pr107.tsp	0.68	259151	259151	85919
pr107.tsp	0.70	259151	259151	79235
pr107.tsp	0.68	259151	259151	90312
pr107.tsp	0.68	259151	259151	98467
pr107.tsp	0.69	259151	259151	87122
pr107.tsp	0.69	259151	259151	111768
pr107.tsp	0.70	259151	259151	84996
pr107.tsp	0.69	259151	259151	105469
pr107.tsp	0.68	259151	259151	119023
pr124.tsp	0.76	259151	259151	111530
pr124.tsp	0.79	259151	259151	113705
pr124.tsp	0.76	259151	259151	125372
pr124.tsp	0.77	259151	259151	113548
pr124.tsp	0.79	259151	259151	123993
pr124.tsp	0.76	259151	259151	120610
pr124.tsp	0.77	259151	259151	117859
pr124.tsp	0.76	259151	259151	123680
pr124.tsp	0.80	259151	259151	118555
pr124.tsp	0.76	259151	259151	126128
pr136.tsp	0.83	259151	259151	148107
pr136.tsp	0.86	259151	259151	143043
pr136.tsp	0.86	259151	259151	154650
pr136.tsp	0.83	259151	259151	164445
pr136.tsp	0.84	259151	259151	153719
pr136.tsp	0.83	259151	259151	173524
pr136.tsp	0.84	259151	259151	149253
pr136.tsp	0.84	259151	259151	169608
pr136.tsp	0.83	259151	259151	158911
pr136.tsp	0.83	259151	259151	186217
pr144.tsp	0.88	259151	259151	148063
pr144.tsp	0.87	259151	259151	154017
pr144.tsp	0.87	259151	259151	139805
pr144.tsp	0.87	259151	259151	125606
pr144.tsp	0.87	259151	259151	135863
pr144.tsp	0.87	259151	259151	129895
pr144.tsp	0.87	259151	259151	132046
pr144.tsp	0.87	259151	259151	155127
pr144.tsp	0.88	259151	259151	141213
pr144.tsp	0.89	259151	259151	148849
pr152.tsp	0.90	259151	259151	195069
pr152.tsp	0.90	259151	259151	185030
pr152.tsp	0.91	259151	259151	171663
pr152.tsp	0.91	259151	259151	180159
pr152.tsp	0.91	259151	259151	193739
pr152.tsp	0.91	259151	259151	180493
pr152.tsp	0.94	259151	259151	196196
pr152.tsp	0.90	259151	259151	188182
pr152.tsp	0.91	259151	259151	176419
pr152.tsp	0.92	259151	259151	181867
pr226.tsp	1.27	259151	259151	243203
pr226.tsp	1.28	259151	259151	314045
pr226.tsp	1.26	259151	259151	247619
pr226.tsp	1.26	259151	259151	263612
pr226.tsp	1.25	259151	259151	221670
pr226.tsp	1.28	259151	259151	297291
pr226.tsp	1.30	259151	259151	288511
pr226.tsp	1.28	259151	259151	237094
pr226.tsp	1.28	259151	259151	281619
pr226.tsp	1.27	259151	259151	283062
pr264.tsp	1.44	259151	259151	184290
pr264.tsp	1.44	259151	259151	172137
pr264.tsp	1.46	259151	259151	170287
pr264.tsp	1.44	259151	259151	179196
pr264.tsp	1.44	259151	259151	157832
pr264.tsp	1.44	259151	259151	184719
pr264.tsp	1.44	259151	259151	150238
pr264.tsp	1.44	259151	259151	188396
pr264.tsp	1.44	259151	259151	183563
pr264.tsp	1.45	259151	259151	172787
pr299.tsp	1.62	259151	259151	126919
pr299.tsp	1.62	259151	259151	115213
pr299.tsp	1.61	259151	259151	131990
pr299.tsp	1.61	259151	259151	117890
pr299.tsp	1.62	259151	259151	116542
pr299.tsp	1.62	259151	259151	122999
pr299.tsp	1.62	259151	259151	119147
pr299.tsp	1.62	259151	259151	124346
pr299.tsp	1.62	259151	259151	131246
pr299.tsp	1.62	259151	259151	129048
pr439.tsp	2.35	259151	259151	372063
pr439.tsp	2.36	259151	259151	354532
pr439.tsp	2.36	259151	259151	365798
pr439.tsp	2.34	259151	259151	387539
pr439.tsp	3.01	259151	259151	324945
pr439.tsp	2.34	259151	259151	376897
pr439.tsp	2.35	259151	259151	351037
pr439.tsp	2.37	259151	259151	370693
pr439.tsp	2.34	259151	259151	365201
pr439.tsp	2.34	259151	259151	336924
pr76.tsp	0.54	259151	259151	142596
pr76.tsp	0.53	259151	259151	152244
pr76.tsp	0.53	259151	259151	144393
pr76.tsp	0.54	259151	259151	152108
pr76.tsp	0.54	259151	259151	143859
pr76.tsp	0.54	259151	259151	143111
pr76.tsp	0.54	259151	259151	150193
pr76.tsp	0.54	259151	259151	141355
pr76.tsp	0.54	259151	259151	151761
pr76.tsp	0.54	259151	259151	144367
rat575.tsp	3.25	259151	259151	22568
rat575.tsp	3.24	259151	259151	20629
rat575.tsp	3.22	259151	259151	20816
rat575.tsp	3.22	259151	259151	21335
rat575.tsp	3.23	259151	259151	21398
rat575.tsp	3.24	259151	259151	22392
rat575.tsp	3.22	259151	259151	21786
rat575.tsp	3.23	259151	259151	21975
rat575.tsp	3.24	259151	259151	22397
rat575.tsp	3.22	259151	259151	21521
rat783.tsp	4.55	259151	259151	35231
rat783.tsp	4.56	259151	259151	37081
rat783.tsp	4.51	259151	259151	37720
rat783.tsp	4.61	259151	259151	37165
rat783.tsp	4.55	259151	259151	36624
rat783.tsp	4.56	259151	259151	37710
rat783.tsp	4.53	259151	259151	36360
rat783.tsp	4.54	259151	259151	36748
rat783.tsp	4.51	259151	259151	36373
rat783.tsp	4.50	259151	259151	37039
rat99.tsp	0.65	259151	259151	1784
rat99.tsp	0.66	259151	259151	1741
rat99.tsp	0.65	259151	259151	1650
rat99.tsp	0.65	259151	259151	1670
rat99.tsp	0.65	259151	259151	1831
rat99.tsp	0.65	259151	259151	1750
rat99.tsp	0.66	259151	259151	1656
rat99.tsp	0.65	259151	259151	1525
rat99.tsp	0.65	259151	259151	1754
rat99.tsp	0.65	259151	259151	1503
