a280.tsp	1.88	318873	318873	6144
a280.tsp	1.89	318873	318873	5683
a280.tsp	1.88	318873	318873	5434
a280.tsp	1.88	318873	318873	5896
a280.tsp	1.88	318873	318873	5944
a280.tsp	1.88	318873	318873	6499
a280.tsp	1.89	318873	318873	5772
a280.tsp	1.88	318873	318873	5832
a280.tsp	1.88	318873	318873	5413
a280.tsp	1.88	318873	318873	6463
berlin52.tsp	0.53	318873	318873	9904
berlin52.tsp	0.52	318873	318873	9137
berlin52.tsp	0.53	318873	318873	8204
berlin52.tsp	0.53	318873	318873	8509
berlin52.tsp	0.52	318873	318873	9221
berlin52.tsp	0.53	318873	318873	8850
berlin52.tsp	0.52	318873	318873	8582
berlin52.tsp	0.52	318873	318873	8627
berlin52.tsp	0.52	318873	318873	8614
berlin52.tsp	0.52	318873	318873	8483
bier127.tsp	0.97	318873	318873	166700
bier127.tsp	0.98	318873	318873	167205
bier127.tsp	0.97	318873	318873	165390
bier127.tsp	0.98	318873	318873	161879
bier127.tsp	0.97	318873	318873	171134
bier127.tsp	0.98	318873	318873	164320
bier127.tsp	0.97	318873	318873	166586
bier127.tsp	0.98	318873	318873	171318
bier127.tsp	0.98	318873	318873	157011
bier127.tsp	0.97	318873	318873	159374
eil101.tsp	0.81	318873	318873	744
eil101.tsp	0.82	318873	318873	815
eil101.tsp	0.82	318873	318873	847
eil101.tsp	0.82	318873	318873	817
eil101.tsp	0.81	318873	318873	750
eil101.tsp	0.82	318873	318873	771
eil101.tsp	0.82	318873	318873	727
eil101.tsp	0.82	318873	318873	831
eil101.tsp	0.82	318873	318873	771
eil101.tsp	0.81	318873	318873	844
eil51.tsp	0.53	318873	318873	466
eil51.tsp	0.52	318873	318873	453
eil51.tsp	0.53	318873	318873	456
eil51.tsp	0.52	318873	318873	446
eil51.tsp	0.53	318873	318873	452
eil51.tsp	0.52	318873	318873	491
eil51.tsp	0.52	318873	318873	464
eil51.tsp	0.53	318873	318873	488
eil51.tsp	0.53	318873	318873	490
eil51.tsp	0.52	318873	318873	476
eil76.tsp	0.67	318873	318873	731
eil76.tsp	0.79	318873	318873	649
eil76.tsp	0.68	318873	318873	671
eil76.tsp	0.67	318873	318873	678
eil76.tsp	0.67	318873	318873	610
eil76.tsp	0.66	318873	318873	670
eil76.tsp	0.67	318873	318873	646
eil76.tsp	0.67	318873	318873	649
eil76.tsp	0.67	318873	318873	704
eil76.tsp	0.67	318873	318873	653
gil262.tsp	1.77	318873	318873	4910
gil262.tsp	1.77	318873	318873	4789
gil262.tsp	1.76	318873	318873	4976
gil262.tsp	1.77	318873	318873	4922
gil262.tsp	1.76	318873	318873	5198
gil262.tsp	1.76	318873	318873	5064
gil262.tsp	1.78	318873	318873	4882
gil262.tsp	1.78	318873	318873	4615
gil262.tsp	1.77	318873	318873	4650
gil262.tsp	1.77	318873	318873	5541
kroA100.tsp	0.80	318873	318873	38488
kroA100.tsp	0.82	318873	318873	34118
kroA100.tsp	0.79	318873	318873	29193
kroA100.tsp	0.80	318873	318873	33844
kroA100.tsp	0.81	318873	318873	33350
kroA100.tsp	0.80	318873	318873	33618
kroA100.tsp	0.80	318873	318873	34323
kroA100.tsp	0.79	318873	318873	32218
kroA100.tsp	0.80	318873	318873	32482
kroA100.tsp	0.81	318873	318873	33615
kroA150.tsp	1.10	318873	318873	43729
kroA150.tsp	1.11	318873	318873	46979
kroA150.tsp	1.12	318873	318873	45771
kroA150.tsp	1.11	318873	318873	44769
kroA150.tsp	1.12	318873	318873	48367
kroA150.tsp	1.11	318873	318873	45430
kroA150.tsp	1.10	318873	318873	47456
kroA150.tsp	1.10	318873	318873	46913
kroA150.tsp	1.10	318873	318873	48726
kroA150.tsp	1.10	318873	318873	41180
kroA200.tsp	1.42	318873	318873	56350
kroA200.tsp	1.42	318873	318873	59928
kroA200.tsp	1.41	318873	318873	56406
kroA200.tsp	1.42	318873	318873	56269
kroA200.tsp	1.40	318873	318873	58515
kroA200.tsp	1.40	318873	318873	56206
kroA200.tsp	1.40	318873	318873	58072
kroA200.tsp	1.40	318873	318873	64839
kroA200.tsp	1.40	318873	318873	54771
kroA200.tsp	1.41	318873	318873	55136
kroB100.tsp	0.80	318873	318873	31291
kroB100.tsp	1.04	318873	318873	31243
kroB100.tsp	0.81	318873	318873	36266
kroB100.tsp	0.80	318873	318873	35124
kroB100.tsp	0.79	318873	318873	30971
kroB100.tsp	0.81	318873	318873	32456
kroB100.tsp	0.79	318873	318873	29315
kroB100.tsp	0.79	318873	318873	31557
kroB100.tsp	0.80	318873	318873	34216
kroB100.tsp	0.81	318873	318873	31367
kroB150.tsp	1.11	318873	318873	44449
kroB150.tsp	1.11	318873	318873	42179
kroB150.tsp	1.10	318873	318873	44587
kroB150.tsp	1.11	318873	318873	42154
kroB150.tsp	1.11	318873	318873	42340
kroB150.tsp	1.11	318873	318873	47913
kroB150.tsp	1.10	318873	318873	42831
kroB150.tsp	1.11	318873	318873	40889
kroB150.tsp	1.10	318873	318873	41008
kroB150.tsp	1.11	318873	318873	41637
kroB200.tsp	1.40	318873	318873	52073
kroB200.tsp	1.41	318873	318873	52048
kroB200.tsp	1.40	318873	318873	58306
kroB200.tsp	1.40	318873	318873	54525
kroB200.tsp	1.41	318873	318873	57939
kroB200.tsp	1.41	318873	318873	63634
kroB200.tsp	1.40	318873	318873	57621
kroB200.tsp	1.40	318873	318873	59079
kroB200.tsp	1.41	318873	318873	63731
kroB200.tsp	1.40	318873	318873	54566
kroC100.tsp	0.80	318873	318873	29526
kroC100.tsp	0.81	318873	318873	31229
kroC100.tsp	0.80	318873	318873	28793
kroC100.tsp	0.80	318873	318873	30492
kroC100.tsp	0.81	318873	318873	27886
kroC100.tsp	0.80	318873	318873	34896
kroC100.tsp	0.81	318873	318873	33678
kroC100.tsp	0.81	318873	318873	27904
kroC100.tsp	0.79	318873	318873	31021
kroC100.tsp	0.81	318873	318873	31211
kroD100.tsp	0.79	318873	318873	32497
kroD100.tsp	0.79	318873	318873	31434
kroD100.tsp	0.81	318873	318873	34211
kroD100.tsp	0.79	318873	318873	29350
kroD100.tsp	0.80	318873	318873	31466
kroD100.tsp	0.81	318873	318873	31993
kroD100.tsp	0.79	318873	318873	31577
kroD100.tsp	0.82	318873	318873	33083
kroD100.tsp	0.80	318873	318873	30900
kroD100.tsp	0.81	318873	318873	31402
kroE100.tsp	0.81	318873	318873	30371
kroE100.tsp	0.79	318873	318873	33432
kroE100.tsp	0.79	318873	318873	37273
kroE100.tsp	0.81	318873	318873	33654
kroE100.tsp	0.80	318873	318873	33536
kroE100.tsp	0.81	318873	318873	34080
kroE100.tsp	0.79	318873	318873	32046
kroE100.tsp	1.04	318873	318873	31573
kroE100.tsp	0.80	318873	318873	31738
kroE100.tsp	1.04	318873	318873	37308
lin105.tsp	0.82	318873	318873	22966
lin105.tsp	0.83	318873	318873	23682
lin105.tsp	0.82	318873	318873	24706
lin105.tsp	0.82	318873	318873	20568
lin105.tsp	0.84	318873	318873	20344
lin105.tsp	0.84	318873	318873	25003
lin105.tsp	0.82	318873	318873	22093
lin105.tsp	0.83	318873	318873	24870
lin105.tsp	0.82	318873	318873	23212
lin105.tsp	0.82	318873	318873	22293
lin318.tsp	2.10	318873	318873	105472
lin318.tsp	2.10	318873	318873	113377
lin318.tsp	2.10	318873	318873	107007
lin318.tsp	2.10	318873	318873	111057
lin318.tsp	2.10	318873	318873	99327
lin318.tsp	2.10	318873	318873	106089
lin318.tsp	2.10	318873	318873	99080
lin318.tsp	2.10	318873	318873	99854
lin318.tsp	2.10	318873	318873	99912
lin318.tsp	2.10	318873	318873	102431
linhp318.tsp	2.28	318873	318873	109274
linhp318.tsp	2.10	318873	318873	109245
linhp318.tsp	2.10	318873	318873	110430
linhp318.tsp	2.10	318873	318873	105451
linhp318.tsp	2.11	318873	318873	109870
linhp318.tsp	2.11	318873	318873	100113
linhp318.tsp	2.10	318873	318873	99098
linhp318.tsp	2.10	318873	318873	114404
linhp318.tsp	2.10	318873	318873	96461
linhp318.tsp	2.10	318873	318873	110708
pr107.tsp	0.84	318873	318873	82548
pr107.tsp	0.84	318873	318873	98797
pr107.tsp	0.90	318873	318873	93864
pr107.tsp	0.84	318873	318873	95143
pr107.tsp	0.84	318873	318873	88535
pr107.tsp	0.84	318873	318873	97007
pr107.tsp	0.84	318873	318873	86639
pr107.tsp	0.84	318873	318873	103318
pr107.tsp	0.84	318873	318873	96382
pr107.tsp	0.85	318873	318873	71224
pr124.tsp	0.94	318873	318873	101885
pr124.tsp	0.94	318873	318873	120767
pr124.tsp	0.94	318873	318873	101393
pr124.tsp	0.94	318873	318873	101265
pr124.tsp	0.94	318873	318873	109003
pr124.tsp	0.94	318873	318873	111499
pr124.tsp	0.94	318873	318873	118077
pr124.tsp	0.94	318873	318873	118922
pr124.tsp	0.94	318873	318873	119291
pr124.tsp	0.94	318873	318873	121581
pr136.tsp	1.02	318873	318873	160846
pr136.tsp	1.02	318873	318873	165951
pr136.tsp	1.02	318873	318873	153907
pr136.tsp	1.03	318873	318873	178070
pr136.tsp	1.03	318873	318873	163424
pr136.tsp	1.02	318873	318873	161602
pr136.tsp	1.02	318873	318873	158728
pr136.tsp	1.02	318873	318873	157646
pr136.tsp	1.03	318873	318873	155987
pr136.tsp	1.03	318873	318873	159211
pr144.tsp	1.08	318873	318873	155619
pr144.tsp	1.07	318873	318873	138212
pr144.tsp	1.07	318873	318873	136150
pr144.tsp	1.07	318873	318873	146051
pr144.tsp	1.07	318873	318873	149544
pr144.tsp	1.07	318873	318873	143619
pr144.tsp	1.07	318873	318873	134187
pr144.tsp	1.09	318873	318873	127533
pr144.tsp	1.06	318873	318873	139862
pr144.tsp	1.08	318873	318873	140301
pr152.tsp	1.11	318873	318873	192564
pr152.tsp	1.12	318873	318873	184029
pr152.tsp	1.12	318873	318873	166459
pr152.tsp	1.12	318873	318873	212142
pr152.tsp	1.12	318873	318873	172707
pr152.tsp	1.12	318873	318873	184255
pr152.tsp	1.12	318873	318873	188299
pr152.tsp	1.13	318873	318873	176676
pr152.tsp	1.12	318873	318873	212662
pr152.tsp	1.12	318873	318873	163996
pr226.tsp	1.56	318873	318873	254195
pr226.tsp	1.56	318873	318873	254801
pr226.tsp	1.57	318873	318873	233875
pr226.tsp	1.56	318873	318873	252431
pr226.tsp	1.55	318873	318873	294678
pr226.tsp	1.57	318873	318873	264363
pr226.tsp	1.55	318873	318873	279097
pr226.tsp	1.56	318873	318873	265574
pr226.tsp	1.56	318873	318873	238712
pr226.tsp	1.55	318873	318873	222626
pr264.tsp	1.77	318873	318873	180149
pr264.tsp	1.77	318873	318873	191730
pr264.tsp	1.77	318873	318873	175888
pr264.tsp	1.77	318873	318873	197215
pr264.tsp	1.77	318873	318873	158463
pr264.tsp	1.76	318873	318873	156298
pr264.tsp	1.76	318873	318873	159888
pr264.tsp	1.76	318873	318873	179264
pr264.tsp	1.78	318873	318873	191148
pr264.tsp	1.77	318873	318873	149170
pr299.tsp	1.99	318873	318873	130961
pr299.tsp	1.99	318873	318873	123392
pr299.tsp	1.98	318873	318873	131873
pr299.tsp	1.99	318873	318873	112536
pr299.tsp	1.98	318873	318873	122974
pr299.tsp	1.98	318873	318873	121774
pr299.tsp	1.97	318873	318873	105273
pr299.tsp	1.98	318873	318873	131406
pr299.tsp	1.98	318873	318873	118939
pr299.tsp	1.98	318873	318873	122817
pr439.tsp	2.89	318873	318873	375291
pr439.tsp	2.89	318873	318873	316731
pr439.tsp	2.89	318873	318873	372183
pr439.tsp	2.88	318873	318873	377622
pr439.tsp	2.88	318873	318873	343796
pr439.tsp	2.89	318873	318873	364917
pr439.tsp	2.89	318873	318873	348957
pr439.tsp	2.89	318873	318873	326478
pr439.tsp	2.88	318873	318873	370624
pr439.tsp	2.89	318873	318873	326512
pr76.tsp	0.67	318873	318873	139974
pr76.tsp	0.66	318873	318873	142304
pr76.tsp	0.66	318873	318873	139770
pr76.tsp	0.67	318873	318873	147711
pr76.tsp	0.66	318873	318873	125592
pr76.tsp	0.67	318873	318873	134766
pr76.tsp	0.66	318873	318873	144060
pr76.tsp	0.66	318873	318873	140665
pr76.tsp	0.67	318873	318873	144323
pr76.tsp	0.66	318873	318873	140861
rat575.tsp	3.97	318873	318873	20119
rat575.tsp	3.99	318873	318873	21621
rat575.tsp	3.99	318873	318873	21371
rat575.tsp	4.00	318873	318873	21632
rat575.tsp	4.00	318873	318873	21195
rat575.tsp	4.01	318873	318873	19937
rat575.tsp	4.00	318873	318873	21332
rat575.tsp	3.97	318873	318873	20917
rat575.tsp	3.97	318873	318873	20335
rat575.tsp	4.00	318873	318873	19011
rat783.tsp	5.55	318873	318873	36617
rat783.tsp	5.54	318873	318873	34038
rat783.tsp	5.54	318873	318873	34254
rat783.tsp	5.53	318873	318873	34600
rat783.tsp	5.55	318873	318873	34399
rat783.tsp	5.52	318873	318873	34968
rat783.tsp	5.54	318873	318873	33677
rat783.tsp	5.53	318873	318873	35084
rat783.tsp	5.52	318873	318873	34241
rat783.tsp	5.54	318873	318873	36426
rat99.tsp	0.80	318873	318873	1730
rat99.tsp	0.80	318873	318873	1645
rat99.tsp	0.81	318873	318873	1652
rat99.tsp	0.81	318873	318873	1542
rat99.tsp	0.80	318873	318873	1532
rat99.tsp	0.80	318873	318873	1656
rat99.tsp	0.80	318873	318873	1573
rat99.tsp	0.80	318873	318873	1604
rat99.tsp	0.80	318873	318873	1697
rat99.tsp	0.80	318873	318873	1653
