a280.tsp	153.14	25798428	25798428	3592
a280.tsp	153.15	25798428	25798428	3412
a280.tsp	153.33	25798428	25798428	3427
a280.tsp	152.11	25798428	25798428	3553
a280.tsp	152.32	25798428	25798428	3449
a280.tsp	152.42	25798428	25798428	3429
a280.tsp	152.57	25798428	25798428	3536
a280.tsp	152.66	25798428	25798428	3440
a280.tsp	151.96	25798428	25798428	3344
a280.tsp	152.72	25798428	25798428	3452
berlin52.tsp	42.79	25798428	25798428	8301
berlin52.tsp	42.58	25798428	25798428	7987
berlin52.tsp	42.76	25798428	25798428	7791
berlin52.tsp	43.16	25798428	25798428	8096
berlin52.tsp	43.13	25798428	25798428	8205
berlin52.tsp	42.60	25798428	25798428	8127
berlin52.tsp	42.81	25798428	25798428	8049
berlin52.tsp	43.15	25798428	25798428	8090
berlin52.tsp	57.82	25798428	25798428	7674
berlin52.tsp	43.57	25798428	25798428	8018
bier127.tsp	79.02	25798428	25798428	128434
bier127.tsp	79.36	25798428	25798428	135558
bier127.tsp	79.49	25798428	25798428	133159
bier127.tsp	78.41	25798428	25798428	131392
bier127.tsp	79.05	25798428	25798428	131716
bier127.tsp	79.36	25798428	25798428	128935
bier127.tsp	79.01	25798428	25798428	125214
bier127.tsp	79.70	25798428	25798428	135409
bier127.tsp	79.10	25798428	25798428	133008
bier127.tsp	79.18	25798428	25798428	135088
eil101.tsp	66.61	25798428	25798428	657
eil101.tsp	66.06	25798428	25798428	655
eil101.tsp	66.24	25798428	25798428	658
eil101.tsp	67.24	25798428	25798428	661
eil101.tsp	66.84	25798428	25798428	660
eil101.tsp	66.09	25798428	25798428	639
eil101.tsp	66.28	25798428	25798428	670
eil101.tsp	65.93	25798428	25798428	663
eil101.tsp	66.59	25798428	25798428	648
eil101.tsp	66.53	25798428	25798428	667
eil51.tsp	42.09	25798428	25798428	436
eil51.tsp	43.38	25798428	25798428	429
eil51.tsp	42.86	25798428	25798428	430
eil51.tsp	42.38	25798428	25798428	430
eil51.tsp	42.98	25798428	25798428	444
eil51.tsp	42.95	25798428	25798428	435
eil51.tsp	42.89	25798428	25798428	436
eil51.tsp	42.36	25798428	25798428	431
eil51.tsp	43.29	25798428	25798428	435
eil51.tsp	43.94	25798428	25798428	425
eil76.tsp	54.58	25798428	25798428	562
eil76.tsp	54.54	25798428	25798428	553
eil76.tsp	54.74	25798428	25798428	563
eil76.tsp	54.09	25798428	25798428	566
eil76.tsp	54.52	25798428	25798428	558
eil76.tsp	54.40	25798428	25798428	555
eil76.tsp	54.21	25798428	25798428	552
eil76.tsp	53.79	25798428	25798428	551
eil76.tsp	53.92	25798428	25798428	560
eil76.tsp	54.60	25798428	25798428	567
gil262.tsp	143.11	25798428	25798428	2972
gil262.tsp	143.21	25798428	25798428	2845
gil262.tsp	143.69	25798428	25798428	2899
gil262.tsp	143.63	25798428	25798428	2810
gil262.tsp	143.00	25798428	25798428	3041
gil262.tsp	143.11	25798428	25798428	3029
gil262.tsp	142.76	25798428	25798428	3220
gil262.tsp	143.64	25798428	25798428	2814
gil262.tsp	144.09	25798428	25798428	3155
gil262.tsp	143.68	25798428	25798428	2995
kroA100.tsp	65.55	25798428	25798428	22522
kroA100.tsp	73.46	25798428	25798428	22963
kroA100.tsp	64.43	25798428	25798428	24956
kroA100.tsp	64.00	25798428	25798428	24908
kroA100.tsp	65.95	25798428	25798428	23095
kroA100.tsp	64.22	25798428	25798428	23005
kroA100.tsp	65.93	25798428	25798428	23310
kroA100.tsp	64.06	25798428	25798428	22814
kroA100.tsp	64.46	25798428	25798428	22578
kroA100.tsp	64.34	25798428	25798428	22547
kroA150.tsp	89.64	25798428	25798428	30798
kroA150.tsp	89.60	25798428	25798428	32275
kroA150.tsp	90.38	25798428	25798428	30997
kroA150.tsp	90.02	25798428	25798428	30413
kroA150.tsp	90.22	25798428	25798428	29856
kroA150.tsp	89.76	25798428	25798428	31188
kroA150.tsp	90.09	25798428	25798428	32921
kroA150.tsp	89.93	25798428	25798428	32461
kroA150.tsp	90.27	25798428	25798428	30211
kroA150.tsp	91.08	25798428	25798428	30994
kroA200.tsp	113.72	25798428	25798428	33736
kroA200.tsp	114.40	25798428	25798428	35658
kroA200.tsp	112.66	25798428	25798428	37853
kroA200.tsp	112.98	25798428	25798428	35731
kroA200.tsp	113.67	25798428	25798428	37242
kroA200.tsp	115.21	25798428	25798428	37307
kroA200.tsp	113.53	25798428	25798428	38938
kroA200.tsp	114.02	25798428	25798428	37156
kroA200.tsp	148.98	25798428	25798428	36983
kroA200.tsp	113.22	25798428	25798428	38140
kroB100.tsp	66.16	25798428	25798428	25161
kroB100.tsp	64.09	25798428	25798428	24132
kroB100.tsp	65.64	25798428	25798428	25016
kroB100.tsp	65.04	25798428	25798428	26044
kroB100.tsp	65.99	25798428	25798428	24637
kroB100.tsp	65.66	25798428	25798428	23388
kroB100.tsp	64.78	25798428	25798428	24565
kroB100.tsp	65.18	25798428	25798428	24497
kroB100.tsp	65.51	25798428	25798428	24236
kroB100.tsp	84.38	25798428	25798428	22970
kroB150.tsp	90.02	25798428	25798428	30436
kroB150.tsp	90.11	25798428	25798428	29034
kroB150.tsp	90.04	25798428	25798428	29936
kroB150.tsp	89.80	25798428	25798428	31979
kroB150.tsp	90.34	25798428	25798428	32891
kroB150.tsp	89.74	25798428	25798428	29081
kroB150.tsp	90.73	25798428	25798428	32201
kroB150.tsp	90.35	25798428	25798428	30533
kroB150.tsp	90.00	25798428	25798428	30606
kroB150.tsp	90.36	25798428	25798428	31284
kroB200.tsp	113.81	25798428	25798428	38179
kroB200.tsp	113.99	25798428	25798428	37834
kroB200.tsp	114.11	25798428	25798428	36836
kroB200.tsp	115.04	25798428	25798428	36605
kroB200.tsp	114.53	25798428	25798428	34494
kroB200.tsp	114.19	25798428	25798428	36505
kroB200.tsp	114.22	25798428	25798428	35502
kroB200.tsp	113.79	25798428	25798428	35576
kroB200.tsp	113.70	25798428	25798428	35663
kroB200.tsp	115.12	25798428	25798428	35602
kroC100.tsp	66.26	25798428	25798428	24558
kroC100.tsp	65.80	25798428	25798428	23171
kroC100.tsp	64.93	25798428	25798428	22912
kroC100.tsp	64.17	25798428	25798428	22783
kroC100.tsp	65.82	25798428	25798428	25298
kroC100.tsp	65.76	25798428	25798428	23914
kroC100.tsp	65.67	25798428	25798428	23390
kroC100.tsp	65.04	25798428	25798428	22726
kroC100.tsp	66.13	25798428	25798428	22582
kroC100.tsp	64.31	25798428	25798428	22891
kroD100.tsp	64.84	25798428	25798428	23288
kroD100.tsp	65.51	25798428	25798428	23472
kroD100.tsp	64.57	25798428	25798428	23503
kroD100.tsp	64.57	25798428	25798428	24057
kroD100.tsp	66.28	25798428	25798428	23600
kroD100.tsp	64.85	25798428	25798428	24815
kroD100.tsp	69.64	25798428	25798428	23703
kroD100.tsp	69.55	25798428	25798428	23641
kroD100.tsp	64.21	25798428	25798428	23743
kroD100.tsp	64.71	25798428	25798428	22609
kroE100.tsp	72.66	25798428	25798428	24999
kroE100.tsp	65.78	25798428	25798428	25804
kroE100.tsp	64.20	25798428	25798428	25050
kroE100.tsp	64.45	25798428	25798428	25107
kroE100.tsp	65.06	25798428	25798428	24452
kroE100.tsp	66.18	25798428	25798428	23579
kroE100.tsp	66.14	25798428	25798428	24434
kroE100.tsp	66.79	25798428	25798428	23509
kroE100.tsp	64.41	25798428	25798428	24826
kroE100.tsp	66.14	25798428	25798428	24092
lin105.tsp	67.54	25798428	25798428	17097
lin105.tsp	67.75	25798428	25798428	16897
lin105.tsp	66.74	25798428	25798428	16219
lin105.tsp	67.18	25798428	25798428	16824
lin105.tsp	67.52	25798428	25798428	18656
lin105.tsp	67.28	25798428	25798428	15950
lin105.tsp	67.09	25798428	25798428	16434
lin105.tsp	67.12	25798428	25798428	16992
lin105.tsp	66.33	25798428	25798428	17065
lin105.tsp	67.76	25798428	25798428	17070
lin318.tsp	170.00	25798428	25798428	57961
lin318.tsp	171.06	25798428	25798428	60999
lin318.tsp	168.99	25798428	25798428	60690
lin318.tsp	169.96	25798428	25798428	62791
lin318.tsp	170.20	25798428	25798428	64289
lin318.tsp	169.84	25798428	25798428	59364
lin318.tsp	169.67	25798428	25798428	61915
lin318.tsp	169.82	25798428	25798428	62226
lin318.tsp	169.98	25798428	25798428	63928
lin318.tsp	169.85	25798428	25798428	61699
linhp318.tsp	170.64	25798428	25798428	61635
linhp318.tsp	170.36	25798428	25798428	60318
linhp318.tsp	170.27	25798428	25798428	63194
linhp318.tsp	171.21	25798428	25798428	58874
linhp318.tsp	170.88	25798428	25798428	59988
linhp318.tsp	171.69	25798428	25798428	58919
linhp318.tsp	170.49	25798428	25798428	59206
linhp318.tsp	170.91	25798428	25798428	63419
linhp318.tsp	170.12	25798428	25798428	62601
linhp318.tsp	170.14	25798428	25798428	56577
pr107.tsp	68.41	25798428	25798428	50062
pr107.tsp	68.28	25798428	25798428	59740
pr107.tsp	68.00	25798428	25798428	59407
pr107.tsp	67.95	25798428	25798428	44600
pr107.tsp	68.15	25798428	25798428	60936
pr107.tsp	68.25	25798428	25798428	49417
pr107.tsp	68.53	25798428	25798428	44489
pr107.tsp	68.70	25798428	25798428	59432
pr107.tsp	68.03	25798428	25798428	50333
pr107.tsp	68.02	25798428	25798428	44316
pr124.tsp	75.89	25798428	25798428	66027
pr124.tsp	75.82	25798428	25798428	67444
pr124.tsp	76.60	25798428	25798428	65418
pr124.tsp	76.41	25798428	25798428	66297
pr124.tsp	76.54	25798428	25798428	65394
pr124.tsp	76.91	25798428	25798428	63445
pr124.tsp	76.48	25798428	25798428	68787
pr124.tsp	75.99	25798428	25798428	65025
pr124.tsp	75.63	25798428	25798428	63840
pr124.tsp	76.04	25798428	25798428	66822
pr136.tsp	83.21	25798428	25798428	114486
pr136.tsp	82.82	25798428	25798428	108518
pr136.tsp	83.19	25798428	25798428	113693
pr136.tsp	83.13	25798428	25798428	112867
pr136.tsp	83.26	25798428	25798428	117764
pr136.tsp	83.23	25798428	25798428	114748
pr136.tsp	83.60	25798428	25798428	117584
pr136.tsp	83.38	25798428	25798428	101975
pr136.tsp	83.96	25798428	25798428	110929
pr136.tsp	83.66	25798428	25798428	112070
pr144.tsp	86.93	25798428	25798428	83818
pr144.tsp	87.54	25798428	25798428	77202
pr144.tsp	86.52	25798428	25798428	77845
pr144.tsp	87.17	25798428	25798428	75967
pr144.tsp	86.94	25798428	25798428	84137
pr144.tsp	86.92	25798428	25798428	81767
pr144.tsp	87.18	25798428	25798428	83089
pr144.tsp	88.02	25798428	25798428	90296
pr144.tsp	87.15	25798428	25798428	78336
pr144.tsp	87.06	25798428	25798428	93935
pr152.tsp	90.71	25798428	25798428	96819
pr152.tsp	90.40	25798428	25798428	104745
pr152.tsp	90.83	25798428	25798428	91028
pr152.tsp	90.79	25798428	25798428	104493
pr152.tsp	124.90	25798428	25798428	83946
pr152.tsp	90.87	25798428	25798428	86015
pr152.tsp	91.22	25798428	25798428	99150
pr152.tsp	91.12	25798428	25798428	81198
pr152.tsp	90.54	25798428	25798428	91088
pr152.tsp	90.34	25798428	25798428	91593
pr226.tsp	126.91	25798428	25798428	121379
pr226.tsp	126.36	25798428	25798428	135326
pr226.tsp	126.85	25798428	25798428	114520
pr226.tsp	126.55	25798428	25798428	139084
pr226.tsp	126.85	25798428	25798428	135485
pr226.tsp	126.27	25798428	25798428	133066
pr226.tsp	125.57	25798428	25798428	109376
pr226.tsp	126.27	25798428	25798428	112426
pr226.tsp	125.96	25798428	25798428	112354
pr226.tsp	127.25	25798428	25798428	150016
pr264.tsp	143.44	25798428	25798428	83680
pr264.tsp	143.18	25798428	25798428	92545
pr264.tsp	144.61	25798428	25798428	84538
pr264.tsp	143.64	25798428	25798428	86677
pr264.tsp	143.02	25798428	25798428	81671
pr264.tsp	143.09	25798428	25798428	77413
pr264.tsp	143.09	25798428	25798428	71320
pr264.tsp	143.18	25798428	25798428	89594
pr264.tsp	143.45	25798428	25798428	80071
pr264.tsp	143.55	25798428	25798428	93226
pr299.tsp	160.22	25798428	25798428	64104
pr299.tsp	160.06	25798428	25798428	69878
pr299.tsp	160.57	25798428	25798428	65939
pr299.tsp	160.78	25798428	25798428	66080
pr299.tsp	160.38	25798428	25798428	65201
pr299.tsp	160.31	25798428	25798428	68153
pr299.tsp	160.93	25798428	25798428	70870
pr299.tsp	160.08	25798428	25798428	65420
pr299.tsp	160.36	25798428	25798428	62556
pr299.tsp	160.32	25798428	25798428	64274
pr439.tsp	234.82	25798428	25798428	190255
pr439.tsp	234.17	25798428	25798428	182044
pr439.tsp	234.64	25798428	25798428	172537
pr439.tsp	233.61	25798428	25798428	180151
pr439.tsp	231.97	25798428	25798428	173308
pr439.tsp	235.28	25798428	25798428	172593
pr439.tsp	233.04	25798428	25798428	181804
pr439.tsp	236.17	25798428	25798428	178757
pr439.tsp	233.54	25798428	25798428	173818
pr439.tsp	235.13	25798428	25798428	181569
pr76.tsp	53.34	25798428	25798428	119294
pr76.tsp	53.33	25798428	25798428	112993
pr76.tsp	54.30	25798428	25798428	115185
pr76.tsp	53.50	25798428	25798428	113225
pr76.tsp	54.30	25798428	25798428	119716
pr76.tsp	54.22	25798428	25798428	117128
pr76.tsp	53.47	25798428	25798428	118847
pr76.tsp	53.73	25798428	25798428	115999
pr76.tsp	54.30	25798428	25798428	116277
pr76.tsp	54.17	25798428	25798428	115566
rat575.tsp	323.77	25798428	25798428	10464
rat575.tsp	325.28	25798428	25798428	10816
rat575.tsp	325.53	25798428	25798428	9963
rat575.tsp	325.18	25798428	25798428	10102
rat575.tsp	323.82	25798428	25798428	10341
rat575.tsp	324.25	25798428	25798428	10050
rat575.tsp	324.46	25798428	25798428	10320
rat575.tsp	323.67	25798428	25798428	10058
rat575.tsp	323.06	25798428	25798428	9996
rat575.tsp	433.12	25798428	25798428	9887
rat783.tsp	453.16	25798428	25798428	14966
rat783.tsp	453.37	25798428	25798428	15778
rat783.tsp	452.69	25798428	25798428	15353
rat783.tsp	454.25	25798428	25798428	16340
rat783.tsp	449.02	25798428	25798428	14655
rat783.tsp	451.30	25798428	25798428	14176
rat783.tsp	451.22	25798428	25798428	15315
rat783.tsp	454.44	25798428	25798428	14708
rat783.tsp	453.43	25798428	25798428	15234
rat783.tsp	452.94	25798428	25798428	15588
rat99.tsp	65.27	25798428	25798428	1317
rat99.tsp	65.66	25798428	25798428	1335
rat99.tsp	65.46	25798428	25798428	1336
rat99.tsp	65.85	25798428	25798428	1329
rat99.tsp	65.40	25798428	25798428	1312
rat99.tsp	65.26	25798428	25798428	1303
rat99.tsp	65.13	25798428	25798428	1307
rat99.tsp	65.94	25798428	25798428	1324
rat99.tsp	64.88	25798428	25798428	1274
rat99.tsp	65.76	25798428	25798428	1300
