a280.tsp	7.61	1289911	1289911	4806
a280.tsp	7.62	1289911	1289911	4740
a280.tsp	11.36	1289911	1289911	4766
a280.tsp	7.62	1289911	1289911	5064
a280.tsp	7.63	1289911	1289911	4909
a280.tsp	7.67	1289911	1289911	4403
a280.tsp	7.62	1289911	1289911	5329
a280.tsp	7.65	1289911	1289911	4375
a280.tsp	7.60	1289911	1289911	5222
a280.tsp	7.61	1289911	1289911	4496
berlin52.tsp	2.18	1289911	1289911	8329
berlin52.tsp	2.12	1289911	1289911	8233
berlin52.tsp	2.12	1289911	1289911	8491
berlin52.tsp	2.14	1289911	1289911	8386
berlin52.tsp	2.16	1289911	1289911	8194
berlin52.tsp	2.15	1289911	1289911	8445
berlin52.tsp	2.18	1289911	1289911	8657
berlin52.tsp	2.17	1289911	1289911	8460
berlin52.tsp	2.14	1289911	1289911	8422
berlin52.tsp	2.12	1289911	1289911	8528
bier127.tsp	3.94	1289911	1289911	144160
bier127.tsp	3.94	1289911	1289911	154741
bier127.tsp	3.96	1289911	1289911	146438
bier127.tsp	3.98	1289911	1289911	143263
bier127.tsp	3.95	1289911	1289911	160477
bier127.tsp	3.94	1289911	1289911	151750
bier127.tsp	4.00	1289911	1289911	145780
bier127.tsp	3.98	1289911	1289911	146969
bier127.tsp	4.02	1289911	1289911	158483
bier127.tsp	4.01	1289911	1289911	146840
eil101.tsp	3.31	1289911	1289911	696
eil101.tsp	3.29	1289911	1289911	725
eil101.tsp	3.35	1289911	1289911	698
eil101.tsp	3.35	1289911	1289911	768
eil101.tsp	3.34	1289911	1289911	746
eil101.tsp	3.28	1289911	1289911	701
eil101.tsp	3.30	1289911	1289911	687
eil101.tsp	3.30	1289911	1289911	723
eil101.tsp	3.34	1289911	1289911	718
eil101.tsp	3.35	1289911	1289911	774
eil51.tsp	2.14	1289911	1289911	461
eil51.tsp	2.13	1289911	1289911	434
eil51.tsp	2.15	1289911	1289911	448
eil51.tsp	2.12	1289911	1289911	441
eil51.tsp	2.16	1289911	1289911	452
eil51.tsp	2.12	1289911	1289911	467
eil51.tsp	2.10	1289911	1289911	455
eil51.tsp	2.58	1289911	1289911	448
eil51.tsp	2.17	1289911	1289911	441
eil51.tsp	2.16	1289911	1289911	443
eil76.tsp	2.72	1289911	1289911	620
eil76.tsp	2.71	1289911	1289911	612
eil76.tsp	2.74	1289911	1289911	566
eil76.tsp	2.71	1289911	1289911	596
eil76.tsp	2.70	1289911	1289911	620
eil76.tsp	2.72	1289911	1289911	603
eil76.tsp	2.72	1289911	1289911	608
eil76.tsp	2.72	1289911	1289911	615
eil76.tsp	2.73	1289911	1289911	637
eil76.tsp	2.72	1289911	1289911	600
gil262.tsp	7.15	1289911	1289911	4035
gil262.tsp	7.17	1289911	1289911	3987
gil262.tsp	7.16	1289911	1289911	4391
gil262.tsp	7.15	1289911	1289911	4069
gil262.tsp	7.16	1289911	1289911	4156
gil262.tsp	7.14	1289911	1289911	4108
gil262.tsp	7.17	1289911	1289911	4147
gil262.tsp	7.20	1289911	1289911	4197
gil262.tsp	7.27	1289911	1289911	4165
gil262.tsp	7.20	1289911	1289911	4040
kroA100.tsp	3.22	1289911	1289911	27537
kroA100.tsp	3.25	1289911	1289911	27673
kroA100.tsp	3.27	1289911	1289911	30044
kroA100.tsp	3.75	1289911	1289911	30355
kroA100.tsp	3.24	1289911	1289911	26226
kroA100.tsp	3.31	1289911	1289911	27409
kroA100.tsp	3.29	1289911	1289911	28366
kroA100.tsp	3.24	1289911	1289911	28909
kroA100.tsp	3.29	1289911	1289911	25467
kroA100.tsp	3.26	1289911	1289911	28853
kroA150.tsp	4.56	1289911	1289911	41698
kroA150.tsp	4.51	1289911	1289911	39121
kroA150.tsp	4.55	1289911	1289911	40890
kroA150.tsp	4.54	1289911	1289911	37439
kroA150.tsp	4.48	1289911	1289911	40048
kroA150.tsp	4.51	1289911	1289911	37360
kroA150.tsp	4.48	1289911	1289911	37062
kroA150.tsp	4.51	1289911	1289911	44170
kroA150.tsp	4.56	1289911	1289911	37159
kroA150.tsp	4.48	1289911	1289911	42112
kroA200.tsp	5.69	1289911	1289911	50723
kroA200.tsp	5.75	1289911	1289911	48835
kroA200.tsp	5.63	1289911	1289911	48138
kroA200.tsp	7.59	1289911	1289911	50982
kroA200.tsp	5.69	1289911	1289911	53592
kroA200.tsp	5.67	1289911	1289911	49113
kroA200.tsp	5.69	1289911	1289911	47449
kroA200.tsp	5.68	1289911	1289911	54314
kroA200.tsp	5.66	1289911	1289911	50755
kroA200.tsp	5.74	1289911	1289911	51880
kroB100.tsp	3.31	1289911	1289911	30446
kroB100.tsp	3.29	1289911	1289911	28553
kroB100.tsp	3.27	1289911	1289911	27280
kroB100.tsp	3.20	1289911	1289911	27427
kroB100.tsp	3.22	1289911	1289911	32020
kroB100.tsp	3.31	1289911	1289911	30656
kroB100.tsp	3.22	1289911	1289911	30014
kroB100.tsp	3.28	1289911	1289911	26768
kroB100.tsp	3.25	1289911	1289911	27776
kroB100.tsp	3.30	1289911	1289911	25888
kroB150.tsp	4.46	1289911	1289911	39577
kroB150.tsp	4.59	1289911	1289911	41084
kroB150.tsp	4.52	1289911	1289911	39293
kroB150.tsp	4.48	1289911	1289911	38047
kroB150.tsp	4.52	1289911	1289911	34081
kroB150.tsp	4.58	1289911	1289911	37417
kroB150.tsp	4.55	1289911	1289911	39393
kroB150.tsp	4.53	1289911	1289911	37867
kroB150.tsp	4.49	1289911	1289911	41739
kroB150.tsp	4.59	1289911	1289911	36893
kroB200.tsp	5.69	1289911	1289911	47273
kroB200.tsp	5.75	1289911	1289911	50303
kroB200.tsp	5.75	1289911	1289911	48014
kroB200.tsp	5.68	1289911	1289911	50055
kroB200.tsp	5.80	1289911	1289911	47520
kroB200.tsp	5.69	1289911	1289911	45308
kroB200.tsp	5.73	1289911	1289911	46711
kroB200.tsp	5.73	1289911	1289911	52836
kroB200.tsp	5.81	1289911	1289911	47737
kroB200.tsp	5.70	1289911	1289911	45636
kroC100.tsp	3.29	1289911	1289911	27402
kroC100.tsp	3.26	1289911	1289911	28912
kroC100.tsp	3.29	1289911	1289911	24931
kroC100.tsp	3.30	1289911	1289911	28394
kroC100.tsp	3.30	1289911	1289911	30798
kroC100.tsp	3.30	1289911	1289911	29476
kroC100.tsp	3.31	1289911	1289911	26066
kroC100.tsp	3.26	1289911	1289911	28772
kroC100.tsp	3.24	1289911	1289911	28130
kroC100.tsp	3.68	1289911	1289911	26546
kroD100.tsp	3.27	1289911	1289911	25327
kroD100.tsp	3.29	1289911	1289911	27403
kroD100.tsp	3.29	1289911	1289911	28453
kroD100.tsp	3.23	1289911	1289911	27206
kroD100.tsp	3.24	1289911	1289911	27590
kroD100.tsp	3.32	1289911	1289911	27657
kroD100.tsp	3.31	1289911	1289911	26088
kroD100.tsp	3.20	1289911	1289911	28828
kroD100.tsp	3.24	1289911	1289911	24746
kroD100.tsp	3.24	1289911	1289911	27203
kroE100.tsp	3.27	1289911	1289911	28530
kroE100.tsp	3.22	1289911	1289911	26347
kroE100.tsp	3.30	1289911	1289911	27661
kroE100.tsp	3.30	1289911	1289911	30063
kroE100.tsp	3.30	1289911	1289911	31595
kroE100.tsp	3.26	1289911	1289911	28331
kroE100.tsp	3.28	1289911	1289911	29314
kroE100.tsp	3.24	1289911	1289911	30804
kroE100.tsp	3.29	1289911	1289911	29000
kroE100.tsp	3.22	1289911	1289911	30153
lin105.tsp	3.36	1289911	1289911	21729
lin105.tsp	3.37	1289911	1289911	19093
lin105.tsp	3.32	1289911	1289911	16179
lin105.tsp	3.38	1289911	1289911	19412
lin105.tsp	4.07	1289911	1289911	21705
lin105.tsp	3.33	1289911	1289911	17802
lin105.tsp	3.38	1289911	1289911	18155
lin105.tsp	3.36	1289911	1289911	20595
lin105.tsp	3.40	1289911	1289911	17725
lin105.tsp	3.38	1289911	1289911	19015
lin318.tsp	8.52	1289911	1289911	88209
lin318.tsp	8.53	1289911	1289911	92682
lin318.tsp	8.52	1289911	1289911	90869
lin318.tsp	8.52	1289911	1289911	92064
lin318.tsp	8.51	1289911	1289911	84157
lin318.tsp	8.51	1289911	1289911	84945
lin318.tsp	11.00	1289911	1289911	90717
lin318.tsp	8.52	1289911	1289911	90673
lin318.tsp	8.52	1289911	1289911	96193
lin318.tsp	8.52	1289911	1289911	98465
linhp318.tsp	8.57	1289911	1289911	80352
linhp318.tsp	8.52	1289911	1289911	90091
linhp318.tsp	8.52	1289911	1289911	92308
linhp318.tsp	8.60	1289911	1289911	90648
linhp318.tsp	8.54	1289911	1289911	84221
linhp318.tsp	8.57	1289911	1289911	81256
linhp318.tsp	8.68	1289911	1289911	89134
linhp318.tsp	8.50	1289911	1289911	89633
linhp318.tsp	8.51	1289911	1289911	87194
linhp318.tsp	8.49	1289911	1289911	89029
pr107.tsp	3.42	1289911	1289911	78914
pr107.tsp	3.41	1289911	1289911	68765
pr107.tsp	3.41	1289911	1289911	68582
pr107.tsp	3.42	1289911	1289911	63952
pr107.tsp	3.39	1289911	1289911	66187
pr107.tsp	3.39	1289911	1289911	79494
pr107.tsp	3.40	1289911	1289911	70440
pr107.tsp	3.46	1289911	1289911	74657
pr107.tsp	3.43	1289911	1289911	52541
pr107.tsp	3.40	1289911	1289911	66022
pr124.tsp	3.79	1289911	1289911	96318
pr124.tsp	3.82	1289911	1289911	98266
pr124.tsp	3.78	1289911	1289911	86881
pr124.tsp	3.80	1289911	1289911	78210
pr124.tsp	3.82	1289911	1289911	96257
pr124.tsp	3.80	1289911	1289911	98926
pr124.tsp	3.80	1289911	1289911	80676
pr124.tsp	3.80	1289911	1289911	97848
pr124.tsp	3.79	1289911	1289911	98841
pr124.tsp	5.20	1289911	1289911	88412
pr136.tsp	4.16	1289911	1289911	139597
pr136.tsp	4.19	1289911	1289911	135779
pr136.tsp	4.21	1289911	1289911	143533
pr136.tsp	4.15	1289911	1289911	148449
pr136.tsp	4.17	1289911	1289911	129746
pr136.tsp	4.13	1289911	1289911	151716
pr136.tsp	4.17	1289911	1289911	131232
pr136.tsp	4.26	1289911	1289911	132906
pr136.tsp	4.17	1289911	1289911	138234
pr136.tsp	4.18	1289911	1289911	145967
pr144.tsp	4.32	1289911	1289911	117395
pr144.tsp	4.34	1289911	1289911	119968
pr144.tsp	4.42	1289911	1289911	110212
pr144.tsp	4.33	1289911	1289911	122464
pr144.tsp	4.34	1289911	1289911	123098
pr144.tsp	4.38	1289911	1289911	133944
pr144.tsp	4.35	1289911	1289911	135717
pr144.tsp	4.42	1289911	1289911	97978
pr144.tsp	4.30	1289911	1289911	117023
pr144.tsp	4.33	1289911	1289911	107181
pr152.tsp	4.50	1289911	1289911	136379
pr152.tsp	4.50	1289911	1289911	134345
pr152.tsp	4.58	1289911	1289911	156950
pr152.tsp	4.60	1289911	1289911	137776
pr152.tsp	4.52	1289911	1289911	146521
pr152.tsp	4.53	1289911	1289911	137433
pr152.tsp	4.54	1289911	1289911	128778
pr152.tsp	4.54	1289911	1289911	156829
pr152.tsp	4.50	1289911	1289911	142369
pr152.tsp	4.52	1289911	1289911	137206
pr226.tsp	6.30	1289911	1289911	190066
pr226.tsp	6.33	1289911	1289911	209234
pr226.tsp	6.45	1289911	1289911	205144
pr226.tsp	6.28	1289911	1289911	207363
pr226.tsp	6.40	1289911	1289911	219387
pr226.tsp	6.32	1289911	1289911	199474
pr226.tsp	6.36	1289911	1289911	209172
pr226.tsp	6.30	1289911	1289911	222959
pr226.tsp	6.29	1289911	1289911	208982
pr226.tsp	6.30	1289911	1289911	207032
pr264.tsp	7.34	1289911	1289911	135681
pr264.tsp	7.16	1289911	1289911	128132
pr264.tsp	7.16	1289911	1289911	120747
pr264.tsp	7.26	1289911	1289911	140610
pr264.tsp	7.13	1289911	1289911	114241
pr264.tsp	7.14	1289911	1289911	131091
pr264.tsp	7.16	1289911	1289911	152415
pr264.tsp	7.16	1289911	1289911	137873
pr264.tsp	7.16	1289911	1289911	129391
pr264.tsp	9.21	1289911	1289911	128261
pr299.tsp	8.01	1289911	1289911	105274
pr299.tsp	8.02	1289911	1289911	103037
pr299.tsp	8.03	1289911	1289911	106517
pr299.tsp	8.02	1289911	1289911	99076
pr299.tsp	8.02	1289911	1289911	93715
pr299.tsp	8.01	1289911	1289911	94887
pr299.tsp	8.00	1289911	1289911	103080
pr299.tsp	8.01	1289911	1289911	101318
pr299.tsp	8.02	1289911	1289911	90304
pr299.tsp	8.02	1289911	1289911	94530
pr439.tsp	11.74	1289911	1289911	275017
pr439.tsp	11.74	1289911	1289911	249750
pr439.tsp	11.69	1289911	1289911	271599
pr439.tsp	11.71	1289911	1289911	281691
pr439.tsp	11.65	1289911	1289911	307693
pr439.tsp	11.68	1289911	1289911	266582
pr439.tsp	11.67	1289911	1289911	275577
pr439.tsp	11.68	1289911	1289911	264802
pr439.tsp	11.63	1289911	1289911	290059
pr439.tsp	11.74	1289911	1289911	277495
pr76.tsp	2.68	1289911	1289911	124244
pr76.tsp	2.70	1289911	1289911	127320
pr76.tsp	2.69	1289911	1289911	127094
pr76.tsp	2.66	1289911	1289911	133096
pr76.tsp	2.65	1289911	1289911	136430
pr76.tsp	2.66	1289911	1289911	134043
pr76.tsp	2.71	1289911	1289911	131780
pr76.tsp	3.16	1289911	1289911	134787
pr76.tsp	2.65	1289911	1289911	144937
pr76.tsp	2.66	1289911	1289911	126744
rat575.tsp	16.19	1289911	1289911	15723
rat575.tsp	16.19	1289911	1289911	16430
rat575.tsp	16.17	1289911	1289911	15459
rat575.tsp	16.15	1289911	1289911	14489
rat575.tsp	16.22	1289911	1289911	15040
rat575.tsp	16.14	1289911	1289911	15811
rat575.tsp	16.17	1289911	1289911	13890
rat575.tsp	16.11	1289911	1289911	15678
rat575.tsp	16.05	1289911	1289911	15435
rat575.tsp	16.18	1289911	1289911	15296
rat783.tsp	22.67	1289911	1289911	25238
rat783.tsp	22.59	1289911	1289911	25172
rat783.tsp	22.70	1289911	1289911	25355
rat783.tsp	22.81	1289911	1289911	24585
rat783.tsp	22.44	1289911	1289911	24674
rat783.tsp	22.42	1289911	1289911	25968
rat783.tsp	22.48	1289911	1289911	25331
rat783.tsp	22.48	1289911	1289911	25656
rat783.tsp	22.69	1289911	1289911	23976
rat783.tsp	22.58	1289911	1289911	26825
rat99.tsp	3.26	1289911	1289911	1439
rat99.tsp	3.24	1289911	1289911	1551
rat99.tsp	3.27	1289911	1289911	1440
rat99.tsp	3.26	1289911	1289911	1425
rat99.tsp	3.25	1289911	1289911	1568
rat99.tsp	3.26	1289911	1289911	1493
rat99.tsp	3.30	1289911	1289911	1468
rat99.tsp	3.30	1289911	1289911	1393
rat99.tsp	3.29	1289911	1289911	1479
rat99.tsp	3.26	1289911	1289911	1563
