a280.tsp	3.50	592965	592965	4883
a280.tsp	4.41	592965	592965	5047
a280.tsp	3.49	592965	592965	5174
a280.tsp	3.49	592965	592965	5274
a280.tsp	3.49	592965	592965	5520
a280.tsp	3.50	592965	592965	5464
a280.tsp	3.51	592965	592965	5476
a280.tsp	3.48	592965	592965	4941
a280.tsp	3.50	592965	592965	5143
a280.tsp	3.49	592965	592965	5589
berlin52.tsp	0.98	592965	592965	8586
berlin52.tsp	0.99	592965	592965	8625
berlin52.tsp	0.99	592965	592965	9023
berlin52.tsp	0.99	592965	592965	8141
berlin52.tsp	0.96	592965	592965	8227
berlin52.tsp	0.98	592965	592965	8769
berlin52.tsp	0.97	592965	592965	8539
berlin52.tsp	0.98	592965	592965	8717
berlin52.tsp	0.98	592965	592965	8637
berlin52.tsp	0.99	592965	592965	9274
bier127.tsp	1.80	592965	592965	160462
bier127.tsp	1.82	592965	592965	150261
bier127.tsp	1.82	592965	592965	162429
bier127.tsp	1.80	592965	592965	153519
bier127.tsp	1.82	592965	592965	159578
bier127.tsp	1.80	592965	592965	165919
bier127.tsp	1.82	592965	592965	155700
bier127.tsp	1.81	592965	592965	170027
bier127.tsp	1.80	592965	592965	156337
bier127.tsp	1.80	592965	592965	153783
eil101.tsp	1.51	592965	592965	734
eil101.tsp	1.51	592965	592965	786
eil101.tsp	1.52	592965	592965	695
eil101.tsp	1.52	592965	592965	729
eil101.tsp	1.52	592965	592965	773
eil101.tsp	1.52	592965	592965	710
eil101.tsp	1.52	592965	592965	770
eil101.tsp	1.52	592965	592965	773
eil101.tsp	1.52	592965	592965	772
eil101.tsp	1.52	592965	592965	766
eil51.tsp	0.99	592965	592965	451
eil51.tsp	0.98	592965	592965	436
eil51.tsp	0.98	592965	592965	474
eil51.tsp	0.98	592965	592965	469
eil51.tsp	0.99	592965	592965	452
eil51.tsp	0.98	592965	592965	455
eil51.tsp	0.98	592965	592965	485
eil51.tsp	0.97	592965	592965	448
eil51.tsp	0.98	592965	592965	462
eil51.tsp	0.96	592965	592965	439
eil76.tsp	1.49	592965	592965	595
eil76.tsp	1.24	592965	592965	604
eil76.tsp	1.24	592965	592965	641
eil76.tsp	1.24	592965	592965	633
eil76.tsp	1.25	592965	592965	615
eil76.tsp	1.25	592965	592965	616
eil76.tsp	1.24	592965	592965	640
eil76.tsp	1.23	592965	592965	598
eil76.tsp	1.24	592965	592965	598
eil76.tsp	1.24	592965	592965	612
gil262.tsp	3.29	592965	592965	4493
gil262.tsp	3.28	592965	592965	4521
gil262.tsp	3.29	592965	592965	4376
gil262.tsp	3.29	592965	592965	4872
gil262.tsp	3.28	592965	592965	4728
gil262.tsp	3.28	592965	592965	4485
gil262.tsp	3.28	592965	592965	4508
gil262.tsp	3.29	592965	592965	4780
gil262.tsp	3.28	592965	592965	4115
gil262.tsp	3.29	592965	592965	4142
kroA100.tsp	1.50	592965	592965	28475
kroA100.tsp	1.48	592965	592965	30346
kroA100.tsp	1.50	592965	592965	32135
kroA100.tsp	1.48	592965	592965	31400
kroA100.tsp	1.47	592965	592965	31252
kroA100.tsp	1.46	592965	592965	32596
kroA100.tsp	1.94	592965	592965	32569
kroA100.tsp	1.50	592965	592965	29905
kroA100.tsp	1.52	592965	592965	31354
kroA100.tsp	1.46	592965	592965	29706
kroA150.tsp	2.06	592965	592965	40285
kroA150.tsp	2.06	592965	592965	41763
kroA150.tsp	2.05	592965	592965	42921
kroA150.tsp	2.06	592965	592965	42249
kroA150.tsp	2.06	592965	592965	45200
kroA150.tsp	2.05	592965	592965	46198
kroA150.tsp	2.05	592965	592965	44741
kroA150.tsp	2.05	592965	592965	43315
kroA150.tsp	2.06	592965	592965	42112
kroA150.tsp	2.06	592965	592965	40669
kroA200.tsp	2.60	592965	592965	54294
kroA200.tsp	2.60	592965	592965	54286
kroA200.tsp	2.59	592965	592965	51776
kroA200.tsp	2.60	592965	592965	53064
kroA200.tsp	2.59	592965	592965	49074
kroA200.tsp	2.62	592965	592965	57477
kroA200.tsp	2.60	592965	592965	56288
kroA200.tsp	2.61	592965	592965	47655
kroA200.tsp	2.60	592965	592965	52488
kroA200.tsp	2.62	592965	592965	58786
kroB100.tsp	1.48	592965	592965	29035
kroB100.tsp	1.50	592965	592965	33364
kroB100.tsp	1.51	592965	592965	30604
kroB100.tsp	1.50	592965	592965	26588
kroB100.tsp	1.46	592965	592965	29812
kroB100.tsp	1.48	592965	592965	28432
kroB100.tsp	1.51	592965	592965	28381
kroB100.tsp	1.50	592965	592965	30800
kroB100.tsp	1.50	592965	592965	28066
kroB100.tsp	1.47	592965	592965	33740
kroB150.tsp	2.06	592965	592965	44015
kroB150.tsp	2.06	592965	592965	42486
kroB150.tsp	2.08	592965	592965	44167
kroB150.tsp	2.06	592965	592965	43439
kroB150.tsp	2.06	592965	592965	42705
kroB150.tsp	2.05	592965	592965	42846
kroB150.tsp	2.04	592965	592965	39659
kroB150.tsp	2.06	592965	592965	44010
kroB150.tsp	2.06	592965	592965	42188
kroB150.tsp	2.05	592965	592965	46015
kroB200.tsp	2.63	592965	592965	53741
kroB200.tsp	2.62	592965	592965	57615
kroB200.tsp	2.59	592965	592965	50090
kroB200.tsp	2.62	592965	592965	49828
kroB200.tsp	2.59	592965	592965	51360
kroB200.tsp	2.62	592965	592965	52343
kroB200.tsp	2.60	592965	592965	54338
kroB200.tsp	2.60	592965	592965	51168
kroB200.tsp	2.63	592965	592965	55900
kroB200.tsp	2.60	592965	592965	50668
kroC100.tsp	1.52	592965	592965	28274
kroC100.tsp	1.50	592965	592965	28322
kroC100.tsp	1.50	592965	592965	30241
kroC100.tsp	1.47	592965	592965	32883
kroC100.tsp	1.48	592965	592965	27766
kroC100.tsp	1.50	592965	592965	29844
kroC100.tsp	1.50	592965	592965	27855
kroC100.tsp	1.48	592965	592965	29112
kroC100.tsp	1.58	592965	592965	30565
kroC100.tsp	1.51	592965	592965	30767
kroD100.tsp	1.52	592965	592965	31878
kroD100.tsp	1.46	592965	592965	26995
kroD100.tsp	1.52	592965	592965	31047
kroD100.tsp	1.47	592965	592965	27806
kroD100.tsp	1.48	592965	592965	30132
kroD100.tsp	1.50	592965	592965	29539
kroD100.tsp	1.46	592965	592965	30982
kroD100.tsp	1.50	592965	592965	29570
kroD100.tsp	1.47	592965	592965	31773
kroD100.tsp	1.48	592965	592965	30116
kroE100.tsp	1.51	592965	592965	29320
kroE100.tsp	1.50	592965	592965	29993
kroE100.tsp	1.47	592965	592965	28483
kroE100.tsp	1.48	592965	592965	31335
kroE100.tsp	1.51	592965	592965	28183
kroE100.tsp	1.50	592965	592965	30589
kroE100.tsp	1.47	592965	592965	29618
kroE100.tsp	1.50	592965	592965	30457
kroE100.tsp	1.46	592965	592965	31610
kroE100.tsp	1.49	592965	592965	31346
lin105.tsp	1.54	592965	592965	21086
lin105.tsp	1.55	592965	592965	20633
lin105.tsp	1.52	592965	592965	20879
lin105.tsp	1.53	592965	592965	18301
lin105.tsp	1.54	592965	592965	22231
lin105.tsp	1.52	592965	592965	22275
lin105.tsp	1.52	592965	592965	21205
lin105.tsp	1.54	592965	592965	21523
lin105.tsp	1.55	592965	592965	20911
lin105.tsp	1.52	592965	592965	23312
lin318.tsp	3.90	592965	592965	92699
lin318.tsp	3.90	592965	592965	103757
lin318.tsp	3.91	592965	592965	86528
lin318.tsp	3.90	592965	592965	91303
lin318.tsp	3.90	592965	592965	91999
lin318.tsp	3.90	592965	592965	101630
lin318.tsp	3.90	592965	592965	98366
lin318.tsp	4.74	592965	592965	106585
lin318.tsp	3.90	592965	592965	95678
lin318.tsp	3.90	592965	592965	100501
linhp318.tsp	3.89	592965	592965	96646
linhp318.tsp	3.90	592965	592965	94712
linhp318.tsp	3.90	592965	592965	98396
linhp318.tsp	3.92	592965	592965	98063
linhp318.tsp	3.91	592965	592965	99735
linhp318.tsp	3.90	592965	592965	96206
linhp318.tsp	3.90	592965	592965	97939
linhp318.tsp	3.91	592965	592965	95160
linhp318.tsp	3.90	592965	592965	96567
linhp318.tsp	3.91	592965	592965	97605
pr107.tsp	1.56	592965	592965	89392
pr107.tsp	1.56	592965	592965	72180
pr107.tsp	1.57	592965	592965	111831
pr107.tsp	1.56	592965	592965	73172
pr107.tsp	1.57	592965	592965	72283
pr107.tsp	1.56	592965	592965	75825
pr107.tsp	1.56	592965	592965	83780
pr107.tsp	1.56	592965	592965	83501
pr107.tsp	1.56	592965	592965	68072
pr107.tsp	1.56	592965	592965	76907
pr124.tsp	1.73	592965	592965	99731
pr124.tsp	1.75	592965	592965	107066
pr124.tsp	1.73	592965	592965	103406
pr124.tsp	1.74	592965	592965	126436
pr124.tsp	1.73	592965	592965	97592
pr124.tsp	1.74	592965	592965	114364
pr124.tsp	1.75	592965	592965	101281
pr124.tsp	1.74	592965	592965	102932
pr124.tsp	1.74	592965	592965	100853
pr124.tsp	1.73	592965	592965	105287
pr136.tsp	1.90	592965	592965	148453
pr136.tsp	1.91	592965	592965	149580
pr136.tsp	1.90	592965	592965	143523
pr136.tsp	1.90	592965	592965	135257
pr136.tsp	1.91	592965	592965	141113
pr136.tsp	1.91	592965	592965	151170
pr136.tsp	1.90	592965	592965	156952
pr136.tsp	1.90	592965	592965	147939
pr136.tsp	1.90	592965	592965	144801
pr136.tsp	1.91	592965	592965	157938
pr144.tsp	1.98	592965	592965	134396
pr144.tsp	1.99	592965	592965	128101
pr144.tsp	2.00	592965	592965	130787
pr144.tsp	1.98	592965	592965	121746
pr144.tsp	2.00	592965	592965	112790
pr144.tsp	2.00	592965	592965	126919
pr144.tsp	1.99	592965	592965	126529
pr144.tsp	1.98	592965	592965	129169
pr144.tsp	2.00	592965	592965	121229
pr144.tsp	1.99	592965	592965	130230
pr152.tsp	2.06	592965	592965	184669
pr152.tsp	2.06	592965	592965	188274
pr152.tsp	2.07	592965	592965	165843
pr152.tsp	2.74	592965	592965	156839
pr152.tsp	2.09	592965	592965	159883
pr152.tsp	2.06	592965	592965	160124
pr152.tsp	2.09	592965	592965	154645
pr152.tsp	2.07	592965	592965	152794
pr152.tsp	2.08	592965	592965	149656
pr152.tsp	2.06	592965	592965	160839
pr226.tsp	2.90	592965	592965	266958
pr226.tsp	2.89	592965	592965	227481
pr226.tsp	2.90	592965	592965	234980
pr226.tsp	2.90	592965	592965	236194
pr226.tsp	2.88	592965	592965	220570
pr226.tsp	2.88	592965	592965	215761
pr226.tsp	2.88	592965	592965	252108
pr226.tsp	2.89	592965	592965	255339
pr226.tsp	2.88	592965	592965	243943
pr226.tsp	2.89	592965	592965	222628
pr264.tsp	3.28	592965	592965	148096
pr264.tsp	3.28	592965	592965	154149
pr264.tsp	4.02	592965	592965	148165
pr264.tsp	3.28	592965	592965	138064
pr264.tsp	3.28	592965	592965	148257
pr264.tsp	3.27	592965	592965	153750
pr264.tsp	3.27	592965	592965	143492
pr264.tsp	3.28	592965	592965	158834
pr264.tsp	3.28	592965	592965	165236
pr264.tsp	3.28	592965	592965	159443
pr299.tsp	3.68	592965	592965	99535
pr299.tsp	3.67	592965	592965	110880
pr299.tsp	3.67	592965	592965	104133
pr299.tsp	3.67	592965	592965	112928
pr299.tsp	3.67	592965	592965	106423
pr299.tsp	3.68	592965	592965	116999
pr299.tsp	3.68	592965	592965	100842
pr299.tsp	4.75	592965	592965	118993
pr299.tsp	3.68	592965	592965	108747
pr299.tsp	3.68	592965	592965	111821
pr439.tsp	5.34	592965	592965	308019
pr439.tsp	5.34	592965	592965	300788
pr439.tsp	5.33	592965	592965	310500
pr439.tsp	5.34	592965	592965	304385
pr439.tsp	5.35	592965	592965	281171
pr439.tsp	5.36	592965	592965	347458
pr439.tsp	5.35	592965	592965	298001
pr439.tsp	5.35	592965	592965	304471
pr439.tsp	5.35	592965	592965	308183
pr439.tsp	5.35	592965	592965	315200
pr76.tsp	1.22	592965	592965	126065
pr76.tsp	1.24	592965	592965	132988
pr76.tsp	1.23	592965	592965	132287
pr76.tsp	1.24	592965	592965	139970
pr76.tsp	1.24	592965	592965	123648
pr76.tsp	1.24	592965	592965	146270
pr76.tsp	1.22	592965	592965	143524
pr76.tsp	1.21	592965	592965	129948
pr76.tsp	1.22	592965	592965	139397
pr76.tsp	1.25	592965	592965	135465
rat575.tsp	7.38	592965	592965	17428
rat575.tsp	7.38	592965	592965	16845
rat575.tsp	7.36	592965	592965	17727
rat575.tsp	7.39	592965	592965	18028
rat575.tsp	7.39	592965	592965	17417
rat575.tsp	7.40	592965	592965	19100
rat575.tsp	7.36	592965	592965	17502
rat575.tsp	7.40	592965	592965	16635
rat575.tsp	7.35	592965	592965	17762
rat575.tsp	7.37	592965	592965	17384
rat783.tsp	10.31	592965	592965	29587
rat783.tsp	10.46	592965	592965	29628
rat783.tsp	10.38	592965	592965	28592
rat783.tsp	10.30	592965	592965	32043
rat783.tsp	10.31	592965	592965	29914
rat783.tsp	10.30	592965	592965	28372
rat783.tsp	10.26	592965	592965	28928
rat783.tsp	10.43	592965	592965	32016
rat783.tsp	10.30	592965	592965	28872
rat783.tsp	10.44	592965	592965	29420
rat99.tsp	1.50	592965	592965	1630
rat99.tsp	1.50	592965	592965	1741
rat99.tsp	1.49	592965	592965	1554
rat99.tsp	1.49	592965	592965	1594
rat99.tsp	1.50	592965	592965	1477
rat99.tsp	1.49	592965	592965	1531
rat99.tsp	1.48	592965	592965	1424
rat99.tsp	1.48	592965	592965	1644
rat99.tsp	1.50	592965	592965	1899
rat99.tsp	1.49	592965	592965	1364
