a280.tsp	1.55	263534	263534	6104
a280.tsp	1.56	263534	263534	6480
a280.tsp	1.56	263534	263534	5807
a280.tsp	1.55	263534	263534	6302
a280.tsp	1.55	263534	263534	6012
a280.tsp	1.56	263534	263534	6021
a280.tsp	1.55	263534	263534	5284
a280.tsp	1.55	263534	263534	6311
a280.tsp	1.56	263534	263534	6383
a280.tsp	1.55	263534	263534	6212
berlin52.tsp	0.44	263534	263534	9214
berlin52.tsp	0.44	263534	263534	8126
berlin52.tsp	0.47	263534	263534	8567
berlin52.tsp	0.43	263534	263534	8926
berlin52.tsp	0.44	263534	263534	9101
berlin52.tsp	0.44	263534	263534	8784
berlin52.tsp	0.44	263534	263534	8808
berlin52.tsp	0.44	263534	263534	8363
berlin52.tsp	0.42	263534	263534	8355
berlin52.tsp	0.44	263534	263534	8522
bier127.tsp	0.80	263534	263534	165049
bier127.tsp	0.80	263534	263534	166714
bier127.tsp	0.80	263534	263534	168803
bier127.tsp	0.80	263534	263534	167366
bier127.tsp	0.80	263534	263534	173022
bier127.tsp	0.80	263534	263534	174865
bier127.tsp	0.80	263534	263534	171593
bier127.tsp	0.80	263534	263534	171246
bier127.tsp	0.80	263534	263534	173621
bier127.tsp	0.80	263534	263534	163528
eil101.tsp	0.67	263534	263534	780
eil101.tsp	0.67	263534	263534	855
eil101.tsp	0.66	263534	263534	792
eil101.tsp	0.67	263534	263534	766
eil101.tsp	0.67	263534	263534	784
eil101.tsp	0.68	263534	263534	836
eil101.tsp	0.67	263534	263534	726
eil101.tsp	0.68	263534	263534	798
eil101.tsp	0.67	263534	263534	823
eil101.tsp	0.68	263534	263534	818
eil51.tsp	0.44	263534	263534	481
eil51.tsp	0.43	263534	263534	504
eil51.tsp	0.42	263534	263534	479
eil51.tsp	0.44	263534	263534	442
eil51.tsp	0.43	263534	263534	468
eil51.tsp	0.44	263534	263534	479
eil51.tsp	0.44	263534	263534	492
eil51.tsp	0.44	263534	263534	505
eil51.tsp	0.42	263534	263534	477
eil51.tsp	0.43	263534	263534	509
eil76.tsp	0.55	263534	263534	663
eil76.tsp	0.55	263534	263534	605
eil76.tsp	0.55	263534	263534	604
eil76.tsp	0.55	263534	263534	638
eil76.tsp	0.54	263534	263534	649
eil76.tsp	0.55	263534	263534	693
eil76.tsp	0.55	263534	263534	680
eil76.tsp	0.55	263534	263534	685
eil76.tsp	0.55	263534	263534	623
eil76.tsp	0.56	263534	263534	649
gil262.tsp	1.46	263534	263534	4821
gil262.tsp	1.46	263534	263534	4983
gil262.tsp	1.46	263534	263534	5230
gil262.tsp	1.50	263534	263534	5082
gil262.tsp	1.45	263534	263534	4977
gil262.tsp	1.46	263534	263534	4991
gil262.tsp	1.46	263534	263534	4715
gil262.tsp	1.46	263534	263534	5028
gil262.tsp	1.46	263534	263534	5122
gil262.tsp	1.46	263534	263534	5076
kroA100.tsp	0.65	263534	263534	30380
kroA100.tsp	0.66	263534	263534	30802
kroA100.tsp	0.66	263534	263534	28811
kroA100.tsp	0.67	263534	263534	31863
kroA100.tsp	0.66	263534	263534	30775
kroA100.tsp	0.67	263534	263534	28910
kroA100.tsp	0.66	263534	263534	32757
kroA100.tsp	0.65	263534	263534	30699
kroA100.tsp	0.67	263534	263534	28456
kroA100.tsp	0.67	263534	263534	34278
kroA150.tsp	0.91	263534	263534	46760
kroA150.tsp	0.91	263534	263534	45460
kroA150.tsp	0.91	263534	263534	53523
kroA150.tsp	0.92	263534	263534	43984
kroA150.tsp	0.92	263534	263534	42511
kroA150.tsp	0.91	263534	263534	45682
kroA150.tsp	0.92	263534	263534	43442
kroA150.tsp	0.91	263534	263534	49321
kroA150.tsp	0.91	263534	263534	44604
kroA150.tsp	0.91	263534	263534	46303
kroA200.tsp	1.16	263534	263534	58394
kroA200.tsp	1.16	263534	263534	56872
kroA200.tsp	1.15	263534	263534	58449
kroA200.tsp	1.15	263534	263534	56828
kroA200.tsp	1.15	263534	263534	60155
kroA200.tsp	1.15	263534	263534	58204
kroA200.tsp	1.16	263534	263534	59864
kroA200.tsp	1.15	263534	263534	54054
kroA200.tsp	1.16	263534	263534	59930
kroA200.tsp	1.16	263534	263534	61795
kroB100.tsp	0.67	263534	263534	33823
kroB100.tsp	0.67	263534	263534	31635
kroB100.tsp	0.66	263534	263534	34096
kroB100.tsp	0.66	263534	263534	29873
kroB100.tsp	0.66	263534	263534	32503
kroB100.tsp	0.65	263534	263534	34207
kroB100.tsp	0.66	263534	263534	32536
kroB100.tsp	0.66	263534	263534	35513
kroB100.tsp	0.66	263534	263534	32412
kroB100.tsp	0.66	263534	263534	33971
kroB150.tsp	0.91	263534	263534	42879
kroB150.tsp	0.92	263534	263534	45762
kroB150.tsp	0.92	263534	263534	43906
kroB150.tsp	0.91	263534	263534	50979
kroB150.tsp	0.92	263534	263534	43743
kroB150.tsp	0.91	263534	263534	53678
kroB150.tsp	0.91	263534	263534	48838
kroB150.tsp	0.92	263534	263534	43408
kroB150.tsp	0.92	263534	263534	45436
kroB150.tsp	0.91	263534	263534	44588
kroB200.tsp	1.15	263534	263534	61004
kroB200.tsp	1.15	263534	263534	58087
kroB200.tsp	1.16	263534	263534	56924
kroB200.tsp	1.15	263534	263534	57969
kroB200.tsp	1.16	263534	263534	55459
kroB200.tsp	1.16	263534	263534	59849
kroB200.tsp	1.15	263534	263534	56198
kroB200.tsp	1.17	263534	263534	59729
kroB200.tsp	1.16	263534	263534	56149
kroB200.tsp	1.16	263534	263534	53075
kroC100.tsp	0.66	263534	263534	33383
kroC100.tsp	0.67	263534	263534	29400
kroC100.tsp	0.67	263534	263534	31195
kroC100.tsp	0.66	263534	263534	34799
kroC100.tsp	0.66	263534	263534	31566
kroC100.tsp	0.66	263534	263534	32035
kroC100.tsp	0.65	263534	263534	31049
kroC100.tsp	0.66	263534	263534	30564
kroC100.tsp	0.67	263534	263534	33594
kroC100.tsp	0.67	263534	263534	33371
kroD100.tsp	0.65	263534	263534	34763
kroD100.tsp	0.67	263534	263534	32477
kroD100.tsp	0.66	263534	263534	28151
kroD100.tsp	0.65	263534	263534	30962
kroD100.tsp	0.65	263534	263534	31310
kroD100.tsp	0.66	263534	263534	35508
kroD100.tsp	0.67	263534	263534	31901
kroD100.tsp	0.66	263534	263534	31330
kroD100.tsp	0.67	263534	263534	31866
kroD100.tsp	0.67	263534	263534	30291
kroE100.tsp	0.65	263534	263534	37070
kroE100.tsp	0.65	263534	263534	30820
kroE100.tsp	0.65	263534	263534	34336
kroE100.tsp	0.65	263534	263534	32692
kroE100.tsp	0.65	263534	263534	32877
kroE100.tsp	0.67	263534	263534	28859
kroE100.tsp	0.66	263534	263534	31770
kroE100.tsp	0.67	263534	263534	34897
kroE100.tsp	0.66	263534	263534	31336
kroE100.tsp	0.68	263534	263534	35050
lin105.tsp	0.68	263534	263534	23502
lin105.tsp	0.68	263534	263534	21796
lin105.tsp	0.67	263534	263534	22325
lin105.tsp	0.68	263534	263534	22558
lin105.tsp	0.68	263534	263534	23021
lin105.tsp	0.68	263534	263534	24001
lin105.tsp	0.68	263534	263534	22000
lin105.tsp	0.70	263534	263534	22941
lin105.tsp	0.68	263534	263534	26224
lin105.tsp	0.68	263534	263534	22893
lin318.tsp	1.73	263534	263534	109967
lin318.tsp	1.74	263534	263534	106128
lin318.tsp	1.74	263534	263534	100238
lin318.tsp	1.73	263534	263534	114668
lin318.tsp	1.74	263534	263534	116998
lin318.tsp	1.74	263534	263534	109986
lin318.tsp	1.73	263534	263534	117021
lin318.tsp	1.73	263534	263534	110436
lin318.tsp	1.73	263534	263534	94850
lin318.tsp	1.74	263534	263534	111156
linhp318.tsp	1.74	263534	263534	106874
linhp318.tsp	1.74	263534	263534	103846
linhp318.tsp	1.74	263534	263534	116542
linhp318.tsp	1.74	263534	263534	96802
linhp318.tsp	1.73	263534	263534	118179
linhp318.tsp	1.73	263534	263534	103540
linhp318.tsp	1.75	263534	263534	104053
linhp318.tsp	1.73	263534	263534	117512
linhp318.tsp	1.74	263534	263534	105641
linhp318.tsp	1.74	263534	263534	108453
pr107.tsp	0.69	263534	263534	95586
pr107.tsp	0.69	263534	263534	95985
pr107.tsp	0.69	263534	263534	82465
pr107.tsp	0.69	263534	263534	72133
pr107.tsp	0.69	263534	263534	83896
pr107.tsp	0.70	263534	263534	104218
pr107.tsp	0.69	263534	263534	95688
pr107.tsp	0.70	263534	263534	81845
pr107.tsp	0.70	263534	263534	96054
pr107.tsp	0.69	263534	263534	82174
pr124.tsp	0.77	263534	263534	114910
pr124.tsp	0.77	263534	263534	99415
pr124.tsp	0.77	263534	263534	136946
pr124.tsp	0.78	263534	263534	111178
pr124.tsp	0.78	263534	263534	122214
pr124.tsp	0.77	263534	263534	101771
pr124.tsp	0.77	263534	263534	116809
pr124.tsp	0.77	263534	263534	108321
pr124.tsp	0.77	263534	263534	111333
pr124.tsp	0.77	263534	263534	125875
pr136.tsp	0.84	263534	263534	147144
pr136.tsp	0.85	263534	263534	161635
pr136.tsp	0.85	263534	263534	146218
pr136.tsp	0.85	263534	263534	178226
pr136.tsp	0.84	263534	263534	156641
pr136.tsp	0.84	263534	263534	168810
pr136.tsp	0.84	263534	263534	155802
pr136.tsp	0.85	263534	263534	155225
pr136.tsp	0.84	263534	263534	165272
pr136.tsp	0.84	263534	263534	153660
pr144.tsp	0.88	263534	263534	128009
pr144.tsp	0.88	263534	263534	150881
pr144.tsp	0.88	263534	263534	133217
pr144.tsp	0.88	263534	263534	142792
pr144.tsp	0.88	263534	263534	143182
pr144.tsp	0.89	263534	263534	141121
pr144.tsp	0.88	263534	263534	139386
pr144.tsp	0.88	263534	263534	130887
pr144.tsp	0.88	263534	263534	138306
pr144.tsp	0.88	263534	263534	149295
pr152.tsp	0.92	263534	263534	161260
pr152.tsp	0.92	263534	263534	193441
pr152.tsp	0.92	263534	263534	212280
pr152.tsp	0.92	263534	263534	167570
pr152.tsp	0.92	263534	263534	165897
pr152.tsp	0.92	263534	263534	161590
pr152.tsp	0.92	263534	263534	191634
pr152.tsp	0.92	263534	263534	172259
pr152.tsp	0.92	263534	263534	154952
pr152.tsp	0.92	263534	263534	187376
pr226.tsp	1.28	263534	263534	292059
pr226.tsp	1.28	263534	263534	242629
pr226.tsp	1.28	263534	263534	268033
pr226.tsp	1.28	263534	263534	290202
pr226.tsp	1.28	263534	263534	272385
pr226.tsp	1.28	263534	263534	292547
pr226.tsp	1.28	263534	263534	247774
pr226.tsp	1.28	263534	263534	296203
pr226.tsp	1.29	263534	263534	263404
pr226.tsp	1.28	263534	263534	245720
pr264.tsp	1.46	263534	263534	184882
pr264.tsp	1.46	263534	263534	174560
pr264.tsp	1.45	263534	263534	171429
pr264.tsp	1.46	263534	263534	150012
pr264.tsp	1.46	263534	263534	198598
pr264.tsp	1.45	263534	263534	194262
pr264.tsp	1.46	263534	263534	182155
pr264.tsp	1.46	263534	263534	162558
pr264.tsp	1.45	263534	263534	187739
pr264.tsp	1.90	263534	263534	166351
pr299.tsp	1.64	263534	263534	120987
pr299.tsp	1.64	263534	263534	122928
pr299.tsp	1.63	263534	263534	121495
pr299.tsp	1.64	263534	263534	136630
pr299.tsp	1.63	263534	263534	127031
pr299.tsp	1.64	263534	263534	119610
pr299.tsp	1.63	263534	263534	113754
pr299.tsp	1.64	263534	263534	123464
pr299.tsp	1.64	263534	263534	138591
pr299.tsp	1.63	263534	263534	119648
pr439.tsp	2.37	263534	263534	370129
pr439.tsp	2.37	263534	263534	346990
pr439.tsp	2.38	263534	263534	385556
pr439.tsp	2.38	263534	263534	365380
pr439.tsp	2.38	263534	263534	365864
pr439.tsp	2.36	263534	263534	380974
pr439.tsp	2.38	263534	263534	345668
pr439.tsp	2.39	263534	263534	316971
pr439.tsp	2.37	263534	263534	381541
pr439.tsp	2.38	263534	263534	339235
pr76.tsp	0.54	263534	263534	144524
pr76.tsp	0.54	263534	263534	146598
pr76.tsp	0.55	263534	263534	136920
pr76.tsp	0.54	263534	263534	125341
pr76.tsp	0.54	263534	263534	140479
pr76.tsp	0.54	263534	263534	139289
pr76.tsp	0.55	263534	263534	125708
pr76.tsp	0.54	263534	263534	147183
pr76.tsp	0.55	263534	263534	146417
pr76.tsp	0.55	263534	263534	136109
rat575.tsp	3.27	263534	263534	21213
rat575.tsp	3.28	263534	263534	20963
rat575.tsp	3.29	263534	263534	21040
rat575.tsp	3.29	263534	263534	20094
rat575.tsp	3.27	263534	263534	19729
rat575.tsp	3.28	263534	263534	20497
rat575.tsp	3.27	263534	263534	20789
rat575.tsp	3.27	263534	263534	20624
rat575.tsp	3.25	263534	263534	20951
rat575.tsp	3.27	263534	263534	21409
rat783.tsp	4.59	263534	263534	35778
rat783.tsp	4.57	263534	263534	35889
rat783.tsp	4.56	263534	263534	36281
rat783.tsp	4.57	263534	263534	36314
rat783.tsp	4.58	263534	263534	36342
rat783.tsp	4.56	263534	263534	36489
rat783.tsp	4.65	263534	263534	38437
rat783.tsp	4.58	263534	263534	36063
rat783.tsp	4.58	263534	263534	33887
rat783.tsp	4.61	263534	263534	35043
rat99.tsp	0.66	263534	263534	1742
rat99.tsp	0.66	263534	263534	1664
rat99.tsp	0.66	263534	263534	1583
rat99.tsp	0.66	263534	263534	1685
rat99.tsp	0.66	263534	263534	1615
rat99.tsp	0.66	263534	263534	1678
rat99.tsp	0.67	263534	263534	1690
rat99.tsp	0.66	263534	263534	1661
rat99.tsp	0.66	263534	263534	1541
rat99.tsp	0.66	263534	263534	1611
