a280.tsp	139.88	23718988	23718988	3379
a280.tsp	139.81	23718988	23718988	3507
a280.tsp	139.46	23718988	23718988	3437
a280.tsp	139.25	23718988	23718988	3398
a280.tsp	140.14	23718988	23718988	3638
a280.tsp	139.81	23718988	23718988	3641
a280.tsp	139.90	23718988	23718988	3409
a280.tsp	139.28	23718988	23718988	3402
a280.tsp	139.95	23718988	23718988	3542
a280.tsp	139.32	23718988	23718988	3295
berlin52.tsp	39.37	23718988	23718988	7653
berlin52.tsp	39.22	23718988	23718988	7764
berlin52.tsp	39.24	23718988	23718988	8024
berlin52.tsp	39.50	23718988	23718988	7847
berlin52.tsp	39.04	23718988	23718988	7689
berlin52.tsp	38.96	23718988	23718988	7900
berlin52.tsp	39.27	23718988	23718988	7742
berlin52.tsp	39.16	23718988	23718988	8025
berlin52.tsp	39.03	23718988	23718988	7739
berlin52.tsp	39.30	23718988	23718988	7954
bier127.tsp	72.28	23718988	23718988	131050
bier127.tsp	72.19	23718988	23718988	128789
bier127.tsp	73.26	23718988	23718988	129207
bier127.tsp	72.69	23718988	23718988	128089
bier127.tsp	72.48	23718988	23718988	135401
bier127.tsp	72.74	23718988	23718988	133553
bier127.tsp	71.88	23718988	23718988	129902
bier127.tsp	72.26	23718988	23718988	136054
bier127.tsp	72.45	23718988	23718988	134364
bier127.tsp	72.64	23718988	23718988	128817
eil101.tsp	60.41	23718988	23718988	643
eil101.tsp	61.22	23718988	23718988	669
eil101.tsp	60.86	23718988	23718988	679
eil101.tsp	60.94	23718988	23718988	648
eil101.tsp	60.42	23718988	23718988	659
eil101.tsp	60.66	23718988	23718988	661
eil101.tsp	61.00	23718988	23718988	662
eil101.tsp	60.64	23718988	23718988	675
eil101.tsp	60.53	23718988	23718988	650
eil101.tsp	60.64	23718988	23718988	651
eil51.tsp	39.82	23718988	23718988	437
eil51.tsp	39.28	23718988	23718988	435
eil51.tsp	39.75	23718988	23718988	423
eil51.tsp	39.90	23718988	23718988	426
eil51.tsp	38.60	23718988	23718988	428
eil51.tsp	39.00	23718988	23718988	452
eil51.tsp	38.88	23718988	23718988	432
eil51.tsp	39.44	23718988	23718988	424
eil51.tsp	39.84	23718988	23718988	433
eil51.tsp	39.70	23718988	23718988	434
eil76.tsp	49.82	23718988	23718988	581
eil76.tsp	49.82	23718988	23718988	559
eil76.tsp	49.73	23718988	23718988	553
eil76.tsp	50.00	23718988	23718988	556
eil76.tsp	50.07	23718988	23718988	547
eil76.tsp	49.76	23718988	23718988	584
eil76.tsp	49.80	23718988	23718988	562
eil76.tsp	49.99	23718988	23718988	566
eil76.tsp	58.82	23718988	23718988	547
eil76.tsp	50.11	23718988	23718988	564
gil262.tsp	131.27	23718988	23718988	3024
gil262.tsp	131.76	23718988	23718988	2893
gil262.tsp	131.39	23718988	23718988	2918
gil262.tsp	131.41	23718988	23718988	3006
gil262.tsp	131.28	23718988	23718988	3199
gil262.tsp	131.56	23718988	23718988	3238
gil262.tsp	131.73	23718988	23718988	2997
gil262.tsp	131.49	23718988	23718988	2983
gil262.tsp	131.75	23718988	23718988	3071
gil262.tsp	131.02	23718988	23718988	2878
kroA100.tsp	60.13	23718988	23718988	23224
kroA100.tsp	59.06	23718988	23718988	23905
kroA100.tsp	59.05	23718988	23718988	24760
kroA100.tsp	60.68	23718988	23718988	24679
kroA100.tsp	59.34	23718988	23718988	24494
kroA100.tsp	60.24	23718988	23718988	22498
kroA100.tsp	61.02	23718988	23718988	23356
kroA100.tsp	60.58	23718988	23718988	24187
kroA100.tsp	58.61	23718988	23718988	24313
kroA100.tsp	59.57	23718988	23718988	23149
kroA150.tsp	81.90	23718988	23718988	31037
kroA150.tsp	82.81	23718988	23718988	30760
kroA150.tsp	82.42	23718988	23718988	30170
kroA150.tsp	82.27	23718988	23718988	31186
kroA150.tsp	82.63	23718988	23718988	31390
kroA150.tsp	82.62	23718988	23718988	30899
kroA150.tsp	82.42	23718988	23718988	30771
kroA150.tsp	82.10	23718988	23718988	30141
kroA150.tsp	81.87	23718988	23718988	32231
kroA150.tsp	81.94	23718988	23718988	32007
kroA200.tsp	103.29	23718988	23718988	36828
kroA200.tsp	103.85	23718988	23718988	36165
kroA200.tsp	104.70	23718988	23718988	40483
kroA200.tsp	105.17	23718988	23718988	35533
kroA200.tsp	115.44	23718988	23718988	34484
kroA200.tsp	104.98	23718988	23718988	37152
kroA200.tsp	103.70	23718988	23718988	34581
kroA200.tsp	104.09	23718988	23718988	36434
kroA200.tsp	104.63	23718988	23718988	36519
kroA200.tsp	104.97	23718988	23718988	36262
kroB100.tsp	59.06	23718988	23718988	23594
kroB100.tsp	59.35	23718988	23718988	25116
kroB100.tsp	59.92	23718988	23718988	25712
kroB100.tsp	58.84	23718988	23718988	24930
kroB100.tsp	60.64	23718988	23718988	24374
kroB100.tsp	59.14	23718988	23718988	24978
kroB100.tsp	59.25	23718988	23718988	24025
kroB100.tsp	60.10	23718988	23718988	23116
kroB100.tsp	59.26	23718988	23718988	24086
kroB100.tsp	60.54	23718988	23718988	23565
kroB150.tsp	82.19	23718988	23718988	31896
kroB150.tsp	82.51	23718988	23718988	29962
kroB150.tsp	82.28	23718988	23718988	32671
kroB150.tsp	82.26	23718988	23718988	28194
kroB150.tsp	82.26	23718988	23718988	32425
kroB150.tsp	82.57	23718988	23718988	29890
kroB150.tsp	82.07	23718988	23718988	30925
kroB150.tsp	81.89	23718988	23718988	28668
kroB150.tsp	82.24	23718988	23718988	30505
kroB150.tsp	82.37	23718988	23718988	28430
kroB200.tsp	104.94	23718988	23718988	37446
kroB200.tsp	104.18	23718988	23718988	35189
kroB200.tsp	105.25	23718988	23718988	35765
kroB200.tsp	103.86	23718988	23718988	35662
kroB200.tsp	103.88	23718988	23718988	37129
kroB200.tsp	104.60	23718988	23718988	36685
kroB200.tsp	104.06	23718988	23718988	36623
kroB200.tsp	104.68	23718988	23718988	36244
kroB200.tsp	103.51	23718988	23718988	38288
kroB200.tsp	103.83	23718988	23718988	38086
kroC100.tsp	60.28	23718988	23718988	21799
kroC100.tsp	60.31	23718988	23718988	23147
kroC100.tsp	59.30	23718988	23718988	24028
kroC100.tsp	60.43	23718988	23718988	23403
kroC100.tsp	59.09	23718988	23718988	24210
kroC100.tsp	58.96	23718988	23718988	23327
kroC100.tsp	59.36	23718988	23718988	24442
kroC100.tsp	60.03	23718988	23718988	23343
kroC100.tsp	60.38	23718988	23718988	23254
kroC100.tsp	60.27	23718988	23718988	23911
kroD100.tsp	59.96	23718988	23718988	22766
kroD100.tsp	59.20	23718988	23718988	22736
kroD100.tsp	60.51	23718988	23718988	24007
kroD100.tsp	58.74	23718988	23718988	24020
kroD100.tsp	59.22	23718988	23718988	23789
kroD100.tsp	58.91	23718988	23718988	22872
kroD100.tsp	59.32	23718988	23718988	23467
kroD100.tsp	60.37	23718988	23718988	23915
kroD100.tsp	59.13	23718988	23718988	24136
kroD100.tsp	60.56	23718988	23718988	23814
kroE100.tsp	59.06	23718988	23718988	24191
kroE100.tsp	60.34	23718988	23718988	24982
kroE100.tsp	60.10	23718988	23718988	23470
kroE100.tsp	60.79	23718988	23718988	24342
kroE100.tsp	60.22	23718988	23718988	23646
kroE100.tsp	60.24	23718988	23718988	24500
kroE100.tsp	59.00	23718988	23718988	24403
kroE100.tsp	58.85	23718988	23718988	25109
kroE100.tsp	60.21	23718988	23718988	25773
kroE100.tsp	60.64	23718988	23718988	24671
lin105.tsp	61.25	23718988	23718988	17549
lin105.tsp	61.78	23718988	23718988	17022
lin105.tsp	80.59	23718988	23718988	15979
lin105.tsp	61.64	23718988	23718988	17267
lin105.tsp	61.71	23718988	23718988	16029
lin105.tsp	62.55	23718988	23718988	15941
lin105.tsp	60.80	23718988	23718988	16466
lin105.tsp	62.56	23718988	23718988	16418
lin105.tsp	61.90	23718988	23718988	16196
lin105.tsp	61.06	23718988	23718988	15407
lin318.tsp	156.25	23718988	23718988	58259
lin318.tsp	155.70	23718988	23718988	58603
lin318.tsp	155.81	23718988	23718988	60130
lin318.tsp	155.20	23718988	23718988	61352
lin318.tsp	163.39	23718988	23718988	58512
lin318.tsp	155.00	23718988	23718988	63016
lin318.tsp	155.72	23718988	23718988	66988
lin318.tsp	155.04	23718988	23718988	58891
lin318.tsp	155.38	23718988	23718988	55501
lin318.tsp	156.56	23718988	23718988	61004
linhp318.tsp	154.90	23718988	23718988	61133
linhp318.tsp	155.97	23718988	23718988	60390
linhp318.tsp	156.22	23718988	23718988	58470
linhp318.tsp	156.03	23718988	23718988	62041
linhp318.tsp	194.86	23718988	23718988	59179
linhp318.tsp	156.14	23718988	23718988	60116
linhp318.tsp	155.72	23718988	23718988	55546
linhp318.tsp	156.18	23718988	23718988	67578
linhp318.tsp	156.01	23718988	23718988	61707
linhp318.tsp	155.57	23718988	23718988	61625
pr107.tsp	62.38	23718988	23718988	47491
pr107.tsp	62.60	23718988	23718988	48667
pr107.tsp	62.37	23718988	23718988	49426
pr107.tsp	75.39	23718988	23718988	59125
pr107.tsp	62.78	23718988	23718988	45576
pr107.tsp	62.55	23718988	23718988	49606
pr107.tsp	62.52	23718988	23718988	50277
pr107.tsp	62.44	23718988	23718988	59844
pr107.tsp	62.30	23718988	23718988	49263
pr107.tsp	62.42	23718988	23718988	49017
pr124.tsp	70.41	23718988	23718988	69533
pr124.tsp	70.61	23718988	23718988	70151
pr124.tsp	69.89	23718988	23718988	66383
pr124.tsp	69.34	23718988	23718988	64921
pr124.tsp	69.54	23718988	23718988	63358
pr124.tsp	69.65	23718988	23718988	67946
pr124.tsp	70.16	23718988	23718988	65266
pr124.tsp	69.94	23718988	23718988	69778
pr124.tsp	70.48	23718988	23718988	70881
pr124.tsp	69.47	23718988	23718988	64829
pr136.tsp	75.53	23718988	23718988	111528
pr136.tsp	76.18	23718988	23718988	113689
pr136.tsp	75.83	23718988	23718988	115007
pr136.tsp	76.52	23718988	23718988	108025
pr136.tsp	75.98	23718988	23718988	111200
pr136.tsp	76.35	23718988	23718988	114391
pr136.tsp	76.34	23718988	23718988	105182
pr136.tsp	92.28	23718988	23718988	115630
pr136.tsp	76.46	23718988	23718988	112954
pr136.tsp	76.16	23718988	23718988	104706
pr144.tsp	79.95	23718988	23718988	85331
pr144.tsp	80.15	23718988	23718988	81585
pr144.tsp	80.10	23718988	23718988	73531
pr144.tsp	79.43	23718988	23718988	81590
pr144.tsp	79.87	23718988	23718988	72690
pr144.tsp	80.36	23718988	23718988	76416
pr144.tsp	78.98	23718988	23718988	74685
pr144.tsp	79.83	23718988	23718988	85746
pr144.tsp	79.74	23718988	23718988	81241
pr144.tsp	79.10	23718988	23718988	73475
pr152.tsp	82.99	23718988	23718988	92484
pr152.tsp	83.66	23718988	23718988	81391
pr152.tsp	83.04	23718988	23718988	94114
pr152.tsp	82.74	23718988	23718988	106090
pr152.tsp	82.94	23718988	23718988	87567
pr152.tsp	83.62	23718988	23718988	92391
pr152.tsp	82.36	23718988	23718988	102561
pr152.tsp	83.32	23718988	23718988	89832
pr152.tsp	83.05	23718988	23718988	91332
pr152.tsp	82.98	23718988	23718988	96567
pr226.tsp	115.84	23718988	23718988	121133
pr226.tsp	114.65	23718988	23718988	142614
pr226.tsp	115.42	23718988	23718988	131808
pr226.tsp	115.81	23718988	23718988	125279
pr226.tsp	115.81	23718988	23718988	135239
pr226.tsp	116.09	23718988	23718988	139182
pr226.tsp	115.93	23718988	23718988	132358
pr226.tsp	115.96	23718988	23718988	123339
pr226.tsp	115.20	23718988	23718988	120333
pr226.tsp	115.44	23718988	23718988	140215
pr264.tsp	130.56	23718988	23718988	93660
pr264.tsp	130.99	23718988	23718988	85435
pr264.tsp	131.54	23718988	23718988	72913
pr264.tsp	131.21	23718988	23718988	89138
pr264.tsp	130.88	23718988	23718988	72846
pr264.tsp	131.12	23718988	23718988	77713
pr264.tsp	130.78	23718988	23718988	84487
pr264.tsp	131.01	23718988	23718988	93844
pr264.tsp	130.70	23718988	23718988	85890
pr264.tsp	130.92	23718988	23718988	72843
pr299.tsp	147.09	23718988	23718988	66314
pr299.tsp	147.11	23718988	23718988	60788
pr299.tsp	146.39	23718988	23718988	65876
pr299.tsp	146.93	23718988	23718988	65604
pr299.tsp	146.91	23718988	23718988	74240
pr299.tsp	146.98	23718988	23718988	66071
pr299.tsp	146.47	23718988	23718988	63957
pr299.tsp	147.04	23718988	23718988	64581
pr299.tsp	146.65	23718988	23718988	70263
pr299.tsp	147.07	23718988	23718988	63763
pr439.tsp	214.90	23718988	23718988	173602
pr439.tsp	213.43	23718988	23718988	169731
pr439.tsp	214.76	23718988	23718988	175571
pr439.tsp	213.77	23718988	23718988	177029
pr439.tsp	213.65	23718988	23718988	172711
pr439.tsp	213.46	23718988	23718988	168296
pr439.tsp	212.79	23718988	23718988	167169
pr439.tsp	214.16	23718988	23718988	179143
pr439.tsp	213.67	23718988	23718988	171699
pr439.tsp	214.87	23718988	23718988	178956
pr76.tsp	50.05	23718988	23718988	111551
pr76.tsp	49.95	23718988	23718988	118537
pr76.tsp	49.86	23718988	23718988	110630
pr76.tsp	49.72	23718988	23718988	117617
pr76.tsp	48.71	23718988	23718988	112476
pr76.tsp	48.62	23718988	23718988	114233
pr76.tsp	49.74	23718988	23718988	116931
pr76.tsp	48.72	23718988	23718988	116719
pr76.tsp	48.62	23718988	23718988	115910
pr76.tsp	49.67	23718988	23718988	113361
rat575.tsp	295.61	23718988	23718988	9789
rat575.tsp	295.93	23718988	23718988	9950
rat575.tsp	295.57	23718988	23718988	9959
rat575.tsp	295.43	23718988	23718988	10095
rat575.tsp	295.57	23718988	23718988	9777
rat575.tsp	295.38	23718988	23718988	10101
rat575.tsp	294.94	23718988	23718988	9802
rat575.tsp	295.35	23718988	23718988	10073
rat575.tsp	295.93	23718988	23718988	10544
rat575.tsp	295.42	23718988	23718988	10255
rat783.tsp	414.14	23718988	23718988	14633
rat783.tsp	412.58	23718988	23718988	15655
rat783.tsp	412.51	23718988	23718988	16291
rat783.tsp	413.60	23718988	23718988	16085
rat783.tsp	412.02	23718988	23718988	15464
rat783.tsp	413.34	23718988	23718988	15313
rat783.tsp	411.40	23718988	23718988	15518
rat783.tsp	413.03	23718988	23718988	14950
rat783.tsp	414.72	23718988	23718988	16084
rat783.tsp	412.30	23718988	23718988	16313
rat99.tsp	59.71	23718988	23718988	1319
rat99.tsp	59.58	23718988	23718988	1345
rat99.tsp	59.80	23718988	23718988	1381
rat99.tsp	59.15	23718988	23718988	1385
rat99.tsp	60.07	23718988	23718988	1285
rat99.tsp	59.50	23718988	23718988	1303
rat99.tsp	59.89	23718988	23718988	1312
rat99.tsp	59.84	23718988	23718988	1328
rat99.tsp	60.06	23718988	23718988	1305
rat99.tsp	59.43	23718988	23718988	1318
