a280.tsp	5.24	867375	867375	5252
a280.tsp	5.15	867375	867375	4965
a280.tsp	5.15	867375	867375	5204
a280.tsp	5.20	867375	867375	4606
a280.tsp	5.16	867375	867375	5177
a280.tsp	5.27	867375	867375	5317
a280.tsp	5.14	867375	867375	5088
a280.tsp	5.13	867375	867375	5180
a280.tsp	5.27	867375	867375	5059
a280.tsp	5.14	867375	867375	4869
berlin52.tsp	1.43	867375	867375	8084
berlin52.tsp	1.44	867375	867375	8143
berlin52.tsp	1.46	867375	867375	8349
berlin52.tsp	1.58	867375	867375	8386
berlin52.tsp	1.48	867375	867375	8703
berlin52.tsp	1.47	867375	867375	8003
berlin52.tsp	1.48	867375	867375	8474
berlin52.tsp	1.43	867375	867375	8308
berlin52.tsp	1.45	867375	867375	8092
berlin52.tsp	1.44	867375	867375	8287
bier127.tsp	2.69	867375	867375	152476
bier127.tsp	2.66	867375	867375	156527
bier127.tsp	2.64	867375	867375	153793
bier127.tsp	2.64	867375	867375	155144
bier127.tsp	2.66	867375	867375	160964
bier127.tsp	2.66	867375	867375	151907
bier127.tsp	2.74	867375	867375	153327
bier127.tsp	2.66	867375	867375	146421
bier127.tsp	2.66	867375	867375	154209
bier127.tsp	2.64	867375	867375	145817
eil101.tsp	2.22	867375	867375	781
eil101.tsp	2.27	867375	867375	755
eil101.tsp	2.21	867375	867375	709
eil101.tsp	2.22	867375	867375	741
eil101.tsp	2.26	867375	867375	703
eil101.tsp	2.25	867375	867375	744
eil101.tsp	2.25	867375	867375	755
eil101.tsp	2.22	867375	867375	729
eil101.tsp	2.24	867375	867375	808
eil101.tsp	2.21	867375	867375	773
eil51.tsp	1.38	867375	867375	471
eil51.tsp	1.42	867375	867375	429
eil51.tsp	1.42	867375	867375	441
eil51.tsp	1.45	867375	867375	454
eil51.tsp	1.45	867375	867375	443
eil51.tsp	1.47	867375	867375	463
eil51.tsp	1.43	867375	867375	430
eil51.tsp	1.42	867375	867375	461
eil51.tsp	1.42	867375	867375	463
eil51.tsp	1.44	867375	867375	464
eil76.tsp	1.83	867375	867375	632
eil76.tsp	1.88	867375	867375	593
eil76.tsp	1.82	867375	867375	575
eil76.tsp	1.85	867375	867375	623
eil76.tsp	1.85	867375	867375	586
eil76.tsp	1.86	867375	867375	586
eil76.tsp	1.82	867375	867375	633
eil76.tsp	1.84	867375	867375	601
eil76.tsp	1.83	867375	867375	585
eil76.tsp	1.82	867375	867375	612
gil262.tsp	4.84	867375	867375	3983
gil262.tsp	4.83	867375	867375	4292
gil262.tsp	4.84	867375	867375	4600
gil262.tsp	4.84	867375	867375	4468
gil262.tsp	4.81	867375	867375	4497
gil262.tsp	4.87	867375	867375	4142
gil262.tsp	4.84	867375	867375	4083
gil262.tsp	4.81	867375	867375	4567
gil262.tsp	4.82	867375	867375	4757
gil262.tsp	4.82	867375	867375	4263
kroA100.tsp	2.21	867375	867375	28745
kroA100.tsp	2.20	867375	867375	27114
kroA100.tsp	2.18	867375	867375	29656
kroA100.tsp	2.17	867375	867375	28702
kroA100.tsp	2.16	867375	867375	32487
kroA100.tsp	2.22	867375	867375	29595
kroA100.tsp	2.21	867375	867375	32327
kroA100.tsp	2.21	867375	867375	26901
kroA100.tsp	2.22	867375	867375	29401
kroA100.tsp	2.16	867375	867375	31274
kroA150.tsp	3.04	867375	867375	38375
kroA150.tsp	3.03	867375	867375	42389
kroA150.tsp	3.07	867375	867375	44518
kroA150.tsp	4.02	867375	867375	39006
kroA150.tsp	3.05	867375	867375	40643
kroA150.tsp	3.08	867375	867375	44148
kroA150.tsp	3.01	867375	867375	37649
kroA150.tsp	3.02	867375	867375	35772
kroA150.tsp	3.04	867375	867375	43620
kroA150.tsp	3.00	867375	867375	37496
kroA200.tsp	3.85	867375	867375	49269
kroA200.tsp	3.90	867375	867375	53868
kroA200.tsp	3.90	867375	867375	51723
kroA200.tsp	3.84	867375	867375	54616
kroA200.tsp	3.82	867375	867375	48432
kroA200.tsp	3.88	867375	867375	49167
kroA200.tsp	3.90	867375	867375	56853
kroA200.tsp	3.85	867375	867375	55767
kroA200.tsp	3.83	867375	867375	46933
kroA200.tsp	3.81	867375	867375	46562
kroB100.tsp	2.16	867375	867375	27138
kroB100.tsp	2.19	867375	867375	30062
kroB100.tsp	2.86	867375	867375	30317
kroB100.tsp	2.17	867375	867375	31127
kroB100.tsp	2.16	867375	867375	28548
kroB100.tsp	2.16	867375	867375	29953
kroB100.tsp	2.39	867375	867375	30244
kroB100.tsp	2.24	867375	867375	29301
kroB100.tsp	2.24	867375	867375	29184
kroB100.tsp	2.22	867375	867375	31110
kroB150.tsp	3.08	867375	867375	41095
kroB150.tsp	3.06	867375	867375	38294
kroB150.tsp	3.07	867375	867375	41468
kroB150.tsp	3.06	867375	867375	38150
kroB150.tsp	3.03	867375	867375	41536
kroB150.tsp	3.03	867375	867375	43531
kroB150.tsp	3.03	867375	867375	44100
kroB150.tsp	3.02	867375	867375	45033
kroB150.tsp	3.03	867375	867375	44928
kroB150.tsp	3.02	867375	867375	40072
kroB200.tsp	3.83	867375	867375	53284
kroB200.tsp	3.82	867375	867375	49210
kroB200.tsp	3.84	867375	867375	50354
kroB200.tsp	3.82	867375	867375	48459
kroB200.tsp	3.82	867375	867375	52525
kroB200.tsp	3.81	867375	867375	47400
kroB200.tsp	3.82	867375	867375	51395
kroB200.tsp	3.85	867375	867375	49723
kroB200.tsp	3.84	867375	867375	51309
kroB200.tsp	3.83	867375	867375	45119
kroC100.tsp	2.20	867375	867375	28590
kroC100.tsp	2.15	867375	867375	33193
kroC100.tsp	2.20	867375	867375	29792
kroC100.tsp	2.21	867375	867375	30077
kroC100.tsp	2.18	867375	867375	30482
kroC100.tsp	2.27	867375	867375	28824
kroC100.tsp	2.18	867375	867375	32032
kroC100.tsp	2.23	867375	867375	26378
kroC100.tsp	2.22	867375	867375	29936
kroC100.tsp	2.21	867375	867375	28621
kroD100.tsp	2.21	867375	867375	28133
kroD100.tsp	2.17	867375	867375	34147
kroD100.tsp	2.21	867375	867375	26254
kroD100.tsp	2.18	867375	867375	29578
kroD100.tsp	2.22	867375	867375	30166
kroD100.tsp	2.16	867375	867375	26452
kroD100.tsp	2.17	867375	867375	28484
kroD100.tsp	2.19	867375	867375	30700
kroD100.tsp	2.22	867375	867375	30112
kroD100.tsp	2.16	867375	867375	28046
kroE100.tsp	2.29	867375	867375	30169
kroE100.tsp	2.21	867375	867375	29061
kroE100.tsp	2.20	867375	867375	32126
kroE100.tsp	2.19	867375	867375	26624
kroE100.tsp	2.21	867375	867375	28041
kroE100.tsp	2.82	867375	867375	27686
kroE100.tsp	2.29	867375	867375	29747
kroE100.tsp	2.16	867375	867375	27309
kroE100.tsp	2.26	867375	867375	27281
kroE100.tsp	2.22	867375	867375	31432
lin105.tsp	2.26	867375	867375	21279
lin105.tsp	2.26	867375	867375	21470
lin105.tsp	2.25	867375	867375	19231
lin105.tsp	2.27	867375	867375	20877
lin105.tsp	2.27	867375	867375	19576
lin105.tsp	2.22	867375	867375	18383
lin105.tsp	2.26	867375	867375	19629
lin105.tsp	2.42	867375	867375	22131
lin105.tsp	2.28	867375	867375	22941
lin105.tsp	2.25	867375	867375	19056
lin318.tsp	5.78	867375	867375	97957
lin318.tsp	5.74	867375	867375	93195
lin318.tsp	5.82	867375	867375	92496
lin318.tsp	5.72	867375	867375	92545
lin318.tsp	5.73	867375	867375	98938
lin318.tsp	5.84	867375	867375	97478
lin318.tsp	5.76	867375	867375	90898
lin318.tsp	5.76	867375	867375	91301
lin318.tsp	5.75	867375	867375	89216
lin318.tsp	5.74	867375	867375	92409
linhp318.tsp	5.76	867375	867375	99454
linhp318.tsp	5.76	867375	867375	85027
linhp318.tsp	5.73	867375	867375	94465
linhp318.tsp	5.72	867375	867375	93074
linhp318.tsp	5.71	867375	867375	86654
linhp318.tsp	5.73	867375	867375	78001
linhp318.tsp	5.72	867375	867375	92744
linhp318.tsp	5.72	867375	867375	93643
linhp318.tsp	5.71	867375	867375	87443
linhp318.tsp	5.78	867375	867375	100601
pr107.tsp	2.30	867375	867375	82149
pr107.tsp	2.32	867375	867375	67870
pr107.tsp	2.29	867375	867375	71878
pr107.tsp	2.29	867375	867375	96417
pr107.tsp	2.29	867375	867375	80848
pr107.tsp	2.30	867375	867375	82753
pr107.tsp	2.31	867375	867375	82215
pr107.tsp	2.29	867375	867375	77303
pr107.tsp	2.36	867375	867375	68524
pr107.tsp	2.29	867375	867375	82490
pr124.tsp	2.62	867375	867375	106868
pr124.tsp	2.58	867375	867375	101902
pr124.tsp	2.57	867375	867375	83546
pr124.tsp	2.96	867375	867375	113591
pr124.tsp	2.55	867375	867375	96067
pr124.tsp	2.58	867375	867375	94308
pr124.tsp	2.57	867375	867375	90344
pr124.tsp	2.56	867375	867375	89723
pr124.tsp	2.56	867375	867375	100757
pr124.tsp	2.54	867375	867375	98519
pr136.tsp	2.80	867375	867375	130481
pr136.tsp	2.84	867375	867375	155505
pr136.tsp	2.87	867375	867375	148586
pr136.tsp	2.82	867375	867375	147738
pr136.tsp	2.83	867375	867375	150090
pr136.tsp	2.79	867375	867375	147893
pr136.tsp	4.23	867375	867375	158446
pr136.tsp	2.82	867375	867375	132430
pr136.tsp	2.88	867375	867375	142844
pr136.tsp	2.81	867375	867375	153394
pr144.tsp	2.91	867375	867375	98382
pr144.tsp	2.96	867375	867375	138866
pr144.tsp	2.97	867375	867375	129468
pr144.tsp	2.92	867375	867375	117662
pr144.tsp	3.02	867375	867375	117162
pr144.tsp	2.89	867375	867375	120331
pr144.tsp	2.93	867375	867375	117207
pr144.tsp	2.93	867375	867375	117053
pr144.tsp	2.90	867375	867375	128715
pr144.tsp	2.94	867375	867375	130568
pr152.tsp	3.05	867375	867375	159073
pr152.tsp	3.07	867375	867375	150661
pr152.tsp	3.05	867375	867375	169470
pr152.tsp	3.03	867375	867375	150471
pr152.tsp	3.05	867375	867375	167963
pr152.tsp	3.03	867375	867375	152330
pr152.tsp	3.03	867375	867375	175428
pr152.tsp	3.06	867375	867375	156207
pr152.tsp	3.06	867375	867375	142659
pr152.tsp	3.06	867375	867375	140309
pr226.tsp	4.27	867375	867375	234465
pr226.tsp	4.26	867375	867375	227174
pr226.tsp	4.25	867375	867375	228611
pr226.tsp	4.23	867375	867375	231597
pr226.tsp	4.24	867375	867375	197862
pr226.tsp	4.27	867375	867375	229081
pr226.tsp	4.36	867375	867375	253156
pr226.tsp	4.25	867375	867375	218502
pr226.tsp	4.28	867375	867375	200312
pr226.tsp	4.28	867375	867375	198331
pr264.tsp	4.83	867375	867375	143893
pr264.tsp	4.82	867375	867375	140446
pr264.tsp	4.82	867375	867375	147437
pr264.tsp	4.84	867375	867375	151011
pr264.tsp	4.80	867375	867375	165378
pr264.tsp	4.80	867375	867375	134305
pr264.tsp	4.81	867375	867375	141568
pr264.tsp	4.81	867375	867375	158368
pr264.tsp	4.82	867375	867375	129741
pr264.tsp	4.81	867375	867375	155717
pr299.tsp	5.41	867375	867375	100939
pr299.tsp	5.42	867375	867375	102673
pr299.tsp	5.40	867375	867375	112106
pr299.tsp	5.49	867375	867375	103422
pr299.tsp	5.40	867375	867375	105837
pr299.tsp	5.52	867375	867375	111785
pr299.tsp	5.40	867375	867375	100833
pr299.tsp	5.40	867375	867375	111623
pr299.tsp	5.40	867375	867375	96983
pr299.tsp	5.40	867375	867375	109872
pr439.tsp	7.85	867375	867375	281432
pr439.tsp	7.85	867375	867375	309337
pr439.tsp	7.87	867375	867375	274769
pr439.tsp	7.84	867375	867375	297877
pr439.tsp	7.85	867375	867375	288241
pr439.tsp	7.94	867375	867375	283324
pr439.tsp	7.82	867375	867375	257186
pr439.tsp	7.86	867375	867375	330320
pr439.tsp	7.85	867375	867375	286067
pr439.tsp	7.84	867375	867375	283943
pr76.tsp	1.87	867375	867375	142563
pr76.tsp	2.12	867375	867375	129734
pr76.tsp	1.79	867375	867375	135007
pr76.tsp	1.78	867375	867375	131191
pr76.tsp	1.80	867375	867375	134598
pr76.tsp	1.82	867375	867375	126108
pr76.tsp	1.82	867375	867375	132303
pr76.tsp	1.81	867375	867375	126768
pr76.tsp	1.78	867375	867375	119613
pr76.tsp	1.80	867375	867375	138535
rat575.tsp	10.83	867375	867375	16671
rat575.tsp	10.84	867375	867375	16421
rat575.tsp	10.79	867375	867375	17410
rat575.tsp	10.83	867375	867375	16356
rat575.tsp	10.81	867375	867375	17263
rat575.tsp	10.86	867375	867375	17053
rat575.tsp	10.98	867375	867375	17936
rat575.tsp	10.81	867375	867375	16686
rat575.tsp	10.79	867375	867375	17889
rat575.tsp	10.87	867375	867375	16450
rat783.tsp	15.13	867375	867375	26833
rat783.tsp	15.07	867375	867375	28913
rat783.tsp	15.10	867375	867375	28283
rat783.tsp	15.27	867375	867375	27888
rat783.tsp	15.18	867375	867375	28306
rat783.tsp	15.36	867375	867375	27870
rat783.tsp	15.27	867375	867375	25780
rat783.tsp	15.18	867375	867375	28105
rat783.tsp	15.05	867375	867375	29691
rat783.tsp	15.13	867375	867375	28155
rat99.tsp	2.18	867375	867375	1533
rat99.tsp	2.19	867375	867375	1601
rat99.tsp	2.18	867375	867375	1547
rat99.tsp	2.19	867375	867375	1570
rat99.tsp	2.20	867375	867375	1515
rat99.tsp	2.17	867375	867375	1527
rat99.tsp	2.19	867375	867375	1602
rat99.tsp	2.18	867375	867375	1564
rat99.tsp	2.20	867375	867375	1557
rat99.tsp	2.21	867375	867375	1420
