a280.tsp	7.02	1185940	1185940	4732
a280.tsp	7.00	1185940	1185940	4543
a280.tsp	6.98	1185940	1185940	5212
a280.tsp	6.96	1185940	1185940	4786
a280.tsp	7.01	1185940	1185940	4900
a280.tsp	7.02	1185940	1185940	4598
a280.tsp	6.98	1185940	1185940	4856
a280.tsp	6.96	1185940	1185940	4284
a280.tsp	6.98	1185940	1185940	4660
a280.tsp	6.97	1185940	1185940	5103
berlin52.tsp	1.96	1185940	1185940	7689
berlin52.tsp	1.94	1185940	1185940	8092
berlin52.tsp	1.96	1185940	1185940	8329
berlin52.tsp	1.95	1185940	1185940	8244
berlin52.tsp	1.96	1185940	1185940	8337
berlin52.tsp	1.95	1185940	1185940	8375
berlin52.tsp	1.96	1185940	1185940	7777
berlin52.tsp	1.96	1185940	1185940	8026
berlin52.tsp	1.95	1185940	1185940	8493
berlin52.tsp	1.95	1185940	1185940	8068
bier127.tsp	3.62	1185940	1185940	155821
bier127.tsp	3.64	1185940	1185940	135723
bier127.tsp	3.64	1185940	1185940	155406
bier127.tsp	3.59	1185940	1185940	143745
bier127.tsp	3.60	1185940	1185940	146957
bier127.tsp	3.62	1185940	1185940	146759
bier127.tsp	3.63	1185940	1185940	147055
bier127.tsp	3.64	1185940	1185940	147678
bier127.tsp	3.60	1185940	1185940	144702
bier127.tsp	3.61	1185940	1185940	154032
eil101.tsp	3.04	1185940	1185940	765
eil101.tsp	3.03	1185940	1185940	754
eil101.tsp	3.02	1185940	1185940	731
eil101.tsp	3.01	1185940	1185940	736
eil101.tsp	3.08	1185940	1185940	739
eil101.tsp	3.07	1185940	1185940	708
eil101.tsp	3.06	1185940	1185940	812
eil101.tsp	3.06	1185940	1185940	704
eil101.tsp	3.02	1185940	1185940	693
eil101.tsp	3.04	1185940	1185940	770
eil51.tsp	1.96	1185940	1185940	453
eil51.tsp	1.96	1185940	1185940	455
eil51.tsp	1.98	1185940	1185940	452
eil51.tsp	1.98	1185940	1185940	460
eil51.tsp	1.99	1185940	1185940	460
eil51.tsp	1.97	1185940	1185940	474
eil51.tsp	1.99	1185940	1185940	446
eil51.tsp	1.96	1185940	1185940	466
eil51.tsp	1.94	1185940	1185940	443
eil51.tsp	1.93	1185940	1185940	446
eil76.tsp	2.50	1185940	1185940	604
eil76.tsp	2.50	1185940	1185940	611
eil76.tsp	2.48	1185940	1185940	589
eil76.tsp	2.50	1185940	1185940	599
eil76.tsp	2.50	1185940	1185940	608
eil76.tsp	2.51	1185940	1185940	608
eil76.tsp	2.49	1185940	1185940	587
eil76.tsp	2.48	1185940	1185940	590
eil76.tsp	2.50	1185940	1185940	596
eil76.tsp	2.50	1185940	1185940	606
gil262.tsp	6.58	1185940	1185940	4225
gil262.tsp	6.57	1185940	1185940	4405
gil262.tsp	6.57	1185940	1185940	4136
gil262.tsp	6.56	1185940	1185940	3949
gil262.tsp	6.58	1185940	1185940	4020
gil262.tsp	6.57	1185940	1185940	4158
gil262.tsp	6.58	1185940	1185940	3962
gil262.tsp	6.57	1185940	1185940	3996
gil262.tsp	6.56	1185940	1185940	4421
gil262.tsp	6.58	1185940	1185940	4077
kroA100.tsp	3.01	1185940	1185940	31706
kroA100.tsp	3.01	1185940	1185940	28580
kroA100.tsp	2.93	1185940	1185940	24588
kroA100.tsp	3.04	1185940	1185940	28708
kroA100.tsp	2.95	1185940	1185940	30763
kroA100.tsp	3.02	1185940	1185940	26207
kroA100.tsp	2.95	1185940	1185940	26839
kroA100.tsp	2.92	1185940	1185940	25689
kroA100.tsp	3.01	1185940	1185940	27895
kroA100.tsp	3.02	1185940	1185940	28354
kroA150.tsp	4.10	1185940	1185940	36231
kroA150.tsp	4.10	1185940	1185940	42416
kroA150.tsp	4.10	1185940	1185940	40719
kroA150.tsp	4.10	1185940	1185940	38873
kroA150.tsp	4.10	1185940	1185940	41647
kroA150.tsp	4.11	1185940	1185940	38648
kroA150.tsp	4.11	1185940	1185940	42837
kroA150.tsp	4.12	1185940	1185940	39255
kroA150.tsp	4.12	1185940	1185940	40158
kroA150.tsp	4.10	1185940	1185940	40508
kroA200.tsp	5.26	1185940	1185940	48411
kroA200.tsp	5.24	1185940	1185940	48523
kroA200.tsp	5.22	1185940	1185940	45468
kroA200.tsp	5.21	1185940	1185940	49961
kroA200.tsp	5.23	1185940	1185940	50423
kroA200.tsp	5.18	1185940	1185940	51691
kroA200.tsp	5.26	1185940	1185940	48318
kroA200.tsp	5.20	1185940	1185940	45354
kroA200.tsp	5.17	1185940	1185940	50854
kroA200.tsp	5.24	1185940	1185940	46767
kroB100.tsp	2.97	1185940	1185940	28058
kroB100.tsp	3.00	1185940	1185940	28211
kroB100.tsp	2.97	1185940	1185940	26611
kroB100.tsp	3.04	1185940	1185940	27133
kroB100.tsp	3.02	1185940	1185940	31381
kroB100.tsp	2.93	1185940	1185940	25056
kroB100.tsp	2.96	1185940	1185940	28866
kroB100.tsp	2.96	1185940	1185940	25961
kroB100.tsp	2.95	1185940	1185940	27127
kroB100.tsp	2.98	1185940	1185940	28882
kroB150.tsp	4.15	1185940	1185940	42935
kroB150.tsp	4.12	1185940	1185940	37163
kroB150.tsp	4.87	1185940	1185940	36213
kroB150.tsp	4.10	1185940	1185940	39915
kroB150.tsp	4.10	1185940	1185940	35634
kroB150.tsp	4.13	1185940	1185940	37442
kroB150.tsp	4.09	1185940	1185940	42472
kroB150.tsp	4.11	1185940	1185940	39591
kroB150.tsp	4.12	1185940	1185940	38226
kroB150.tsp	4.12	1185940	1185940	40082
kroB200.tsp	5.28	1185940	1185940	43526
kroB200.tsp	5.22	1185940	1185940	47464
kroB200.tsp	5.21	1185940	1185940	48731
kroB200.tsp	5.27	1185940	1185940	49871
kroB200.tsp	5.18	1185940	1185940	51811
kroB200.tsp	5.25	1185940	1185940	55721
kroB200.tsp	5.17	1185940	1185940	50568
kroB200.tsp	5.23	1185940	1185940	48685
kroB200.tsp	5.23	1185940	1185940	51181
kroB200.tsp	5.30	1185940	1185940	50442
kroC100.tsp	2.96	1185940	1185940	26982
kroC100.tsp	2.96	1185940	1185940	26141
kroC100.tsp	2.97	1185940	1185940	29165
kroC100.tsp	3.01	1185940	1185940	28835
kroC100.tsp	3.00	1185940	1185940	29300
kroC100.tsp	2.97	1185940	1185940	29248
kroC100.tsp	2.95	1185940	1185940	26121
kroC100.tsp	2.95	1185940	1185940	28700
kroC100.tsp	3.03	1185940	1185940	29139
kroC100.tsp	3.00	1185940	1185940	27049
kroD100.tsp	3.00	1185940	1185940	32300
kroD100.tsp	2.94	1185940	1185940	26596
kroD100.tsp	3.03	1185940	1185940	28829
kroD100.tsp	2.96	1185940	1185940	27250
kroD100.tsp	2.94	1185940	1185940	31305
kroD100.tsp	2.94	1185940	1185940	26561
kroD100.tsp	3.04	1185940	1185940	29725
kroD100.tsp	3.01	1185940	1185940	30194
kroD100.tsp	3.01	1185940	1185940	31828
kroD100.tsp	2.93	1185940	1185940	27656
kroE100.tsp	3.02	1185940	1185940	26561
kroE100.tsp	3.02	1185940	1185940	31523
kroE100.tsp	3.00	1185940	1185940	29536
kroE100.tsp	3.00	1185940	1185940	31643
kroE100.tsp	2.93	1185940	1185940	27873
kroE100.tsp	2.94	1185940	1185940	26699
kroE100.tsp	3.01	1185940	1185940	30092
kroE100.tsp	3.04	1185940	1185940	29851
kroE100.tsp	3.01	1185940	1185940	26795
kroE100.tsp	3.03	1185940	1185940	31030
lin105.tsp	3.08	1185940	1185940	19635
lin105.tsp	3.08	1185940	1185940	19391
lin105.tsp	3.08	1185940	1185940	21957
lin105.tsp	3.09	1185940	1185940	19257
lin105.tsp	3.08	1185940	1185940	21323
lin105.tsp	3.11	1185940	1185940	20503
lin105.tsp	3.11	1185940	1185940	19054
lin105.tsp	3.06	1185940	1185940	20206
lin105.tsp	3.08	1185940	1185940	17711
lin105.tsp	3.09	1185940	1185940	18729
lin318.tsp	7.80	1185940	1185940	86018
lin318.tsp	7.78	1185940	1185940	87444
lin318.tsp	7.81	1185940	1185940	86983
lin318.tsp	7.80	1185940	1185940	86508
lin318.tsp	7.77	1185940	1185940	88951
lin318.tsp	7.80	1185940	1185940	91094
lin318.tsp	7.80	1185940	1185940	88841
lin318.tsp	7.80	1185940	1185940	86006
lin318.tsp	7.79	1185940	1185940	86632
lin318.tsp	7.81	1185940	1185940	85266
linhp318.tsp	7.79	1185940	1185940	89651
linhp318.tsp	7.77	1185940	1185940	87010
linhp318.tsp	7.80	1185940	1185940	90576
linhp318.tsp	7.79	1185940	1185940	93255
linhp318.tsp	7.80	1185940	1185940	83697
linhp318.tsp	7.84	1185940	1185940	94261
linhp318.tsp	7.78	1185940	1185940	88718
linhp318.tsp	7.81	1185940	1185940	96434
linhp318.tsp	7.83	1185940	1185940	95438
linhp318.tsp	7.75	1185940	1185940	96958
pr107.tsp	3.15	1185940	1185940	56886
pr107.tsp	3.11	1185940	1185940	64204
pr107.tsp	3.13	1185940	1185940	78769
pr107.tsp	3.12	1185940	1185940	66546
pr107.tsp	3.12	1185940	1185940	64070
pr107.tsp	3.13	1185940	1185940	64806
pr107.tsp	3.12	1185940	1185940	70846
pr107.tsp	3.12	1185940	1185940	66054
pr107.tsp	3.13	1185940	1185940	66531
pr107.tsp	3.12	1185940	1185940	79450
pr124.tsp	3.47	1185940	1185940	107108
pr124.tsp	3.52	1185940	1185940	96214
pr124.tsp	3.47	1185940	1185940	102417
pr124.tsp	3.46	1185940	1185940	90479
pr124.tsp	3.46	1185940	1185940	113767
pr124.tsp	3.46	1185940	1185940	98113
pr124.tsp	3.48	1185940	1185940	92634
pr124.tsp	3.50	1185940	1185940	87259
pr124.tsp	3.52	1185940	1185940	91673
pr124.tsp	3.51	1185940	1185940	100491
pr136.tsp	3.80	1185940	1185940	132467
pr136.tsp	3.82	1185940	1185940	128605
pr136.tsp	3.83	1185940	1185940	144564
pr136.tsp	3.83	1185940	1185940	133050
pr136.tsp	3.84	1185940	1185940	131278
pr136.tsp	3.77	1185940	1185940	137863
pr136.tsp	3.82	1185940	1185940	139931
pr136.tsp	3.84	1185940	1185940	137839
pr136.tsp	3.80	1185940	1185940	135455
pr136.tsp	3.81	1185940	1185940	137509
pr144.tsp	3.98	1185940	1185940	109775
pr144.tsp	3.97	1185940	1185940	118835
pr144.tsp	3.94	1185940	1185940	121435
pr144.tsp	3.95	1185940	1185940	114622
pr144.tsp	4.00	1185940	1185940	110599
pr144.tsp	4.00	1185940	1185940	125727
pr144.tsp	4.00	1185940	1185940	109305
pr144.tsp	4.00	1185940	1185940	107428
pr144.tsp	3.95	1185940	1185940	105694
pr144.tsp	3.98	1185940	1185940	109849
pr152.tsp	4.18	1185940	1185940	142491
pr152.tsp	4.16	1185940	1185940	150531
pr152.tsp	4.14	1185940	1185940	144776
pr152.tsp	4.14	1185940	1185940	145058
pr152.tsp	4.14	1185940	1185940	131242
pr152.tsp	4.13	1185940	1185940	132564
pr152.tsp	4.12	1185940	1185940	158111
pr152.tsp	4.16	1185940	1185940	151752
pr152.tsp	4.16	1185940	1185940	145775
pr152.tsp	4.16	1185940	1185940	134687
pr226.tsp	5.77	1185940	1185940	211493
pr226.tsp	5.82	1185940	1185940	235257
pr226.tsp	5.80	1185940	1185940	178042
pr226.tsp	5.79	1185940	1185940	227854
pr226.tsp	5.81	1185940	1185940	183155
pr226.tsp	5.75	1185940	1185940	219815
pr226.tsp	5.80	1185940	1185940	200919
pr226.tsp	5.80	1185940	1185940	176521
pr226.tsp	5.78	1185940	1185940	191091
pr226.tsp	5.80	1185940	1185940	210614
pr264.tsp	6.55	1185940	1185940	133363
pr264.tsp	6.55	1185940	1185940	135072
pr264.tsp	6.54	1185940	1185940	129231
pr264.tsp	6.54	1185940	1185940	133305
pr264.tsp	6.56	1185940	1185940	130231
pr264.tsp	6.55	1185940	1185940	127003
pr264.tsp	6.53	1185940	1185940	127785
pr264.tsp	6.54	1185940	1185940	144304
pr264.tsp	6.54	1185940	1185940	114092
pr264.tsp	6.55	1185940	1185940	150840
pr299.tsp	7.57	1185940	1185940	108564
pr299.tsp	7.35	1185940	1185940	104466
pr299.tsp	7.34	1185940	1185940	111537
pr299.tsp	7.35	1185940	1185940	97063
pr299.tsp	7.36	1185940	1185940	97092
pr299.tsp	7.36	1185940	1185940	104465
pr299.tsp	7.37	1185940	1185940	110253
pr299.tsp	7.33	1185940	1185940	99707
pr299.tsp	7.34	1185940	1185940	95818
pr299.tsp	7.36	1185940	1185940	105321
pr439.tsp	10.69	1185940	1185940	239595
pr439.tsp	10.70	1185940	1185940	267572
pr439.tsp	10.72	1185940	1185940	306971
pr439.tsp	10.71	1185940	1185940	285874
pr439.tsp	10.67	1185940	1185940	255406
pr439.tsp	10.68	1185940	1185940	285281
pr439.tsp	10.72	1185940	1185940	265885
pr439.tsp	10.67	1185940	1185940	256295
pr439.tsp	10.76	1185940	1185940	267195
pr439.tsp	10.68	1185940	1185940	296353
pr76.tsp	2.50	1185940	1185940	132010
pr76.tsp	2.43	1185940	1185940	144040
pr76.tsp	2.46	1185940	1185940	130043
pr76.tsp	2.49	1185940	1185940	132648
pr76.tsp	2.46	1185940	1185940	127987
pr76.tsp	2.50	1185940	1185940	136288
pr76.tsp	2.44	1185940	1185940	134241
pr76.tsp	2.45	1185940	1185940	127433
pr76.tsp	2.49	1185940	1185940	133228
pr76.tsp	2.48	1185940	1185940	129372
rat575.tsp	14.85	1185940	1185940	15614
rat575.tsp	14.77	1185940	1185940	16391
rat575.tsp	14.73	1185940	1185940	16036
rat575.tsp	14.71	1185940	1185940	15578
rat575.tsp	14.81	1185940	1185940	15501
rat575.tsp	14.81	1185940	1185940	15872
rat575.tsp	14.76	1185940	1185940	15986
rat575.tsp	14.75	1185940	1185940	15554
rat575.tsp	14.75	1185940	1185940	15771
rat575.tsp	14.75	1185940	1185940	15234
rat783.tsp	20.56	1185940	1185940	24015
rat783.tsp	20.90	1185940	1185940	25616
rat783.tsp	20.65	1185940	1185940	26868
rat783.tsp	20.58	1185940	1185940	25724
rat783.tsp	20.66	1185940	1185940	25696
rat783.tsp	20.64	1185940	1185940	25724
rat783.tsp	20.61	1185940	1185940	25229
rat783.tsp	20.85	1185940	1185940	25751
rat783.tsp	20.63	1185940	1185940	24907
rat783.tsp	20.73	1185940	1185940	25292
rat99.tsp	2.98	1185940	1185940	1521
rat99.tsp	2.96	1185940	1185940	1484
rat99.tsp	3.00	1185940	1185940	1377
rat99.tsp	3.03	1185940	1185940	1560
rat99.tsp	2.99	1185940	1185940	1456
rat99.tsp	3.02	1185940	1185940	1522
rat99.tsp	3.00	1185940	1185940	1424
rat99.tsp	3.04	1185940	1185940	1523
rat99.tsp	2.99	1185940	1185940	1553
rat99.tsp	3.00	1185940	1185940	1615
