a280.tsp	3.92	650528	650528	5627
a280.tsp	3.87	650528	650528	5501
a280.tsp	3.87	650528	650528	4653
a280.tsp	3.90	650528	650528	5030
a280.tsp	3.89	650528	650528	5039
a280.tsp	3.86	650528	650528	5225
a280.tsp	3.87	650528	650528	5481
a280.tsp	3.92	650528	650528	4997
a280.tsp	3.85	650528	650528	5450
a280.tsp	3.86	650528	650528	4975
berlin52.tsp	1.08	650528	650528	8011
berlin52.tsp	1.30	650528	650528	7857
berlin52.tsp	1.08	650528	650528	8449
berlin52.tsp	1.06	650528	650528	8588
berlin52.tsp	1.45	650528	650528	8466
berlin52.tsp	1.07	650528	650528	8523
berlin52.tsp	1.08	650528	650528	7965
berlin52.tsp	1.08	650528	650528	7925
berlin52.tsp	1.06	650528	650528	8527
berlin52.tsp	1.09	650528	650528	8984
bier127.tsp	1.99	650528	650528	165498
bier127.tsp	1.99	650528	650528	162609
bier127.tsp	1.98	650528	650528	150251
bier127.tsp	2.00	650528	650528	154482
bier127.tsp	2.02	650528	650528	157762
bier127.tsp	2.00	650528	650528	158779
bier127.tsp	2.00	650528	650528	143737
bier127.tsp	2.00	650528	650528	155785
bier127.tsp	1.98	650528	650528	148103
bier127.tsp	2.00	650528	650528	164250
eil101.tsp	1.68	650528	650528	750
eil101.tsp	1.70	650528	650528	736
eil101.tsp	1.70	650528	650528	766
eil101.tsp	1.67	650528	650528	786
eil101.tsp	1.66	650528	650528	732
eil101.tsp	1.66	650528	650528	742
eil101.tsp	1.68	650528	650528	686
eil101.tsp	1.66	650528	650528	745
eil101.tsp	1.73	650528	650528	763
eil101.tsp	1.67	650528	650528	840
eil51.tsp	1.12	650528	650528	468
eil51.tsp	1.08	650528	650528	444
eil51.tsp	1.09	650528	650528	474
eil51.tsp	1.08	650528	650528	460
eil51.tsp	1.07	650528	650528	437
eil51.tsp	1.08	650528	650528	442
eil51.tsp	1.08	650528	650528	436
eil51.tsp	1.09	650528	650528	449
eil51.tsp	1.09	650528	650528	445
eil51.tsp	1.09	650528	650528	442
eil76.tsp	1.37	650528	650528	641
eil76.tsp	1.42	650528	650528	658
eil76.tsp	1.41	650528	650528	618
eil76.tsp	1.61	650528	650528	601
eil76.tsp	1.38	650528	650528	577
eil76.tsp	1.38	650528	650528	637
eil76.tsp	1.37	650528	650528	645
eil76.tsp	1.37	650528	650528	634
eil76.tsp	1.37	650528	650528	579
eil76.tsp	1.37	650528	650528	581
gil262.tsp	3.64	650528	650528	4696
gil262.tsp	3.62	650528	650528	4647
gil262.tsp	3.86	650528	650528	4317
gil262.tsp	3.64	650528	650528	4282
gil262.tsp	3.72	650528	650528	4279
gil262.tsp	3.65	650528	650528	4602
gil262.tsp	3.63	650528	650528	4684
gil262.tsp	3.62	650528	650528	4083
gil262.tsp	3.61	650528	650528	4301
gil262.tsp	3.61	650528	650528	4239
kroA100.tsp	1.62	650528	650528	28225
kroA100.tsp	1.62	650528	650528	28763
kroA100.tsp	1.62	650528	650528	26791
kroA100.tsp	1.65	650528	650528	31204
kroA100.tsp	1.67	650528	650528	34772
kroA100.tsp	1.62	650528	650528	32340
kroA100.tsp	1.62	650528	650528	29103
kroA100.tsp	1.63	650528	650528	29437
kroA100.tsp	1.66	650528	650528	30534
kroA100.tsp	1.66	650528	650528	29725
kroA150.tsp	2.28	650528	650528	43972
kroA150.tsp	2.25	650528	650528	39741
kroA150.tsp	2.30	650528	650528	44355
kroA150.tsp	2.32	650528	650528	42062
kroA150.tsp	2.24	650528	650528	37422
kroA150.tsp	2.32	650528	650528	38790
kroA150.tsp	2.28	650528	650528	40901
kroA150.tsp	2.28	650528	650528	44203
kroA150.tsp	2.28	650528	650528	42192
kroA150.tsp	2.27	650528	650528	40194
kroA200.tsp	2.88	650528	650528	50168
kroA200.tsp	2.89	650528	650528	52920
kroA200.tsp	2.87	650528	650528	60300
kroA200.tsp	2.88	650528	650528	51633
kroA200.tsp	2.87	650528	650528	52939
kroA200.tsp	2.93	650528	650528	55599
kroA200.tsp	2.88	650528	650528	56812
kroA200.tsp	2.92	650528	650528	47329
kroA200.tsp	2.88	650528	650528	56993
kroA200.tsp	2.90	650528	650528	52764
kroB100.tsp	1.68	650528	650528	27025
kroB100.tsp	1.62	650528	650528	30840
kroB100.tsp	1.64	650528	650528	34659
kroB100.tsp	1.63	650528	650528	34962
kroB100.tsp	1.64	650528	650528	30679
kroB100.tsp	1.65	650528	650528	29716
kroB100.tsp	1.64	650528	650528	34544
kroB100.tsp	1.62	650528	650528	34016
kroB100.tsp	1.70	650528	650528	28324
kroB100.tsp	1.63	650528	650528	27661
kroB150.tsp	2.26	650528	650528	43948
kroB150.tsp	2.33	650528	650528	47757
kroB150.tsp	2.28	650528	650528	46362
kroB150.tsp	2.28	650528	650528	43657
kroB150.tsp	2.31	650528	650528	39037
kroB150.tsp	2.28	650528	650528	46785
kroB150.tsp	2.27	650528	650528	42349
kroB150.tsp	2.27	650528	650528	41594
kroB150.tsp	2.26	650528	650528	43447
kroB150.tsp	2.28	650528	650528	42167
kroB200.tsp	2.89	650528	650528	48589
kroB200.tsp	2.87	650528	650528	55934
kroB200.tsp	2.86	650528	650528	53253
kroB200.tsp	2.87	650528	650528	54913
kroB200.tsp	2.87	650528	650528	54570
kroB200.tsp	2.86	650528	650528	52539
kroB200.tsp	2.87	650528	650528	57370
kroB200.tsp	2.86	650528	650528	51355
kroB200.tsp	2.85	650528	650528	51820
kroB200.tsp	2.88	650528	650528	54711
kroC100.tsp	1.67	650528	650528	30310
kroC100.tsp	1.66	650528	650528	27365
kroC100.tsp	1.63	650528	650528	27486
kroC100.tsp	1.64	650528	650528	31088
kroC100.tsp	1.63	650528	650528	29120
kroC100.tsp	1.65	650528	650528	28586
kroC100.tsp	1.66	650528	650528	26558
kroC100.tsp	1.68	650528	650528	30294
kroC100.tsp	1.62	650528	650528	32184
kroC100.tsp	1.67	650528	650528	26245
kroD100.tsp	1.62	650528	650528	28414
kroD100.tsp	1.63	650528	650528	32886
kroD100.tsp	1.63	650528	650528	28760
kroD100.tsp	1.63	650528	650528	29571
kroD100.tsp	1.65	650528	650528	29561
kroD100.tsp	1.64	650528	650528	28483
kroD100.tsp	1.63	650528	650528	28554
kroD100.tsp	1.62	650528	650528	28324
kroD100.tsp	1.63	650528	650528	28169
kroD100.tsp	1.66	650528	650528	31261
kroE100.tsp	1.66	650528	650528	28614
kroE100.tsp	1.67	650528	650528	32990
kroE100.tsp	1.64	650528	650528	30001
kroE100.tsp	1.67	650528	650528	28142
kroE100.tsp	1.62	650528	650528	31536
kroE100.tsp	1.62	650528	650528	32995
kroE100.tsp	1.64	650528	650528	30634
kroE100.tsp	1.67	650528	650528	30719
kroE100.tsp	1.68	650528	650528	29219
kroE100.tsp	1.66	650528	650528	29032
lin105.tsp	1.69	650528	650528	20031
lin105.tsp	1.71	650528	650528	22080
lin105.tsp	1.68	650528	650528	20268
lin105.tsp	1.70	650528	650528	21124
lin105.tsp	1.69	650528	650528	20435
lin105.tsp	1.71	650528	650528	20469
lin105.tsp	1.68	650528	650528	18053
lin105.tsp	1.67	650528	650528	20894
lin105.tsp	1.70	650528	650528	20624
lin105.tsp	1.69	650528	650528	19532
lin318.tsp	4.30	650528	650528	98146
lin318.tsp	4.32	650528	650528	94387
lin318.tsp	4.33	650528	650528	99995
lin318.tsp	4.30	650528	650528	91144
lin318.tsp	4.30	650528	650528	89876
lin318.tsp	4.32	650528	650528	92788
lin318.tsp	4.31	650528	650528	94529
lin318.tsp	4.34	650528	650528	95540
lin318.tsp	4.30	650528	650528	106423
lin318.tsp	4.34	650528	650528	102344
linhp318.tsp	4.29	650528	650528	91257
linhp318.tsp	4.31	650528	650528	96601
linhp318.tsp	4.30	650528	650528	98028
linhp318.tsp	4.28	650528	650528	93050
linhp318.tsp	4.29	650528	650528	102758
linhp318.tsp	4.30	650528	650528	101514
linhp318.tsp	4.29	650528	650528	103906
linhp318.tsp	4.34	650528	650528	92750
linhp318.tsp	4.27	650528	650528	92349
linhp318.tsp	4.34	650528	650528	98227
pr107.tsp	1.72	650528	650528	80998
pr107.tsp	1.73	650528	650528	69842
pr107.tsp	1.72	650528	650528	74450
pr107.tsp	1.75	650528	650528	64037
pr107.tsp	1.72	650528	650528	70266
pr107.tsp	1.72	650528	650528	71254
pr107.tsp	1.72	650528	650528	65798
pr107.tsp	1.71	650528	650528	83460
pr107.tsp	1.73	650528	650528	73894
pr107.tsp	1.72	650528	650528	79249
pr124.tsp	1.91	650528	650528	105598
pr124.tsp	1.97	650528	650528	93356
pr124.tsp	1.91	650528	650528	100700
pr124.tsp	1.93	650528	650528	105993
pr124.tsp	1.91	650528	650528	101862
pr124.tsp	1.91	650528	650528	99299
pr124.tsp	1.91	650528	650528	107905
pr124.tsp	1.92	650528	650528	98771
pr124.tsp	1.92	650528	650528	120877
pr124.tsp	1.91	650528	650528	106345
pr136.tsp	2.10	650528	650528	143901
pr136.tsp	2.12	650528	650528	157595
pr136.tsp	2.08	650528	650528	144559
pr136.tsp	2.11	650528	650528	144711
pr136.tsp	2.14	650528	650528	145411
pr136.tsp	2.10	650528	650528	144453
pr136.tsp	2.14	650528	650528	149738
pr136.tsp	2.11	650528	650528	168230
pr136.tsp	2.14	650528	650528	150830
pr136.tsp	2.09	650528	650528	146041
pr144.tsp	2.18	650528	650528	111075
pr144.tsp	2.20	650528	650528	136160
pr144.tsp	2.26	650528	650528	127562
pr144.tsp	2.24	650528	650528	134386
pr144.tsp	2.17	650528	650528	114629
pr144.tsp	2.19	650528	650528	122068
pr144.tsp	2.19	650528	650528	119371
pr144.tsp	2.19	650528	650528	135941
pr144.tsp	2.17	650528	650528	126470
pr144.tsp	2.20	650528	650528	114556
pr152.tsp	2.28	650528	650528	161935
pr152.tsp	2.28	650528	650528	156493
pr152.tsp	2.29	650528	650528	158627
pr152.tsp	2.29	650528	650528	138364
pr152.tsp	2.28	650528	650528	148360
pr152.tsp	2.28	650528	650528	168345
pr152.tsp	2.28	650528	650528	173262
pr152.tsp	2.29	650528	650528	163923
pr152.tsp	2.29	650528	650528	149945
pr152.tsp	2.27	650528	650528	126951
pr226.tsp	3.17	650528	650528	230587
pr226.tsp	3.65	650528	650528	222902
pr226.tsp	3.19	650528	650528	230949
pr226.tsp	3.17	650528	650528	269199
pr226.tsp	3.20	650528	650528	224434
pr226.tsp	3.17	650528	650528	223281
pr226.tsp	3.19	650528	650528	206464
pr226.tsp	3.18	650528	650528	222121
pr226.tsp	3.19	650528	650528	263461
pr226.tsp	3.22	650528	650528	245096
pr264.tsp	3.61	650528	650528	152849
pr264.tsp	3.60	650528	650528	165272
pr264.tsp	3.62	650528	650528	146177
pr264.tsp	3.63	650528	650528	133218
pr264.tsp	3.60	650528	650528	134911
pr264.tsp	3.60	650528	650528	148953
pr264.tsp	3.60	650528	650528	161829
pr264.tsp	3.61	650528	650528	153433
pr264.tsp	3.62	650528	650528	139449
pr264.tsp	3.66	650528	650528	132228
pr299.tsp	4.06	650528	650528	97387
pr299.tsp	4.05	650528	650528	102291
pr299.tsp	4.04	650528	650528	107475
pr299.tsp	4.05	650528	650528	112521
pr299.tsp	4.26	650528	650528	106164
pr299.tsp	4.06	650528	650528	107349
pr299.tsp	4.18	650528	650528	112048
pr299.tsp	4.12	650528	650528	113616
pr299.tsp	4.05	650528	650528	112112
pr299.tsp	4.05	650528	650528	104187
pr439.tsp	5.86	650528	650528	297870
pr439.tsp	5.89	650528	650528	314659
pr439.tsp	5.91	650528	650528	321415
pr439.tsp	5.87	650528	650528	321223
pr439.tsp	5.89	650528	650528	336573
pr439.tsp	5.90	650528	650528	322922
pr439.tsp	5.88	650528	650528	300548
pr439.tsp	6.03	650528	650528	304187
pr439.tsp	5.92	650528	650528	296590
pr439.tsp	5.89	650528	650528	305192
pr76.tsp	1.36	650528	650528	132185
pr76.tsp	1.34	650528	650528	124930
pr76.tsp	1.43	650528	650528	135106
pr76.tsp	1.36	650528	650528	135794
pr76.tsp	1.37	650528	650528	135650
pr76.tsp	1.36	650528	650528	119427
pr76.tsp	1.34	650528	650528	134626
pr76.tsp	1.36	650528	650528	123549
pr76.tsp	1.35	650528	650528	137174
pr76.tsp	1.35	650528	650528	131624
rat575.tsp	8.09	650528	650528	18238
rat575.tsp	8.12	650528	650528	17333
rat575.tsp	8.12	650528	650528	17264
rat575.tsp	8.09	650528	650528	18300
rat575.tsp	8.11	650528	650528	18455
rat575.tsp	8.10	650528	650528	18929
rat575.tsp	8.17	650528	650528	17651
rat575.tsp	8.08	650528	650528	18373
rat575.tsp	8.14	650528	650528	17776
rat575.tsp	8.24	650528	650528	17252
rat783.tsp	11.36	650528	650528	30084
rat783.tsp	11.30	650528	650528	28980
rat783.tsp	11.34	650528	650528	29699
rat783.tsp	11.43	650528	650528	30297
rat783.tsp	11.50	650528	650528	30284
rat783.tsp	11.41	650528	650528	27492
rat783.tsp	11.59	650528	650528	30829
rat783.tsp	11.48	650528	650528	29588
rat783.tsp	11.29	650528	650528	29826
rat783.tsp	11.30	650528	650528	30239
rat99.tsp	1.64	650528	650528	1529
rat99.tsp	1.64	650528	650528	1753
rat99.tsp	1.64	650528	650528	1617
rat99.tsp	1.64	650528	650528	1510
rat99.tsp	1.64	650528	650528	1616
rat99.tsp	1.64	650528	650528	1618
rat99.tsp	1.64	650528	650528	1537
rat99.tsp	1.63	650528	650528	1553
rat99.tsp	1.64	650528	650528	1552
rat99.tsp	1.65	650528	650528	1524
