a280.tsp	2.79	474370	474370	5640
a280.tsp	2.80	474370	474370	5273
a280.tsp	2.79	474370	474370	5595
a280.tsp	2.80	474370	474370	5529
a280.tsp	2.81	474370	474370	5131
a280.tsp	2.79	474370	474370	5157
a280.tsp	2.80	474370	474370	5457
a280.tsp	2.79	474370	474370	4961
a280.tsp	2.79	474370	474370	5502
a280.tsp	2.81	474370	474370	5615
berlin52.tsp	0.77	474370	474370	8102
berlin52.tsp	0.78	474370	474370	8401
berlin52.tsp	0.78	474370	474370	8321
berlin52.tsp	0.78	474370	474370	8329
berlin52.tsp	0.77	474370	474370	8577
berlin52.tsp	0.78	474370	474370	8784
berlin52.tsp	0.78	474370	474370	8467
berlin52.tsp	0.78	474370	474370	8454
berlin52.tsp	0.78	474370	474370	8653
berlin52.tsp	0.78	474370	474370	8694
bier127.tsp	1.45	474370	474370	154612
bier127.tsp	1.45	474370	474370	170072
bier127.tsp	1.56	474370	474370	155905
bier127.tsp	1.45	474370	474370	164730
bier127.tsp	1.45	474370	474370	142746
bier127.tsp	1.63	474370	474370	148875
bier127.tsp	1.44	474370	474370	145300
bier127.tsp	1.44	474370	474370	168064
bier127.tsp	1.45	474370	474370	155306
bier127.tsp	1.45	474370	474370	153176
eil101.tsp	1.21	474370	474370	820
eil101.tsp	1.21	474370	474370	799
eil101.tsp	1.22	474370	474370	730
eil101.tsp	1.22	474370	474370	754
eil101.tsp	1.22	474370	474370	833
eil101.tsp	1.22	474370	474370	791
eil101.tsp	1.22	474370	474370	781
eil101.tsp	1.21	474370	474370	756
eil101.tsp	1.21	474370	474370	790
eil101.tsp	1.21	474370	474370	808
eil51.tsp	0.78	474370	474370	478
eil51.tsp	0.79	474370	474370	475
eil51.tsp	0.78	474370	474370	462
eil51.tsp	0.77	474370	474370	451
eil51.tsp	0.80	474370	474370	484
eil51.tsp	0.78	474370	474370	450
eil51.tsp	0.79	474370	474370	453
eil51.tsp	0.79	474370	474370	434
eil51.tsp	0.77	474370	474370	451
eil51.tsp	0.78	474370	474370	447
eil76.tsp	0.99	474370	474370	580
eil76.tsp	0.99	474370	474370	608
eil76.tsp	0.99	474370	474370	660
eil76.tsp	1.00	474370	474370	633
eil76.tsp	0.99	474370	474370	629
eil76.tsp	0.99	474370	474370	599
eil76.tsp	0.99	474370	474370	664
eil76.tsp	0.99	474370	474370	647
eil76.tsp	1.00	474370	474370	617
eil76.tsp	0.99	474370	474370	634
gil262.tsp	2.63	474370	474370	4188
gil262.tsp	2.63	474370	474370	4619
gil262.tsp	2.62	474370	474370	4280
gil262.tsp	2.62	474370	474370	4370
gil262.tsp	2.63	474370	474370	4559
gil262.tsp	2.62	474370	474370	4187
gil262.tsp	2.62	474370	474370	4696
gil262.tsp	2.62	474370	474370	4687
gil262.tsp	2.62	474370	474370	4919
gil262.tsp	2.62	474370	474370	4160
kroA100.tsp	1.21	474370	474370	31314
kroA100.tsp	1.21	474370	474370	31043
kroA100.tsp	1.21	474370	474370	31013
kroA100.tsp	1.19	474370	474370	31661
kroA100.tsp	1.20	474370	474370	28272
kroA100.tsp	1.17	474370	474370	31107
kroA100.tsp	1.18	474370	474370	30344
kroA100.tsp	1.17	474370	474370	31380
kroA100.tsp	1.17	474370	474370	31405
kroA100.tsp	1.20	474370	474370	34878
kroA150.tsp	1.65	474370	474370	45567
kroA150.tsp	1.64	474370	474370	44546
kroA150.tsp	1.65	474370	474370	42027
kroA150.tsp	1.64	474370	474370	41669
kroA150.tsp	1.64	474370	474370	37006
kroA150.tsp	1.66	474370	474370	37963
kroA150.tsp	1.65	474370	474370	44015
kroA150.tsp	1.64	474370	474370	45281
kroA150.tsp	1.65	474370	474370	39026
kroA150.tsp	1.96	474370	474370	41563
kroA200.tsp	2.08	474370	474370	52883
kroA200.tsp	2.10	474370	474370	54388
kroA200.tsp	2.08	474370	474370	55181
kroA200.tsp	2.10	474370	474370	55749
kroA200.tsp	2.08	474370	474370	55823
kroA200.tsp	2.08	474370	474370	49217
kroA200.tsp	2.08	474370	474370	51296
kroA200.tsp	2.07	474370	474370	56243
kroA200.tsp	2.09	474370	474370	57164
kroA200.tsp	2.08	474370	474370	48307
kroB100.tsp	1.18	474370	474370	33403
kroB100.tsp	1.19	474370	474370	29662
kroB100.tsp	1.17	474370	474370	31441
kroB100.tsp	1.21	474370	474370	32116
kroB100.tsp	1.20	474370	474370	32877
kroB100.tsp	1.20	474370	474370	32325
kroB100.tsp	1.21	474370	474370	31354
kroB100.tsp	1.21	474370	474370	27954
kroB100.tsp	1.18	474370	474370	29279
kroB100.tsp	1.20	474370	474370	29649
kroB150.tsp	1.65	474370	474370	46733
kroB150.tsp	1.65	474370	474370	41802
kroB150.tsp	1.64	474370	474370	44293
kroB150.tsp	1.65	474370	474370	41696
kroB150.tsp	1.64	474370	474370	44004
kroB150.tsp	1.63	474370	474370	47774
kroB150.tsp	1.65	474370	474370	42286
kroB150.tsp	1.75	474370	474370	46402
kroB150.tsp	1.65	474370	474370	37872
kroB150.tsp	1.66	474370	474370	44713
kroB200.tsp	2.08	474370	474370	59418
kroB200.tsp	2.08	474370	474370	53138
kroB200.tsp	2.08	474370	474370	49894
kroB200.tsp	2.10	474370	474370	55713
kroB200.tsp	2.09	474370	474370	54223
kroB200.tsp	2.07	474370	474370	51560
kroB200.tsp	2.08	474370	474370	53960
kroB200.tsp	2.08	474370	474370	66807
kroB200.tsp	2.09	474370	474370	51244
kroB200.tsp	2.09	474370	474370	52620
kroC100.tsp	1.20	474370	474370	30444
kroC100.tsp	1.18	474370	474370	32139
kroC100.tsp	1.22	474370	474370	32951
kroC100.tsp	1.19	474370	474370	33455
kroC100.tsp	1.20	474370	474370	31795
kroC100.tsp	1.19	474370	474370	28334
kroC100.tsp	1.20	474370	474370	29955
kroC100.tsp	1.18	474370	474370	33087
kroC100.tsp	1.20	474370	474370	29437
kroC100.tsp	1.21	474370	474370	33071
kroD100.tsp	1.17	474370	474370	30945
kroD100.tsp	1.18	474370	474370	30278
kroD100.tsp	1.18	474370	474370	32859
kroD100.tsp	1.18	474370	474370	28268
kroD100.tsp	1.18	474370	474370	27022
kroD100.tsp	1.20	474370	474370	28636
kroD100.tsp	1.20	474370	474370	28427
kroD100.tsp	1.19	474370	474370	28378
kroD100.tsp	1.21	474370	474370	30689
kroD100.tsp	1.20	474370	474370	30324
kroE100.tsp	1.20	474370	474370	30869
kroE100.tsp	1.17	474370	474370	29500
kroE100.tsp	1.20	474370	474370	31294
kroE100.tsp	1.18	474370	474370	28743
kroE100.tsp	1.19	474370	474370	33943
kroE100.tsp	1.19	474370	474370	30581
kroE100.tsp	1.18	474370	474370	34586
kroE100.tsp	1.17	474370	474370	28563
kroE100.tsp	1.20	474370	474370	30472
kroE100.tsp	1.21	474370	474370	30857
lin105.tsp	1.23	474370	474370	18975
lin105.tsp	1.25	474370	474370	22754
lin105.tsp	1.23	474370	474370	21765
lin105.tsp	1.22	474370	474370	23353
lin105.tsp	1.23	474370	474370	20802
lin105.tsp	1.22	474370	474370	20114
lin105.tsp	1.24	474370	474370	23874
lin105.tsp	1.21	474370	474370	18504
lin105.tsp	1.23	474370	474370	24166
lin105.tsp	1.21	474370	474370	20803
lin318.tsp	3.12	474370	474370	93271
lin318.tsp	3.11	474370	474370	95650
lin318.tsp	3.13	474370	474370	94793
lin318.tsp	3.12	474370	474370	90362
lin318.tsp	3.12	474370	474370	109951
lin318.tsp	3.12	474370	474370	102894
lin318.tsp	3.12	474370	474370	95107
lin318.tsp	3.12	474370	474370	104022
lin318.tsp	3.12	474370	474370	92105
lin318.tsp	3.14	474370	474370	100033
linhp318.tsp	3.12	474370	474370	99713
linhp318.tsp	3.12	474370	474370	104370
linhp318.tsp	3.11	474370	474370	104615
linhp318.tsp	3.12	474370	474370	100120
linhp318.tsp	3.12	474370	474370	113206
linhp318.tsp	3.12	474370	474370	99073
linhp318.tsp	3.13	474370	474370	98141
linhp318.tsp	3.11	474370	474370	105907
linhp318.tsp	3.13	474370	474370	94065
linhp318.tsp	3.12	474370	474370	103712
pr107.tsp	1.25	474370	474370	81189
pr107.tsp	1.25	474370	474370	78505
pr107.tsp	1.25	474370	474370	73955
pr107.tsp	1.25	474370	474370	79577
pr107.tsp	1.24	474370	474370	68500
pr107.tsp	1.24	474370	474370	89365
pr107.tsp	1.24	474370	474370	96066
pr107.tsp	1.25	474370	474370	60485
pr107.tsp	1.25	474370	474370	65902
pr107.tsp	1.25	474370	474370	92909
pr124.tsp	1.40	474370	474370	105068
pr124.tsp	1.39	474370	474370	99930
pr124.tsp	1.39	474370	474370	108922
pr124.tsp	1.38	474370	474370	110823
pr124.tsp	1.40	474370	474370	109997
pr124.tsp	1.39	474370	474370	108748
pr124.tsp	1.39	474370	474370	96552
pr124.tsp	1.39	474370	474370	101514
pr124.tsp	1.40	474370	474370	101573
pr124.tsp	1.39	474370	474370	109634
pr136.tsp	1.53	474370	474370	151030
pr136.tsp	1.51	474370	474370	150934
pr136.tsp	1.53	474370	474370	153633
pr136.tsp	1.54	474370	474370	158203
pr136.tsp	1.52	474370	474370	152215
pr136.tsp	1.52	474370	474370	153590
pr136.tsp	1.53	474370	474370	145066
pr136.tsp	1.51	474370	474370	135578
pr136.tsp	1.52	474370	474370	139641
pr136.tsp	1.51	474370	474370	154319
pr144.tsp	1.58	474370	474370	141612
pr144.tsp	1.59	474370	474370	131632
pr144.tsp	1.60	474370	474370	141115
pr144.tsp	1.58	474370	474370	113407
pr144.tsp	1.58	474370	474370	136773
pr144.tsp	1.60	474370	474370	136356
pr144.tsp	1.60	474370	474370	126171
pr144.tsp	1.59	474370	474370	128493
pr144.tsp	1.59	474370	474370	136030
pr144.tsp	1.58	474370	474370	133311
pr152.tsp	1.66	474370	474370	186424
pr152.tsp	1.65	474370	474370	162653
pr152.tsp	1.65	474370	474370	165530
pr152.tsp	1.66	474370	474370	160834
pr152.tsp	1.65	474370	474370	166073
pr152.tsp	1.65	474370	474370	165396
pr152.tsp	1.66	474370	474370	135136
pr152.tsp	1.66	474370	474370	172210
pr152.tsp	1.66	474370	474370	169873
pr152.tsp	1.65	474370	474370	172400
pr226.tsp	2.30	474370	474370	235248
pr226.tsp	2.31	474370	474370	226098
pr226.tsp	2.33	474370	474370	214368
pr226.tsp	2.32	474370	474370	240020
pr226.tsp	2.30	474370	474370	224441
pr226.tsp	2.31	474370	474370	248243
pr226.tsp	2.32	474370	474370	261463
pr226.tsp	2.32	474370	474370	260089
pr226.tsp	2.32	474370	474370	280590
pr226.tsp	2.32	474370	474370	260766
pr264.tsp	2.62	474370	474370	150724
pr264.tsp	2.64	474370	474370	159880
pr264.tsp	2.62	474370	474370	152440
pr264.tsp	2.62	474370	474370	179911
pr264.tsp	2.62	474370	474370	164938
pr264.tsp	2.62	474370	474370	166122
pr264.tsp	3.40	474370	474370	171559
pr264.tsp	2.62	474370	474370	140817
pr264.tsp	2.62	474370	474370	158275
pr264.tsp	2.61	474370	474370	133977
pr299.tsp	2.94	474370	474370	115125
pr299.tsp	2.94	474370	474370	123033
pr299.tsp	2.95	474370	474370	121880
pr299.tsp	2.95	474370	474370	101208
pr299.tsp	2.94	474370	474370	120158
pr299.tsp	2.94	474370	474370	113843
pr299.tsp	2.94	474370	474370	126382
pr299.tsp	2.95	474370	474370	114637
pr299.tsp	2.94	474370	474370	114203
pr299.tsp	2.93	474370	474370	109386
pr439.tsp	4.29	474370	474370	321564
pr439.tsp	4.29	474370	474370	302174
pr439.tsp	4.29	474370	474370	298075
pr439.tsp	4.29	474370	474370	324773
pr439.tsp	4.30	474370	474370	322517
pr439.tsp	4.26	474370	474370	310844
pr439.tsp	4.26	474370	474370	342200
pr439.tsp	4.29	474370	474370	322258
pr439.tsp	4.28	474370	474370	323428
pr439.tsp	4.27	474370	474370	338403
pr76.tsp	0.99	474370	474370	135354
pr76.tsp	0.97	474370	474370	145113
pr76.tsp	1.00	474370	474370	131841
pr76.tsp	0.99	474370	474370	135190
pr76.tsp	0.99	474370	474370	137630
pr76.tsp	0.97	474370	474370	142117
pr76.tsp	1.00	474370	474370	146561
pr76.tsp	0.99	474370	474370	131266
pr76.tsp	0.99	474370	474370	131656
pr76.tsp	0.98	474370	474370	129259
rat575.tsp	5.90	474370	474370	17977
rat575.tsp	5.91	474370	474370	18915
rat575.tsp	5.93	474370	474370	19051
rat575.tsp	5.93	474370	474370	18437
rat575.tsp	5.90	474370	474370	19095
rat575.tsp	5.89	474370	474370	18176
rat575.tsp	5.91	474370	474370	18515
rat575.tsp	6.90	474370	474370	18514
rat575.tsp	5.90	474370	474370	17995
rat575.tsp	5.91	474370	474370	19241
rat783.tsp	8.23	474370	474370	32352
rat783.tsp	8.23	474370	474370	31567
rat783.tsp	8.25	474370	474370	30490
rat783.tsp	8.35	474370	474370	32731
rat783.tsp	8.22	474370	474370	31464
rat783.tsp	8.32	474370	474370	32057
rat783.tsp	8.35	474370	474370	31193
rat783.tsp	8.25	474370	474370	30736
rat783.tsp	8.34	474370	474370	31253
rat783.tsp	8.28	474370	474370	30003
rat99.tsp	1.19	474370	474370	1687
rat99.tsp	1.20	474370	474370	1751
rat99.tsp	1.19	474370	474370	1724
rat99.tsp	1.20	474370	474370	1672
rat99.tsp	1.20	474370	474370	1657
rat99.tsp	1.18	474370	474370	1606
rat99.tsp	1.19	474370	474370	1656
rat99.tsp	1.20	474370	474370	1461
rat99.tsp	1.19	474370	474370	1588
rat99.tsp	1.21	474370	474370	1659
