a280.tsp	3.12	520420	520420	5869
a280.tsp	3.18	520420	520420	5403
a280.tsp	3.07	520420	520420	5398
a280.tsp	3.12	520420	520420	5272
a280.tsp	3.07	520420	520420	5634
a280.tsp	3.90	520420	520420	5737
a280.tsp	3.11	520420	520420	5439
a280.tsp	3.10	520420	520420	5544
a280.tsp	3.11	520420	520420	5531
a280.tsp	3.08	520420	520420	5396
berlin52.tsp	0.86	520420	520420	8202
berlin52.tsp	0.86	520420	520420	8602
berlin52.tsp	0.86	520420	520420	9630
berlin52.tsp	0.88	520420	520420	8682
berlin52.tsp	0.86	520420	520420	9353
berlin52.tsp	0.86	520420	520420	8627
berlin52.tsp	0.86	520420	520420	8513
berlin52.tsp	0.87	520420	520420	9106
berlin52.tsp	0.87	520420	520420	8794
berlin52.tsp	0.86	520420	520420	8334
bier127.tsp	1.62	520420	520420	150841
bier127.tsp	1.60	520420	520420	154039
bier127.tsp	1.58	520420	520420	157842
bier127.tsp	1.60	520420	520420	165592
bier127.tsp	1.64	520420	520420	164162
bier127.tsp	1.58	520420	520420	154807
bier127.tsp	1.60	520420	520420	159629
bier127.tsp	1.59	520420	520420	151049
bier127.tsp	1.58	520420	520420	167317
bier127.tsp	1.59	520420	520420	156513
eil101.tsp	1.34	520420	520420	795
eil101.tsp	1.34	520420	520420	776
eil101.tsp	1.35	520420	520420	793
eil101.tsp	1.34	520420	520420	804
eil101.tsp	1.33	520420	520420	771
eil101.tsp	1.32	520420	520420	768
eil101.tsp	1.33	520420	520420	758
eil101.tsp	1.61	520420	520420	775
eil101.tsp	1.34	520420	520420	698
eil101.tsp	1.34	520420	520420	753
eil51.tsp	0.85	520420	520420	491
eil51.tsp	0.86	520420	520420	444
eil51.tsp	0.86	520420	520420	453
eil51.tsp	0.86	520420	520420	492
eil51.tsp	0.86	520420	520420	467
eil51.tsp	0.85	520420	520420	457
eil51.tsp	0.88	520420	520420	486
eil51.tsp	0.85	520420	520420	443
eil51.tsp	0.86	520420	520420	444
eil51.tsp	0.88	520420	520420	437
eil76.tsp	1.10	520420	520420	611
eil76.tsp	1.09	520420	520420	644
eil76.tsp	1.15	520420	520420	662
eil76.tsp	1.09	520420	520420	622
eil76.tsp	1.09	520420	520420	608
eil76.tsp	1.10	520420	520420	593
eil76.tsp	1.10	520420	520420	581
eil76.tsp	1.09	520420	520420	618
eil76.tsp	1.09	520420	520420	637
eil76.tsp	1.09	520420	520420	617
gil262.tsp	2.89	520420	520420	4777
gil262.tsp	2.90	520420	520420	4947
gil262.tsp	2.96	520420	520420	4667
gil262.tsp	2.94	520420	520420	4632
gil262.tsp	2.91	520420	520420	4368
gil262.tsp	2.89	520420	520420	4405
gil262.tsp	2.90	520420	520420	4311
gil262.tsp	2.89	520420	520420	4561
gil262.tsp	2.89	520420	520420	4671
gil262.tsp	2.90	520420	520420	4516
kroA100.tsp	1.30	520420	520420	30831
kroA100.tsp	1.31	520420	520420	30623
kroA100.tsp	1.30	520420	520420	31871
kroA100.tsp	1.34	520420	520420	30429
kroA100.tsp	1.29	520420	520420	29209
kroA100.tsp	1.32	520420	520420	32214
kroA100.tsp	1.30	520420	520420	29500
kroA100.tsp	1.35	520420	520420	30887
kroA100.tsp	1.30	520420	520420	30514
kroA100.tsp	1.30	520420	520420	33939
kroA150.tsp	1.80	520420	520420	42422
kroA150.tsp	1.82	520420	520420	41437
kroA150.tsp	1.81	520420	520420	42280
kroA150.tsp	1.86	520420	520420	46220
kroA150.tsp	1.86	520420	520420	43188
kroA150.tsp	1.86	520420	520420	44433
kroA150.tsp	1.81	520420	520420	44733
kroA150.tsp	1.81	520420	520420	42469
kroA150.tsp	1.82	520420	520420	44160
kroA150.tsp	1.81	520420	520420	42896
kroA200.tsp	2.30	520420	520420	52492
kroA200.tsp	2.87	520420	520420	47997
kroA200.tsp	2.32	520420	520420	49431
kroA200.tsp	2.30	520420	520420	53360
kroA200.tsp	2.31	520420	520420	53647
kroA200.tsp	2.32	520420	520420	49646
kroA200.tsp	2.32	520420	520420	53198
kroA200.tsp	2.34	520420	520420	59885
kroA200.tsp	2.34	520420	520420	57882
kroA200.tsp	2.30	520420	520420	54927
kroB100.tsp	1.31	520420	520420	33804
kroB100.tsp	1.29	520420	520420	32252
kroB100.tsp	1.32	520420	520420	29891
kroB100.tsp	1.32	520420	520420	28440
kroB100.tsp	1.32	520420	520420	30731
kroB100.tsp	1.31	520420	520420	30471
kroB100.tsp	1.30	520420	520420	33999
kroB100.tsp	1.32	520420	520420	29415
kroB100.tsp	1.33	520420	520420	30543
kroB100.tsp	1.32	520420	520420	30819
kroB150.tsp	1.82	520420	520420	45008
kroB150.tsp	1.83	520420	520420	49866
kroB150.tsp	1.81	520420	520420	38913
kroB150.tsp	1.86	520420	520420	45886
kroB150.tsp	1.81	520420	520420	41123
kroB150.tsp	1.82	520420	520420	39633
kroB150.tsp	1.81	520420	520420	44805
kroB150.tsp	1.82	520420	520420	46708
kroB150.tsp	1.81	520420	520420	41522
kroB150.tsp	1.82	520420	520420	46531
kroB200.tsp	2.31	520420	520420	55094
kroB200.tsp	2.29	520420	520420	49752
kroB200.tsp	2.30	520420	520420	59952
kroB200.tsp	2.31	520420	520420	45831
kroB200.tsp	2.28	520420	520420	54456
kroB200.tsp	2.28	520420	520420	55435
kroB200.tsp	2.28	520420	520420	52573
kroB200.tsp	2.63	520420	520420	52865
kroB200.tsp	2.32	520420	520420	50574
kroB200.tsp	2.28	520420	520420	50339
kroC100.tsp	1.29	520420	520420	28980
kroC100.tsp	1.33	520420	520420	33348
kroC100.tsp	1.35	520420	520420	30528
kroC100.tsp	1.36	520420	520420	28698
kroC100.tsp	1.36	520420	520420	33923
kroC100.tsp	1.33	520420	520420	32848
kroC100.tsp	1.30	520420	520420	29557
kroC100.tsp	1.32	520420	520420	30542
kroC100.tsp	1.30	520420	520420	31040
kroC100.tsp	1.30	520420	520420	29364
kroD100.tsp	1.31	520420	520420	30711
kroD100.tsp	1.33	520420	520420	28145
kroD100.tsp	1.33	520420	520420	28995
kroD100.tsp	1.32	520420	520420	29098
kroD100.tsp	1.33	520420	520420	31712
kroD100.tsp	1.32	520420	520420	31609
kroD100.tsp	1.33	520420	520420	30572
kroD100.tsp	1.30	520420	520420	31362
kroD100.tsp	1.31	520420	520420	29181
kroD100.tsp	1.31	520420	520420	36527
kroE100.tsp	1.30	520420	520420	31753
kroE100.tsp	1.30	520420	520420	30430
kroE100.tsp	1.30	520420	520420	32889
kroE100.tsp	1.30	520420	520420	30355
kroE100.tsp	1.30	520420	520420	30317
kroE100.tsp	1.33	520420	520420	32354
kroE100.tsp	1.30	520420	520420	28602
kroE100.tsp	1.36	520420	520420	31621
kroE100.tsp	1.29	520420	520420	29955
kroE100.tsp	1.31	520420	520420	31186
lin105.tsp	1.36	520420	520420	23502
lin105.tsp	1.34	520420	520420	24731
lin105.tsp	1.36	520420	520420	23002
lin105.tsp	1.34	520420	520420	21419
lin105.tsp	1.36	520420	520420	21385
lin105.tsp	1.37	520420	520420	25654
lin105.tsp	1.36	520420	520420	23149
lin105.tsp	1.37	520420	520420	21422
lin105.tsp	1.36	520420	520420	20135
lin105.tsp	1.35	520420	520420	20963
lin318.tsp	3.44	520420	520420	95663
lin318.tsp	3.44	520420	520420	105297
lin318.tsp	3.45	520420	520420	92931
lin318.tsp	3.46	520420	520420	106107
lin318.tsp	3.43	520420	520420	98538
lin318.tsp	3.46	520420	520420	104813
lin318.tsp	3.50	520420	520420	103786
lin318.tsp	3.44	520420	520420	101923
lin318.tsp	3.43	520420	520420	101110
lin318.tsp	3.45	520420	520420	101787
linhp318.tsp	3.44	520420	520420	95937
linhp318.tsp	3.47	520420	520420	95562
linhp318.tsp	3.44	520420	520420	95164
linhp318.tsp	3.43	520420	520420	103196
linhp318.tsp	3.43	520420	520420	112795
linhp318.tsp	3.43	520420	520420	95725
linhp318.tsp	3.44	520420	520420	99472
linhp318.tsp	3.44	520420	520420	101786
linhp318.tsp	3.44	520420	520420	92660
linhp318.tsp	3.46	520420	520420	100797
pr107.tsp	1.38	520420	520420	85805
pr107.tsp	1.38	520420	520420	97956
pr107.tsp	1.39	520420	520420	80781
pr107.tsp	1.38	520420	520420	98530
pr107.tsp	1.37	520420	520420	83095
pr107.tsp	1.42	520420	520420	83482
pr107.tsp	1.39	520420	520420	87725
pr107.tsp	1.36	520420	520420	70574
pr107.tsp	1.40	520420	520420	71958
pr107.tsp	1.38	520420	520420	84523
pr124.tsp	1.58	520420	520420	119394
pr124.tsp	1.54	520420	520420	95361
pr124.tsp	1.54	520420	520420	108450
pr124.tsp	1.54	520420	520420	121465
pr124.tsp	1.54	520420	520420	91139
pr124.tsp	1.54	520420	520420	90519
pr124.tsp	1.53	520420	520420	104123
pr124.tsp	1.54	520420	520420	124835
pr124.tsp	1.54	520420	520420	112398
pr124.tsp	1.54	520420	520420	111474
pr136.tsp	1.68	520420	520420	150714
pr136.tsp	1.68	520420	520420	153745
pr136.tsp	1.70	520420	520420	146707
pr136.tsp	1.70	520420	520420	151021
pr136.tsp	1.72	520420	520420	144540
pr136.tsp	1.68	520420	520420	151440
pr136.tsp	1.73	520420	520420	154060
pr136.tsp	1.68	520420	520420	151556
pr136.tsp	1.72	520420	520420	149043
pr136.tsp	1.68	520420	520420	148482
pr144.tsp	1.75	520420	520420	140046
pr144.tsp	1.76	520420	520420	120528
pr144.tsp	1.81	520420	520420	108507
pr144.tsp	1.82	520420	520420	135266
pr144.tsp	1.82	520420	520420	123527
pr144.tsp	1.75	520420	520420	119647
pr144.tsp	1.74	520420	520420	147802
pr144.tsp	1.74	520420	520420	124008
pr144.tsp	1.74	520420	520420	140553
pr144.tsp	1.80	520420	520420	143749
pr152.tsp	1.82	520420	520420	164070
pr152.tsp	1.83	520420	520420	171594
pr152.tsp	1.82	520420	520420	141779
pr152.tsp	1.82	520420	520420	177066
pr152.tsp	1.83	520420	520420	172030
pr152.tsp	1.83	520420	520420	166019
pr152.tsp	1.84	520420	520420	168468
pr152.tsp	1.84	520420	520420	202701
pr152.tsp	1.82	520420	520420	184313
pr152.tsp	1.82	520420	520420	146678
pr226.tsp	2.57	520420	520420	227012
pr226.tsp	2.55	520420	520420	275220
pr226.tsp	2.57	520420	520420	301281
pr226.tsp	2.56	520420	520420	254567
pr226.tsp	2.54	520420	520420	240567
pr226.tsp	2.55	520420	520420	239997
pr226.tsp	2.56	520420	520420	260866
pr226.tsp	2.56	520420	520420	248249
pr226.tsp	2.57	520420	520420	238467
pr226.tsp	2.57	520420	520420	227563
pr264.tsp	2.89	520420	520420	128366
pr264.tsp	2.88	520420	520420	166407
pr264.tsp	2.90	520420	520420	167737
pr264.tsp	2.90	520420	520420	158560
pr264.tsp	2.89	520420	520420	161811
pr264.tsp	2.89	520420	520420	163000
pr264.tsp	2.94	520420	520420	171359
pr264.tsp	2.88	520420	520420	141705
pr264.tsp	2.90	520420	520420	157267
pr264.tsp	2.88	520420	520420	158190
pr299.tsp	3.36	520420	520420	115126
pr299.tsp	3.25	520420	520420	115406
pr299.tsp	3.25	520420	520420	108056
pr299.tsp	3.25	520420	520420	123189
pr299.tsp	3.25	520420	520420	122130
pr299.tsp	3.25	520420	520420	103003
pr299.tsp	3.39	520420	520420	108224
pr299.tsp	3.24	520420	520420	110138
pr299.tsp	3.25	520420	520420	110091
pr299.tsp	3.24	520420	520420	113647
pr439.tsp	4.71	520420	520420	317662
pr439.tsp	4.72	520420	520420	318133
pr439.tsp	4.73	520420	520420	316676
pr439.tsp	4.75	520420	520420	315334
pr439.tsp	4.71	520420	520420	310496
pr439.tsp	4.71	520420	520420	300947
pr439.tsp	4.71	520420	520420	293282
pr439.tsp	4.71	520420	520420	347251
pr439.tsp	4.71	520420	520420	339450
pr439.tsp	4.72	520420	520420	317122
pr76.tsp	1.07	520420	520420	140089
pr76.tsp	1.09	520420	520420	145855
pr76.tsp	1.10	520420	520420	132659
pr76.tsp	1.10	520420	520420	125616
pr76.tsp	1.14	520420	520420	141661
pr76.tsp	1.10	520420	520420	136431
pr76.tsp	1.09	520420	520420	138408
pr76.tsp	1.07	520420	520420	143176
pr76.tsp	1.08	520420	520420	139586
pr76.tsp	1.07	520420	520420	129951
rat575.tsp	6.49	520420	520420	18076
rat575.tsp	6.49	520420	520420	16870
rat575.tsp	6.48	520420	520420	20023
rat575.tsp	6.47	520420	520420	18221
rat575.tsp	6.51	520420	520420	18835
rat575.tsp	6.49	520420	520420	19509
rat575.tsp	6.51	520420	520420	18595
rat575.tsp	6.49	520420	520420	18539
rat575.tsp	6.49	520420	520420	20357
rat575.tsp	6.52	520420	520420	18342
rat783.tsp	9.02	520420	520420	31138
rat783.tsp	9.05	520420	520420	31429
rat783.tsp	9.02	520420	520420	31630
rat783.tsp	9.24	520420	520420	29814
rat783.tsp	9.13	520420	520420	32575
rat783.tsp	9.14	520420	520420	30176
rat783.tsp	9.05	520420	520420	29967
rat783.tsp	9.31	520420	520420	30558
rat783.tsp	9.02	520420	520420	31068
rat783.tsp	9.08	520420	520420	30414
rat99.tsp	1.30	520420	520420	1407
rat99.tsp	1.31	520420	520420	1662
rat99.tsp	1.31	520420	520420	1790
rat99.tsp	1.31	520420	520420	1626
rat99.tsp	1.31	520420	520420	1695
rat99.tsp	1.30	520420	520420	1533
rat99.tsp	1.31	520420	520420	1598
rat99.tsp	1.31	520420	520420	1639
rat99.tsp	1.31	520420	520420	1684
rat99.tsp	1.30	520420	520420	1492
