a280.tsp	2.24	371725	371725	5782
a280.tsp	2.23	371725	371725	5845
a280.tsp	2.20	371725	371725	6073
a280.tsp	2.22	371725	371725	6140
a280.tsp	2.24	371725	371725	5830
a280.tsp	2.20	371725	371725	6121
a280.tsp	2.20	371725	371725	5800
a280.tsp	2.26	371725	371725	5307
a280.tsp	2.24	371725	371725	5674
a280.tsp	2.24	371725	371725	5737
berlin52.tsp	0.62	371725	371725	8738
berlin52.tsp	0.62	371725	371725	8440
berlin52.tsp	0.62	371725	371725	8687
berlin52.tsp	0.62	371725	371725	8616
berlin52.tsp	0.61	371725	371725	8347
berlin52.tsp	0.62	371725	371725	8601
berlin52.tsp	0.62	371725	371725	8700
berlin52.tsp	0.62	371725	371725	8976
berlin52.tsp	0.62	371725	371725	8431
berlin52.tsp	0.61	371725	371725	7952
bier127.tsp	1.17	371725	371725	162434
bier127.tsp	1.13	371725	371725	165459
bier127.tsp	1.14	371725	371725	168685
bier127.tsp	1.14	371725	371725	148272
bier127.tsp	1.13	371725	371725	163823
bier127.tsp	1.14	371725	371725	156154
bier127.tsp	1.14	371725	371725	155922
bier127.tsp	1.13	371725	371725	160098
bier127.tsp	1.14	371725	371725	156761
bier127.tsp	1.13	371725	371725	171289
eil101.tsp	0.96	371725	371725	789
eil101.tsp	0.94	371725	371725	766
eil101.tsp	0.98	371725	371725	735
eil101.tsp	0.95	371725	371725	850
eil101.tsp	0.96	371725	371725	759
eil101.tsp	0.94	371725	371725	757
eil101.tsp	0.96	371725	371725	825
eil101.tsp	0.95	371725	371725	747
eil101.tsp	0.96	371725	371725	790
eil101.tsp	0.95	371725	371725	786
eil51.tsp	0.61	371725	371725	470
eil51.tsp	0.63	371725	371725	449
eil51.tsp	0.61	371725	371725	454
eil51.tsp	0.60	371725	371725	474
eil51.tsp	0.62	371725	371725	483
eil51.tsp	0.62	371725	371725	461
eil51.tsp	0.60	371725	371725	472
eil51.tsp	0.62	371725	371725	436
eil51.tsp	0.62	371725	371725	434
eil51.tsp	0.62	371725	371725	479
eil76.tsp	0.78	371725	371725	615
eil76.tsp	0.78	371725	371725	599
eil76.tsp	0.78	371725	371725	644
eil76.tsp	0.80	371725	371725	648
eil76.tsp	0.78	371725	371725	662
eil76.tsp	0.78	371725	371725	677
eil76.tsp	0.78	371725	371725	611
eil76.tsp	0.82	371725	371725	631
eil76.tsp	0.78	371725	371725	605
eil76.tsp	0.78	371725	371725	630
gil262.tsp	2.07	371725	371725	4881
gil262.tsp	2.07	371725	371725	4772
gil262.tsp	2.07	371725	371725	4442
gil262.tsp	2.11	371725	371725	4981
gil262.tsp	2.11	371725	371725	4330
gil262.tsp	2.10	371725	371725	4811
gil262.tsp	2.08	371725	371725	4767
gil262.tsp	2.06	371725	371725	4630
gil262.tsp	2.07	371725	371725	5258
gil262.tsp	2.07	371725	371725	4738
kroA100.tsp	0.93	371725	371725	36090
kroA100.tsp	0.93	371725	371725	31009
kroA100.tsp	0.94	371725	371725	31070
kroA100.tsp	0.93	371725	371725	28546
kroA100.tsp	0.92	371725	371725	31985
kroA100.tsp	0.94	371725	371725	33176
kroA100.tsp	0.95	371725	371725	32502
kroA100.tsp	0.96	371725	371725	29816
kroA100.tsp	0.94	371725	371725	27747
kroA100.tsp	0.95	371725	371725	32946
kroA150.tsp	1.28	371725	371725	48541
kroA150.tsp	1.29	371725	371725	45442
kroA150.tsp	1.30	371725	371725	42982
kroA150.tsp	1.30	371725	371725	46703
kroA150.tsp	1.34	371725	371725	42876
kroA150.tsp	1.30	371725	371725	45005
kroA150.tsp	1.30	371725	371725	47265
kroA150.tsp	1.30	371725	371725	45727
kroA150.tsp	1.29	371725	371725	47069
kroA150.tsp	1.28	371725	371725	40431
kroA200.tsp	1.64	371725	371725	62176
kroA200.tsp	1.68	371725	371725	57791
kroA200.tsp	1.64	371725	371725	57688
kroA200.tsp	1.64	371725	371725	58803
kroA200.tsp	1.65	371725	371725	60588
kroA200.tsp	1.72	371725	371725	49531
kroA200.tsp	1.65	371725	371725	51760
kroA200.tsp	1.64	371725	371725	56389
kroA200.tsp	1.64	371725	371725	54148
kroA200.tsp	1.64	371725	371725	61816
kroB100.tsp	0.95	371725	371725	29592
kroB100.tsp	0.93	371725	371725	31343
kroB100.tsp	0.92	371725	371725	30358
kroB100.tsp	0.93	371725	371725	32290
kroB100.tsp	0.94	371725	371725	33541
kroB100.tsp	0.97	371725	371725	32900
kroB100.tsp	0.95	371725	371725	30274
kroB100.tsp	0.94	371725	371725	35163
kroB100.tsp	0.92	371725	371725	35377
kroB100.tsp	0.93	371725	371725	32148
kroB150.tsp	1.30	371725	371725	43230
kroB150.tsp	1.31	371725	371725	45870
kroB150.tsp	1.30	371725	371725	41544
kroB150.tsp	1.34	371725	371725	45515
kroB150.tsp	1.29	371725	371725	43189
kroB150.tsp	1.30	371725	371725	39483
kroB150.tsp	1.29	371725	371725	47176
kroB150.tsp	1.29	371725	371725	42066
kroB150.tsp	1.30	371725	371725	43182
kroB150.tsp	1.28	371725	371725	41575
kroB200.tsp	1.64	371725	371725	59970
kroB200.tsp	1.63	371725	371725	58283
kroB200.tsp	1.64	371725	371725	55043
kroB200.tsp	1.64	371725	371725	56781
kroB200.tsp	1.63	371725	371725	60932
kroB200.tsp	1.64	371725	371725	56054
kroB200.tsp	1.64	371725	371725	56139
kroB200.tsp	1.64	371725	371725	60839
kroB200.tsp	1.65	371725	371725	56117
kroB200.tsp	1.64	371725	371725	53442
kroC100.tsp	0.94	371725	371725	29711
kroC100.tsp	0.93	371725	371725	30406
kroC100.tsp	0.94	371725	371725	28952
kroC100.tsp	0.94	371725	371725	34688
kroC100.tsp	0.96	371725	371725	29122
kroC100.tsp	0.97	371725	371725	33072
kroC100.tsp	0.94	371725	371725	31238
kroC100.tsp	0.94	371725	371725	35619
kroC100.tsp	0.93	371725	371725	27745
kroC100.tsp	0.94	371725	371725	36341
kroD100.tsp	0.94	371725	371725	36759
kroD100.tsp	0.97	371725	371725	29125
kroD100.tsp	0.94	371725	371725	29238
kroD100.tsp	0.94	371725	371725	33672
kroD100.tsp	0.95	371725	371725	29331
kroD100.tsp	0.94	371725	371725	30620
kroD100.tsp	0.93	371725	371725	31924
kroD100.tsp	0.95	371725	371725	29627
kroD100.tsp	0.95	371725	371725	31060
kroD100.tsp	0.93	371725	371725	33520
kroE100.tsp	0.92	371725	371725	37408
kroE100.tsp	0.94	371725	371725	33486
kroE100.tsp	0.94	371725	371725	30592
kroE100.tsp	0.94	371725	371725	33751
kroE100.tsp	0.94	371725	371725	30378
kroE100.tsp	0.95	371725	371725	34731
kroE100.tsp	0.93	371725	371725	30211
kroE100.tsp	0.93	371725	371725	31975
kroE100.tsp	0.94	371725	371725	32080
kroE100.tsp	0.92	371725	371725	33732
lin105.tsp	0.96	371725	371725	22684
lin105.tsp	0.99	371725	371725	19565
lin105.tsp	0.96	371725	371725	22565
lin105.tsp	0.97	371725	371725	21920
lin105.tsp	0.96	371725	371725	25739
lin105.tsp	0.97	371725	371725	21667
lin105.tsp	0.98	371725	371725	22165
lin105.tsp	0.97	371725	371725	21298
lin105.tsp	0.96	371725	371725	19577
lin105.tsp	0.96	371725	371725	25281
lin318.tsp	2.48	371725	371725	105010
lin318.tsp	2.45	371725	371725	99456
lin318.tsp	2.47	371725	371725	103013
lin318.tsp	2.45	371725	371725	106162
lin318.tsp	2.46	371725	371725	107650
lin318.tsp	2.50	371725	371725	102114
lin318.tsp	2.45	371725	371725	91001
lin318.tsp	2.49	371725	371725	106671
lin318.tsp	2.46	371725	371725	101590
lin318.tsp	2.45	371725	371725	102854
linhp318.tsp	2.45	371725	371725	96593
linhp318.tsp	2.50	371725	371725	99788
linhp318.tsp	2.46	371725	371725	104813
linhp318.tsp	2.46	371725	371725	90726
linhp318.tsp	2.45	371725	371725	104048
linhp318.tsp	2.45	371725	371725	108329
linhp318.tsp	2.46	371725	371725	104543
linhp318.tsp	2.46	371725	371725	102587
linhp318.tsp	2.48	371725	371725	95479
linhp318.tsp	2.47	371725	371725	105506
pr107.tsp	1.03	371725	371725	89525
pr107.tsp	0.98	371725	371725	86542
pr107.tsp	0.98	371725	371725	87836
pr107.tsp	0.98	371725	371725	85419
pr107.tsp	0.98	371725	371725	70154
pr107.tsp	0.98	371725	371725	72585
pr107.tsp	0.98	371725	371725	82241
pr107.tsp	0.98	371725	371725	73450
pr107.tsp	0.98	371725	371725	84966
pr107.tsp	0.98	371725	371725	81403
pr124.tsp	1.10	371725	371725	102879
pr124.tsp	1.14	371725	371725	116905
pr124.tsp	1.09	371725	371725	114913
pr124.tsp	1.10	371725	371725	101716
pr124.tsp	1.09	371725	371725	112241
pr124.tsp	1.10	371725	371725	113655
pr124.tsp	1.10	371725	371725	123471
pr124.tsp	1.10	371725	371725	106990
pr124.tsp	1.10	371725	371725	104185
pr124.tsp	1.10	371725	371725	118754
pr136.tsp	1.23	371725	371725	143674
pr136.tsp	1.20	371725	371725	159044
pr136.tsp	1.21	371725	371725	151078
pr136.tsp	1.24	371725	371725	161525
pr136.tsp	1.20	371725	371725	152737
pr136.tsp	1.20	371725	371725	151544
pr136.tsp	1.22	371725	371725	142359
pr136.tsp	1.20	371725	371725	154487
pr136.tsp	1.19	371725	371725	144843
pr136.tsp	1.21	371725	371725	169394
pr144.tsp	1.25	371725	371725	138553
pr144.tsp	1.25	371725	371725	140802
pr144.tsp	1.26	371725	371725	128636
pr144.tsp	1.27	371725	371725	134266
pr144.tsp	1.25	371725	371725	133456
pr144.tsp	1.25	371725	371725	131435
pr144.tsp	1.26	371725	371725	131835
pr144.tsp	1.26	371725	371725	135871
pr144.tsp	1.26	371725	371725	128992
pr144.tsp	1.25	371725	371725	149304
pr152.tsp	1.30	371725	371725	181901
pr152.tsp	1.31	371725	371725	188654
pr152.tsp	1.96	371725	371725	179050
pr152.tsp	1.31	371725	371725	177797
pr152.tsp	1.31	371725	371725	191223
pr152.tsp	1.31	371725	371725	189653
pr152.tsp	1.30	371725	371725	168237
pr152.tsp	1.30	371725	371725	183541
pr152.tsp	1.30	371725	371725	202817
pr152.tsp	1.30	371725	371725	190991
pr226.tsp	1.82	371725	371725	240203
pr226.tsp	1.82	371725	371725	262661
pr226.tsp	1.82	371725	371725	259808
pr226.tsp	1.82	371725	371725	235300
pr226.tsp	1.82	371725	371725	297190
pr226.tsp	1.82	371725	371725	224526
pr226.tsp	1.83	371725	371725	275969
pr226.tsp	1.82	371725	371725	303197
pr226.tsp	1.82	371725	371725	256207
pr226.tsp	1.82	371725	371725	215499
pr264.tsp	2.06	371725	371725	200086
pr264.tsp	2.06	371725	371725	175259
pr264.tsp	2.12	371725	371725	202113
pr264.tsp	2.06	371725	371725	192741
pr264.tsp	2.06	371725	371725	181598
pr264.tsp	2.06	371725	371725	160434
pr264.tsp	2.07	371725	371725	151767
pr264.tsp	2.06	371725	371725	169655
pr264.tsp	2.06	371725	371725	174343
pr264.tsp	2.05	371725	371725	170795
pr299.tsp	2.31	371725	371725	123388
pr299.tsp	2.31	371725	371725	105242
pr299.tsp	2.31	371725	371725	113428
pr299.tsp	2.31	371725	371725	115682
pr299.tsp	2.56	371725	371725	118741
pr299.tsp	2.32	371725	371725	112834
pr299.tsp	2.36	371725	371725	127011
pr299.tsp	2.32	371725	371725	125895
pr299.tsp	2.32	371725	371725	129815
pr299.tsp	2.32	371725	371725	123816
pr439.tsp	3.36	371725	371725	333846
pr439.tsp	3.38	371725	371725	319746
pr439.tsp	3.38	371725	371725	381604
pr439.tsp	3.38	371725	371725	334008
pr439.tsp	3.38	371725	371725	336305
pr439.tsp	3.38	371725	371725	367086
pr439.tsp	3.37	371725	371725	333447
pr439.tsp	3.37	371725	371725	357142
pr439.tsp	3.36	371725	371725	338488
pr439.tsp	3.37	371725	371725	326022
pr76.tsp	0.78	371725	371725	136706
pr76.tsp	0.76	371725	371725	133564
pr76.tsp	0.78	371725	371725	142456
pr76.tsp	0.78	371725	371725	136623
pr76.tsp	0.76	371725	371725	140138
pr76.tsp	0.77	371725	371725	141047
pr76.tsp	0.78	371725	371725	139402
pr76.tsp	0.78	371725	371725	132399
pr76.tsp	0.77	371725	371725	144547
pr76.tsp	0.78	371725	371725	141259
rat575.tsp	4.63	371725	371725	20545
rat575.tsp	4.63	371725	371725	19580
rat575.tsp	4.65	371725	371725	19520
rat575.tsp	4.72	371725	371725	20415
rat575.tsp	4.63	371725	371725	19830
rat575.tsp	4.66	371725	371725	19364
rat575.tsp	4.66	371725	371725	19543
rat575.tsp	4.64	371725	371725	20795
rat575.tsp	4.64	371725	371725	21617
rat575.tsp	4.67	371725	371725	20625
rat783.tsp	6.47	371725	371725	33932
rat783.tsp	6.46	371725	371725	33577
rat783.tsp	6.48	371725	371725	32859
rat783.tsp	6.58	371725	371725	33443
rat783.tsp	6.51	371725	371725	32748
rat783.tsp	6.53	371725	371725	36308
rat783.tsp	6.46	371725	371725	33173
rat783.tsp	6.46	371725	371725	32154
rat783.tsp	6.44	371725	371725	33396
rat783.tsp	6.46	371725	371725	35798
rat99.tsp	0.94	371725	371725	1674
rat99.tsp	0.93	371725	371725	1491
rat99.tsp	0.94	371725	371725	1645
rat99.tsp	0.94	371725	371725	1794
rat99.tsp	0.94	371725	371725	1519
rat99.tsp	0.94	371725	371725	1616
rat99.tsp	0.94	371725	371725	1606
rat99.tsp	0.94	371725	371725	1655
rat99.tsp	0.94	371725	371725	1685
rat99.tsp	0.94	371725	371725	1668
