a280.tsp	7.23	1220597	1220597	5101
a280.tsp	7.19	1220597	1220597	4717
a280.tsp	7.19	1220597	1220597	4911
a280.tsp	7.19	1220597	1220597	5287
a280.tsp	7.20	1220597	1220597	4691
a280.tsp	7.24	1220597	1220597	4626
a280.tsp	7.18	1220597	1220597	4849
a280.tsp	9.11	1220597	1220597	4624
a280.tsp	7.22	1220597	1220597	5146
a280.tsp	7.18	1220597	1220597	4644
berlin52.tsp	2.03	1220597	1220597	8398
berlin52.tsp	2.04	1220597	1220597	8378
berlin52.tsp	2.02	1220597	1220597	8226
berlin52.tsp	2.03	1220597	1220597	8576
berlin52.tsp	2.02	1220597	1220597	8807
berlin52.tsp	2.01	1220597	1220597	8643
berlin52.tsp	2.00	1220597	1220597	8194
berlin52.tsp	2.03	1220597	1220597	8872
berlin52.tsp	2.04	1220597	1220597	8729
berlin52.tsp	2.03	1220597	1220597	8516
bier127.tsp	4.21	1220597	1220597	156754
bier127.tsp	3.77	1220597	1220597	146095
bier127.tsp	3.75	1220597	1220597	150127
bier127.tsp	3.72	1220597	1220597	153509
bier127.tsp	3.74	1220597	1220597	146447
bier127.tsp	3.73	1220597	1220597	149376
bier127.tsp	3.71	1220597	1220597	140529
bier127.tsp	3.71	1220597	1220597	149328
bier127.tsp	3.72	1220597	1220597	152949
bier127.tsp	3.73	1220597	1220597	146873
eil101.tsp	3.13	1220597	1220597	749
eil101.tsp	3.12	1220597	1220597	727
eil101.tsp	3.14	1220597	1220597	756
eil101.tsp	3.10	1220597	1220597	709
eil101.tsp	3.15	1220597	1220597	756
eil101.tsp	3.12	1220597	1220597	733
eil101.tsp	3.13	1220597	1220597	724
eil101.tsp	3.13	1220597	1220597	758
eil101.tsp	3.16	1220597	1220597	727
eil101.tsp	3.14	1220597	1220597	709
eil51.tsp	2.03	1220597	1220597	462
eil51.tsp	2.05	1220597	1220597	456
eil51.tsp	2.03	1220597	1220597	444
eil51.tsp	2.00	1220597	1220597	470
eil51.tsp	2.00	1220597	1220597	464
eil51.tsp	2.04	1220597	1220597	453
eil51.tsp	2.02	1220597	1220597	456
eil51.tsp	1.99	1220597	1220597	434
eil51.tsp	1.99	1220597	1220597	450
eil51.tsp	2.00	1220597	1220597	474
eil76.tsp	2.56	1220597	1220597	579
eil76.tsp	2.56	1220597	1220597	603
eil76.tsp	2.56	1220597	1220597	600
eil76.tsp	2.58	1220597	1220597	612
eil76.tsp	2.56	1220597	1220597	598
eil76.tsp	2.56	1220597	1220597	600
eil76.tsp	2.56	1220597	1220597	590
eil76.tsp	2.56	1220597	1220597	618
eil76.tsp	2.57	1220597	1220597	607
eil76.tsp	2.56	1220597	1220597	622
gil262.tsp	6.77	1220597	1220597	4021
gil262.tsp	6.76	1220597	1220597	4360
gil262.tsp	6.76	1220597	1220597	4002
gil262.tsp	6.77	1220597	1220597	4010
gil262.tsp	6.75	1220597	1220597	4173
gil262.tsp	6.75	1220597	1220597	4211
gil262.tsp	6.76	1220597	1220597	4254
gil262.tsp	6.75	1220597	1220597	4125
gil262.tsp	6.75	1220597	1220597	4283
gil262.tsp	6.75	1220597	1220597	4054
kroA100.tsp	3.48	1220597	1220597	27219
kroA100.tsp	3.12	1220597	1220597	28730
kroA100.tsp	3.12	1220597	1220597	28143
kroA100.tsp	3.10	1220597	1220597	27522
kroA100.tsp	3.02	1220597	1220597	26222
kroA100.tsp	3.10	1220597	1220597	31266
kroA100.tsp	3.10	1220597	1220597	25573
kroA100.tsp	3.04	1220597	1220597	26192
kroA100.tsp	3.11	1220597	1220597	27982
kroA100.tsp	3.03	1220597	1220597	26716
kroA150.tsp	4.23	1220597	1220597	37457
kroA150.tsp	4.22	1220597	1220597	41749
kroA150.tsp	4.23	1220597	1220597	36669
kroA150.tsp	4.21	1220597	1220597	41225
kroA150.tsp	4.25	1220597	1220597	40816
kroA150.tsp	4.24	1220597	1220597	41762
kroA150.tsp	4.23	1220597	1220597	34646
kroA150.tsp	4.50	1220597	1220597	38157
kroA150.tsp	4.22	1220597	1220597	42583
kroA150.tsp	4.28	1220597	1220597	39943
kroA200.tsp	5.35	1220597	1220597	47116
kroA200.tsp	5.38	1220597	1220597	52533
kroA200.tsp	5.36	1220597	1220597	47918
kroA200.tsp	5.36	1220597	1220597	49532
kroA200.tsp	5.43	1220597	1220597	47944
kroA200.tsp	5.36	1220597	1220597	46879
kroA200.tsp	5.38	1220597	1220597	52033
kroA200.tsp	5.37	1220597	1220597	47963
kroA200.tsp	5.40	1220597	1220597	53075
kroA200.tsp	5.33	1220597	1220597	52076
kroB100.tsp	3.12	1220597	1220597	26334
kroB100.tsp	3.12	1220597	1220597	28205
kroB100.tsp	3.02	1220597	1220597	28762
kroB100.tsp	3.15	1220597	1220597	31113
kroB100.tsp	3.05	1220597	1220597	27216
kroB100.tsp	3.11	1220597	1220597	30846
kroB100.tsp	3.12	1220597	1220597	28324
kroB100.tsp	3.05	1220597	1220597	31282
kroB100.tsp	3.06	1220597	1220597	26651
kroB100.tsp	3.07	1220597	1220597	27824
kroB150.tsp	4.23	1220597	1220597	40747
kroB150.tsp	4.25	1220597	1220597	39484
kroB150.tsp	4.26	1220597	1220597	42740
kroB150.tsp	4.23	1220597	1220597	41669
kroB150.tsp	4.24	1220597	1220597	38015
kroB150.tsp	4.23	1220597	1220597	38434
kroB150.tsp	4.27	1220597	1220597	40904
kroB150.tsp	4.24	1220597	1220597	38863
kroB150.tsp	4.23	1220597	1220597	40552
kroB150.tsp	4.22	1220597	1220597	41436
kroB200.tsp	5.35	1220597	1220597	54042
kroB200.tsp	5.35	1220597	1220597	47606
kroB200.tsp	5.36	1220597	1220597	50070
kroB200.tsp	5.34	1220597	1220597	47213
kroB200.tsp	5.39	1220597	1220597	52872
kroB200.tsp	5.39	1220597	1220597	48237
kroB200.tsp	5.41	1220597	1220597	49476
kroB200.tsp	5.40	1220597	1220597	48684
kroB200.tsp	5.36	1220597	1220597	49894
kroB200.tsp	5.36	1220597	1220597	49961
kroC100.tsp	3.33	1220597	1220597	24590
kroC100.tsp	3.09	1220597	1220597	25620
kroC100.tsp	3.10	1220597	1220597	28251
kroC100.tsp	3.04	1220597	1220597	27213
kroC100.tsp	3.07	1220597	1220597	29189
kroC100.tsp	3.02	1220597	1220597	27209
kroC100.tsp	3.13	1220597	1220597	26800
kroC100.tsp	3.11	1220597	1220597	28030
kroC100.tsp	3.09	1220597	1220597	27150
kroC100.tsp	3.10	1220597	1220597	26347
kroD100.tsp	3.11	1220597	1220597	27154
kroD100.tsp	3.02	1220597	1220597	26630
kroD100.tsp	3.05	1220597	1220597	25640
kroD100.tsp	3.11	1220597	1220597	25566
kroD100.tsp	3.09	1220597	1220597	26082
kroD100.tsp	3.11	1220597	1220597	27855
kroD100.tsp	3.12	1220597	1220597	27746
kroD100.tsp	3.11	1220597	1220597	30286
kroD100.tsp	3.09	1220597	1220597	31564
kroD100.tsp	3.02	1220597	1220597	26849
kroE100.tsp	3.11	1220597	1220597	28568
kroE100.tsp	3.06	1220597	1220597	26484
kroE100.tsp	3.11	1220597	1220597	29762
kroE100.tsp	3.04	1220597	1220597	28249
kroE100.tsp	3.12	1220597	1220597	28239
kroE100.tsp	3.09	1220597	1220597	29678
kroE100.tsp	3.06	1220597	1220597	29153
kroE100.tsp	3.12	1220597	1220597	28594
kroE100.tsp	3.12	1220597	1220597	26029
kroE100.tsp	3.11	1220597	1220597	29045
lin105.tsp	3.15	1220597	1220597	19672
lin105.tsp	3.19	1220597	1220597	20636
lin105.tsp	3.15	1220597	1220597	21065
lin105.tsp	3.14	1220597	1220597	19951
lin105.tsp	3.16	1220597	1220597	20643
lin105.tsp	3.16	1220597	1220597	19134
lin105.tsp	3.18	1220597	1220597	18218
lin105.tsp	3.18	1220597	1220597	20936
lin105.tsp	3.17	1220597	1220597	21207
lin105.tsp	3.20	1220597	1220597	19984
lin318.tsp	8.04	1220597	1220597	106828
lin318.tsp	8.00	1220597	1220597	83213
lin318.tsp	8.02	1220597	1220597	97243
lin318.tsp	8.08	1220597	1220597	91394
lin318.tsp	8.03	1220597	1220597	87887
lin318.tsp	10.61	1220597	1220597	79301
lin318.tsp	8.01	1220597	1220597	86293
lin318.tsp	8.02	1220597	1220597	82934
lin318.tsp	8.02	1220597	1220597	91941
lin318.tsp	8.03	1220597	1220597	93604
linhp318.tsp	8.01	1220597	1220597	85571
linhp318.tsp	8.01	1220597	1220597	83344
linhp318.tsp	8.05	1220597	1220597	88133
linhp318.tsp	8.03	1220597	1220597	78598
linhp318.tsp	8.02	1220597	1220597	96510
linhp318.tsp	8.02	1220597	1220597	90303
linhp318.tsp	8.04	1220597	1220597	100117
linhp318.tsp	8.02	1220597	1220597	95521
linhp318.tsp	8.02	1220597	1220597	90293
linhp318.tsp	8.05	1220597	1220597	95400
pr107.tsp	3.22	1220597	1220597	65867
pr107.tsp	3.22	1220597	1220597	69344
pr107.tsp	3.22	1220597	1220597	67034
pr107.tsp	3.23	1220597	1220597	82210
pr107.tsp	3.21	1220597	1220597	54206
pr107.tsp	3.23	1220597	1220597	66273
pr107.tsp	3.21	1220597	1220597	64346
pr107.tsp	3.23	1220597	1220597	78963
pr107.tsp	3.20	1220597	1220597	55952
pr107.tsp	3.22	1220597	1220597	77160
pr124.tsp	3.58	1220597	1220597	93410
pr124.tsp	3.58	1220597	1220597	91987
pr124.tsp	3.61	1220597	1220597	98232
pr124.tsp	3.60	1220597	1220597	88149
pr124.tsp	3.60	1220597	1220597	97427
pr124.tsp	3.61	1220597	1220597	92768
pr124.tsp	3.58	1220597	1220597	108535
pr124.tsp	3.58	1220597	1220597	89795
pr124.tsp	3.62	1220597	1220597	98111
pr124.tsp	3.60	1220597	1220597	95789
pr136.tsp	3.98	1220597	1220597	146703
pr136.tsp	3.94	1220597	1220597	132801
pr136.tsp	3.93	1220597	1220597	140298
pr136.tsp	3.93	1220597	1220597	146399
pr136.tsp	3.94	1220597	1220597	138124
pr136.tsp	3.92	1220597	1220597	140261
pr136.tsp	5.86	1220597	1220597	128927
pr136.tsp	3.92	1220597	1220597	139297
pr136.tsp	3.93	1220597	1220597	128651
pr136.tsp	3.93	1220597	1220597	157876
pr144.tsp	4.08	1220597	1220597	114658
pr144.tsp	4.08	1220597	1220597	114868
pr144.tsp	4.11	1220597	1220597	131242
pr144.tsp	4.10	1220597	1220597	116231
pr144.tsp	4.09	1220597	1220597	119271
pr144.tsp	4.10	1220597	1220597	101325
pr144.tsp	4.09	1220597	1220597	109123
pr144.tsp	4.13	1220597	1220597	109942
pr144.tsp	4.06	1220597	1220597	100264
pr144.tsp	4.11	1220597	1220597	112478
pr152.tsp	4.26	1220597	1220597	164734
pr152.tsp	4.25	1220597	1220597	140275
pr152.tsp	4.27	1220597	1220597	131815
pr152.tsp	4.27	1220597	1220597	138066
pr152.tsp	4.29	1220597	1220597	131329
pr152.tsp	4.29	1220597	1220597	125379
pr152.tsp	4.26	1220597	1220597	158102
pr152.tsp	4.26	1220597	1220597	131012
pr152.tsp	4.28	1220597	1220597	150470
pr152.tsp	4.25	1220597	1220597	142646
pr226.tsp	5.94	1220597	1220597	242287
pr226.tsp	5.99	1220597	1220597	272522
pr226.tsp	6.02	1220597	1220597	233320
pr226.tsp	5.99	1220597	1220597	210103
pr226.tsp	5.98	1220597	1220597	216109
pr226.tsp	5.96	1220597	1220597	201193
pr226.tsp	5.98	1220597	1220597	221599
pr226.tsp	5.95	1220597	1220597	220071
pr226.tsp	5.94	1220597	1220597	189145
pr226.tsp	5.97	1220597	1220597	194284
pr264.tsp	6.75	1220597	1220597	126009
pr264.tsp	6.76	1220597	1220597	138745
pr264.tsp	6.73	1220597	1220597	119883
pr264.tsp	6.74	1220597	1220597	131373
pr264.tsp	6.78	1220597	1220597	134002
pr264.tsp	6.76	1220597	1220597	128174
pr264.tsp	6.76	1220597	1220597	118532
pr264.tsp	6.73	1220597	1220597	117418
pr264.tsp	6.76	1220597	1220597	159967
pr264.tsp	6.73	1220597	1220597	135139
pr299.tsp	7.56	1220597	1220597	106749
pr299.tsp	7.58	1220597	1220597	101602
pr299.tsp	7.57	1220597	1220597	96733
pr299.tsp	7.60	1220597	1220597	95379
pr299.tsp	7.58	1220597	1220597	106123
pr299.tsp	7.56	1220597	1220597	100274
pr299.tsp	7.56	1220597	1220597	102045
pr299.tsp	7.56	1220597	1220597	103377
pr299.tsp	7.86	1220597	1220597	98778
pr299.tsp	7.57	1220597	1220597	105427
pr439.tsp	11.01	1220597	1220597	257299
pr439.tsp	11.04	1220597	1220597	270951
pr439.tsp	11.02	1220597	1220597	260060
pr439.tsp	11.03	1220597	1220597	261865
pr439.tsp	11.03	1220597	1220597	271892
pr439.tsp	11.01	1220597	1220597	252842
pr439.tsp	11.06	1220597	1220597	286556
pr439.tsp	14.21	1220597	1220597	292286
pr439.tsp	11.01	1220597	1220597	287123
pr439.tsp	11.00	1220597	1220597	266269
pr76.tsp	2.56	1220597	1220597	126005
pr76.tsp	2.56	1220597	1220597	122551
pr76.tsp	2.55	1220597	1220597	137224
pr76.tsp	2.55	1220597	1220597	137181
pr76.tsp	2.52	1220597	1220597	122165
pr76.tsp	2.55	1220597	1220597	130312
pr76.tsp	2.52	1220597	1220597	135593
pr76.tsp	2.52	1220597	1220597	136845
pr76.tsp	2.55	1220597	1220597	139566
pr76.tsp	2.57	1220597	1220597	122319
rat575.tsp	15.19	1220597	1220597	16042
rat575.tsp	15.19	1220597	1220597	16756
rat575.tsp	15.19	1220597	1220597	15311
rat575.tsp	15.19	1220597	1220597	16059
rat575.tsp	15.24	1220597	1220597	16246
rat575.tsp	15.19	1220597	1220597	14983
rat575.tsp	15.18	1220597	1220597	15787
rat575.tsp	15.21	1220597	1220597	15775
rat575.tsp	15.19	1220597	1220597	15411
rat575.tsp	15.22	1220597	1220597	14825
rat783.tsp	21.36	1220597	1220597	24898
rat783.tsp	21.36	1220597	1220597	25368
rat783.tsp	21.21	1220597	1220597	25125
rat783.tsp	21.27	1220597	1220597	25987
rat783.tsp	21.14	1220597	1220597	24270
rat783.tsp	21.14	1220597	1220597	25962
rat783.tsp	21.18	1220597	1220597	25050
rat783.tsp	21.31	1220597	1220597	25675
rat783.tsp	21.52	1220597	1220597	26466
rat783.tsp	21.34	1220597	1220597	26681
rat99.tsp	3.10	1220597	1220597	1530
rat99.tsp	3.41	1220597	1220597	1405
rat99.tsp	3.07	1220597	1220597	1616
rat99.tsp	3.12	1220597	1220597	1406
rat99.tsp	3.09	1220597	1220597	1483
rat99.tsp	3.09	1220597	1220597	1464
rat99.tsp	3.09	1220597	1220597	1570
rat99.tsp	3.09	1220597	1220597	1404
rat99.tsp	3.10	1220597	1220597	1391
rat99.tsp	3.13	1220597	1220597	1425
