a280.tsp	1.60	271235	271235	5853
a280.tsp	1.60	271235	271235	5718
a280.tsp	1.60	271235	271235	6171
a280.tsp	1.60	271235	271235	5567
a280.tsp	1.60	271235	271235	5848
a280.tsp	1.60	271235	271235	5781
a280.tsp	1.60	271235	271235	5880
a280.tsp	1.60	271235	271235	6060
a280.tsp	1.60	271235	271235	5824
a280.tsp	1.60	271235	271235	5911
berlin52.tsp	0.45	271235	271235	9182
berlin52.tsp	0.45	271235	271235	9328
berlin52.tsp	0.44	271235	271235	8930
berlin52.tsp	0.44	271235	271235	9360
berlin52.tsp	0.44	271235	271235	7837
berlin52.tsp	0.45	271235	271235	9622
berlin52.tsp	0.44	271235	271235	8669
berlin52.tsp	0.45	271235	271235	8430
berlin52.tsp	0.45	271235	271235	8609
berlin52.tsp	0.44	271235	271235	8457
bier127.tsp	0.82	271235	271235	158734
bier127.tsp	0.83	271235	271235	169967
bier127.tsp	0.83	271235	271235	166682
bier127.tsp	0.82	271235	271235	160874
bier127.tsp	0.82	271235	271235	162981
bier127.tsp	0.82	271235	271235	167507
bier127.tsp	0.83	271235	271235	174242
bier127.tsp	0.82	271235	271235	179752
bier127.tsp	0.82	271235	271235	170761
bier127.tsp	0.83	271235	271235	160158
eil101.tsp	0.69	271235	271235	771
eil101.tsp	0.69	271235	271235	782
eil101.tsp	0.70	271235	271235	805
eil101.tsp	0.70	271235	271235	791
eil101.tsp	0.69	271235	271235	808
eil101.tsp	0.69	271235	271235	801
eil101.tsp	0.70	271235	271235	812
eil101.tsp	0.74	271235	271235	824
eil101.tsp	0.69	271235	271235	751
eil101.tsp	0.69	271235	271235	818
eil51.tsp	0.44	271235	271235	470
eil51.tsp	0.44	271235	271235	451
eil51.tsp	0.45	271235	271235	471
eil51.tsp	0.45	271235	271235	461
eil51.tsp	0.45	271235	271235	465
eil51.tsp	0.45	271235	271235	487
eil51.tsp	0.45	271235	271235	450
eil51.tsp	0.44	271235	271235	491
eil51.tsp	0.52	271235	271235	480
eil51.tsp	0.45	271235	271235	460
eil76.tsp	0.56	271235	271235	665
eil76.tsp	0.57	271235	271235	639
eil76.tsp	0.60	271235	271235	657
eil76.tsp	0.57	271235	271235	645
eil76.tsp	0.58	271235	271235	641
eil76.tsp	0.57	271235	271235	647
eil76.tsp	0.57	271235	271235	647
eil76.tsp	0.57	271235	271235	654
eil76.tsp	0.57	271235	271235	648
eil76.tsp	0.57	271235	271235	606
gil262.tsp	1.50	271235	271235	5065
gil262.tsp	1.51	271235	271235	4849
gil262.tsp	1.51	271235	271235	5054
gil262.tsp	1.50	271235	271235	5213
gil262.tsp	1.50	271235	271235	5182
gil262.tsp	1.50	271235	271235	5318
gil262.tsp	1.50	271235	271235	5105
gil262.tsp	1.50	271235	271235	4865
gil262.tsp	1.50	271235	271235	4693
gil262.tsp	1.50	271235	271235	4475
kroA100.tsp	0.69	271235	271235	31802
kroA100.tsp	0.69	271235	271235	34466
kroA100.tsp	0.68	271235	271235	32777
kroA100.tsp	0.69	271235	271235	32135
kroA100.tsp	0.69	271235	271235	31623
kroA100.tsp	0.67	271235	271235	35237
kroA100.tsp	0.69	271235	271235	29299
kroA100.tsp	0.68	271235	271235	35339
kroA100.tsp	0.69	271235	271235	31958
kroA100.tsp	0.67	271235	271235	29935
kroA150.tsp	0.94	271235	271235	48589
kroA150.tsp	0.94	271235	271235	47878
kroA150.tsp	0.94	271235	271235	46274
kroA150.tsp	0.94	271235	271235	42607
kroA150.tsp	0.94	271235	271235	50910
kroA150.tsp	0.94	271235	271235	47223
kroA150.tsp	0.94	271235	271235	48356
kroA150.tsp	0.94	271235	271235	43023
kroA150.tsp	0.94	271235	271235	48173
kroA150.tsp	0.94	271235	271235	51411
kroA200.tsp	1.19	271235	271235	60825
kroA200.tsp	1.19	271235	271235	51500
kroA200.tsp	1.21	271235	271235	60770
kroA200.tsp	1.20	271235	271235	61246
kroA200.tsp	1.19	271235	271235	57717
kroA200.tsp	1.19	271235	271235	68780
kroA200.tsp	1.19	271235	271235	57017
kroA200.tsp	1.20	271235	271235	60244
kroA200.tsp	1.19	271235	271235	62819
kroA200.tsp	1.20	271235	271235	53750
kroB100.tsp	0.69	271235	271235	35364
kroB100.tsp	0.69	271235	271235	31936
kroB100.tsp	0.68	271235	271235	33903
kroB100.tsp	0.68	271235	271235	32763
kroB100.tsp	0.70	271235	271235	32800
kroB100.tsp	0.68	271235	271235	34385
kroB100.tsp	0.76	271235	271235	31816
kroB100.tsp	0.69	271235	271235	30162
kroB100.tsp	0.68	271235	271235	33041
kroB100.tsp	0.67	271235	271235	37824
kroB150.tsp	0.94	271235	271235	50200
kroB150.tsp	0.94	271235	271235	48317
kroB150.tsp	0.94	271235	271235	47359
kroB150.tsp	0.95	271235	271235	47333
kroB150.tsp	0.94	271235	271235	40399
kroB150.tsp	0.94	271235	271235	48477
kroB150.tsp	0.94	271235	271235	42579
kroB150.tsp	0.94	271235	271235	44342
kroB150.tsp	0.94	271235	271235	46155
kroB150.tsp	0.94	271235	271235	48969
kroB200.tsp	1.20	271235	271235	54867
kroB200.tsp	1.18	271235	271235	54533
kroB200.tsp	1.19	271235	271235	55174
kroB200.tsp	1.19	271235	271235	52753
kroB200.tsp	1.19	271235	271235	62217
kroB200.tsp	1.20	271235	271235	57413
kroB200.tsp	1.19	271235	271235	55532
kroB200.tsp	1.20	271235	271235	61231
kroB200.tsp	1.20	271235	271235	61249
kroB200.tsp	1.19	271235	271235	58196
kroC100.tsp	0.68	271235	271235	34124
kroC100.tsp	0.69	271235	271235	30581
kroC100.tsp	0.68	271235	271235	32390
kroC100.tsp	0.69	271235	271235	32594
kroC100.tsp	0.68	271235	271235	29433
kroC100.tsp	0.69	271235	271235	35074
kroC100.tsp	0.67	271235	271235	30306
kroC100.tsp	0.68	271235	271235	31617
kroC100.tsp	0.68	271235	271235	29731
kroC100.tsp	0.67	271235	271235	32940
kroD100.tsp	0.68	271235	271235	33457
kroD100.tsp	0.69	271235	271235	31396
kroD100.tsp	0.69	271235	271235	29126
kroD100.tsp	0.68	271235	271235	33561
kroD100.tsp	0.69	271235	271235	32772
kroD100.tsp	0.67	271235	271235	29685
kroD100.tsp	0.68	271235	271235	33503
kroD100.tsp	0.68	271235	271235	29762
kroD100.tsp	0.69	271235	271235	30852
kroD100.tsp	0.68	271235	271235	32838
kroE100.tsp	0.67	271235	271235	36501
kroE100.tsp	0.69	271235	271235	31521
kroE100.tsp	0.69	271235	271235	31878
kroE100.tsp	0.68	271235	271235	30731
kroE100.tsp	0.69	271235	271235	33837
kroE100.tsp	0.69	271235	271235	33786
kroE100.tsp	0.68	271235	271235	35164
kroE100.tsp	0.68	271235	271235	29728
kroE100.tsp	0.68	271235	271235	35017
kroE100.tsp	0.67	271235	271235	34694
lin105.tsp	0.70	271235	271235	22848
lin105.tsp	0.70	271235	271235	21889
lin105.tsp	0.70	271235	271235	24864
lin105.tsp	0.70	271235	271235	22501
lin105.tsp	0.70	271235	271235	25848
lin105.tsp	0.70	271235	271235	21927
lin105.tsp	0.70	271235	271235	23561
lin105.tsp	0.70	271235	271235	25242
lin105.tsp	0.70	271235	271235	22901
lin105.tsp	0.70	271235	271235	22874
lin318.tsp	1.79	271235	271235	106469
lin318.tsp	1.79	271235	271235	112392
lin318.tsp	1.79	271235	271235	109572
lin318.tsp	1.79	271235	271235	109727
lin318.tsp	1.78	271235	271235	110003
lin318.tsp	1.79	271235	271235	105335
lin318.tsp	1.79	271235	271235	115244
lin318.tsp	1.79	271235	271235	112732
lin318.tsp	1.79	271235	271235	106792
lin318.tsp	1.79	271235	271235	99969
linhp318.tsp	1.79	271235	271235	102043
linhp318.tsp	1.79	271235	271235	98948
linhp318.tsp	1.79	271235	271235	108761
linhp318.tsp	1.79	271235	271235	112655
linhp318.tsp	1.79	271235	271235	98033
linhp318.tsp	1.79	271235	271235	108761
linhp318.tsp	1.79	271235	271235	107160
linhp318.tsp	1.78	271235	271235	101118
linhp318.tsp	1.79	271235	271235	110882
linhp318.tsp	1.78	271235	271235	110113
pr107.tsp	0.72	271235	271235	83685
pr107.tsp	0.71	271235	271235	87899
pr107.tsp	0.71	271235	271235	97126
pr107.tsp	0.71	271235	271235	71999
pr107.tsp	0.71	271235	271235	86133
pr107.tsp	0.72	271235	271235	99654
pr107.tsp	0.71	271235	271235	119007
pr107.tsp	0.71	271235	271235	90448
pr107.tsp	0.71	271235	271235	98754
pr107.tsp	0.72	271235	271235	78379
pr124.tsp	0.80	271235	271235	122551
pr124.tsp	0.80	271235	271235	114916
pr124.tsp	0.80	271235	271235	122832
pr124.tsp	0.80	271235	271235	118314
pr124.tsp	0.80	271235	271235	115994
pr124.tsp	0.79	271235	271235	121843
pr124.tsp	0.80	271235	271235	128754
pr124.tsp	0.80	271235	271235	125056
pr124.tsp	0.80	271235	271235	121884
pr124.tsp	0.80	271235	271235	117476
pr136.tsp	0.86	271235	271235	151596
pr136.tsp	0.87	271235	271235	179245
pr136.tsp	0.86	271235	271235	142198
pr136.tsp	0.87	271235	271235	159828
pr136.tsp	0.87	271235	271235	169412
pr136.tsp	0.87	271235	271235	157580
pr136.tsp	0.88	271235	271235	158979
pr136.tsp	0.86	271235	271235	159615
pr136.tsp	0.87	271235	271235	181387
pr136.tsp	0.87	271235	271235	159684
pr144.tsp	0.91	271235	271235	149747
pr144.tsp	0.91	271235	271235	124951
pr144.tsp	0.91	271235	271235	149029
pr144.tsp	0.90	271235	271235	155987
pr144.tsp	0.91	271235	271235	135960
pr144.tsp	0.90	271235	271235	141306
pr144.tsp	0.91	271235	271235	154724
pr144.tsp	0.91	271235	271235	135765
pr144.tsp	0.91	271235	271235	126226
pr144.tsp	0.92	271235	271235	144845
pr152.tsp	0.95	271235	271235	218924
pr152.tsp	0.95	271235	271235	194946
pr152.tsp	0.96	271235	271235	192205
pr152.tsp	0.95	271235	271235	192075
pr152.tsp	0.95	271235	271235	187628
pr152.tsp	0.95	271235	271235	187107
pr152.tsp	0.95	271235	271235	170384
pr152.tsp	0.94	271235	271235	194799
pr152.tsp	0.95	271235	271235	187793
pr152.tsp	0.96	271235	271235	206346
pr226.tsp	1.33	271235	271235	268664
pr226.tsp	1.36	271235	271235	264379
pr226.tsp	1.32	271235	271235	275941
pr226.tsp	1.32	271235	271235	279450
pr226.tsp	1.32	271235	271235	290499
pr226.tsp	1.32	271235	271235	292535
pr226.tsp	1.33	271235	271235	293721
pr226.tsp	1.32	271235	271235	283481
pr226.tsp	1.32	271235	271235	286707
pr226.tsp	1.32	271235	271235	294625
pr264.tsp	1.50	271235	271235	180323
pr264.tsp	1.50	271235	271235	204433
pr264.tsp	1.50	271235	271235	179506
pr264.tsp	1.50	271235	271235	167097
pr264.tsp	1.50	271235	271235	199330
pr264.tsp	1.50	271235	271235	179791
pr264.tsp	1.50	271235	271235	184452
pr264.tsp	1.50	271235	271235	174865
pr264.tsp	1.50	271235	271235	161782
pr264.tsp	1.50	271235	271235	203680
pr299.tsp	1.69	271235	271235	125202
pr299.tsp	1.69	271235	271235	134013
pr299.tsp	1.68	271235	271235	128777
pr299.tsp	1.68	271235	271235	120396
pr299.tsp	1.68	271235	271235	111034
pr299.tsp	1.68	271235	271235	129025
pr299.tsp	1.70	271235	271235	124056
pr299.tsp	1.69	271235	271235	122010
pr299.tsp	1.68	271235	271235	126426
pr299.tsp	1.68	271235	271235	123877
pr439.tsp	2.45	271235	271235	348293
pr439.tsp	2.46	271235	271235	354091
pr439.tsp	2.45	271235	271235	381202
pr439.tsp	2.45	271235	271235	370040
pr439.tsp	2.47	271235	271235	335434
pr439.tsp	2.46	271235	271235	375271
pr439.tsp	2.46	271235	271235	368237
pr439.tsp	2.45	271235	271235	387017
pr439.tsp	2.45	271235	271235	369289
pr439.tsp	2.44	271235	271235	378804
pr76.tsp	0.56	271235	271235	131921
pr76.tsp	0.56	271235	271235	137527
pr76.tsp	0.56	271235	271235	143557
pr76.tsp	0.57	271235	271235	147500
pr76.tsp	0.56	271235	271235	135221
pr76.tsp	0.56	271235	271235	145281
pr76.tsp	0.56	271235	271235	141299
pr76.tsp	0.56	271235	271235	138086
pr76.tsp	0.56	271235	271235	149513
pr76.tsp	0.57	271235	271235	138607
rat575.tsp	3.38	271235	271235	20776
rat575.tsp	3.37	271235	271235	21012
rat575.tsp	3.37	271235	271235	20540
rat575.tsp	3.38	271235	271235	20667
rat575.tsp	3.37	271235	271235	20302
rat575.tsp	3.38	271235	271235	20855
rat575.tsp	3.37	271235	271235	23118
rat575.tsp	3.38	271235	271235	21044
rat575.tsp	3.38	271235	271235	22265
rat575.tsp	3.37	271235	271235	23173
rat783.tsp	4.71	271235	271235	35301
rat783.tsp	4.78	271235	271235	34651
rat783.tsp	4.70	271235	271235	34925
rat783.tsp	4.69	271235	271235	35546
rat783.tsp	4.72	271235	271235	36554
rat783.tsp	4.72	271235	271235	34716
rat783.tsp	4.79	271235	271235	33601
rat783.tsp	4.72	271235	271235	34447
rat783.tsp	4.72	271235	271235	35746
rat783.tsp	4.72	271235	271235	37822
rat99.tsp	0.69	271235	271235	1592
rat99.tsp	0.68	271235	271235	1590
rat99.tsp	0.68	271235	271235	1620
rat99.tsp	0.68	271235	271235	1627
rat99.tsp	0.68	271235	271235	1627
rat99.tsp	0.68	271235	271235	1702
rat99.tsp	0.68	271235	271235	1658
rat99.tsp	0.68	271235	271235	1715
rat99.tsp	0.68	271235	271235	1691
rat99.tsp	0.68	271235	271235	1568
