a280.tsp	4.79	813727	813727	5450
a280.tsp	4.80	813727	813727	4910
a280.tsp	4.79	813727	813727	5373
a280.tsp	4.79	813727	813727	5069
a280.tsp	4.79	813727	813727	5280
a280.tsp	4.81	813727	813727	4776
a280.tsp	4.78	813727	813727	5543
a280.tsp	4.80	813727	813727	5032
a280.tsp	4.80	813727	813727	4607
a280.tsp	4.82	813727	813727	4992
berlin52.tsp	1.35	813727	813727	8898
berlin52.tsp	1.34	813727	813727	8630
berlin52.tsp	1.32	813727	813727	9261
berlin52.tsp	1.34	813727	813727	7979
berlin52.tsp	1.33	813727	813727	9402
berlin52.tsp	1.34	813727	813727	8096
berlin52.tsp	1.34	813727	813727	8148
berlin52.tsp	1.36	813727	813727	8303
berlin52.tsp	1.32	813727	813727	8825
berlin52.tsp	1.34	813727	813727	8471
bier127.tsp	2.49	813727	813727	154731
bier127.tsp	2.49	813727	813727	157505
bier127.tsp	2.50	813727	813727	154295
bier127.tsp	2.46	813727	813727	149854
bier127.tsp	2.50	813727	813727	149634
bier127.tsp	2.50	813727	813727	166235
bier127.tsp	2.51	813727	813727	161616
bier127.tsp	2.46	813727	813727	161498
bier127.tsp	2.48	813727	813727	145672
bier127.tsp	2.47	813727	813727	151077
eil101.tsp	2.10	813727	813727	736
eil101.tsp	2.10	813727	813727	735
eil101.tsp	2.08	813727	813727	763
eil101.tsp	2.08	813727	813727	761
eil101.tsp	2.08	813727	813727	756
eil101.tsp	2.09	813727	813727	688
eil101.tsp	2.08	813727	813727	774
eil101.tsp	2.08	813727	813727	753
eil101.tsp	2.07	813727	813727	733
eil101.tsp	2.09	813727	813727	746
eil51.tsp	1.34	813727	813727	443
eil51.tsp	1.35	813727	813727	459
eil51.tsp	1.34	813727	813727	457
eil51.tsp	1.36	813727	813727	431
eil51.tsp	1.34	813727	813727	440
eil51.tsp	1.35	813727	813727	453
eil51.tsp	1.34	813727	813727	447
eil51.tsp	1.35	813727	813727	437
eil51.tsp	1.35	813727	813727	476
eil51.tsp	1.36	813727	813727	490
eil76.tsp	1.70	813727	813727	607
eil76.tsp	1.70	813727	813727	623
eil76.tsp	1.71	813727	813727	634
eil76.tsp	1.71	813727	813727	577
eil76.tsp	1.70	813727	813727	584
eil76.tsp	1.70	813727	813727	621
eil76.tsp	1.71	813727	813727	617
eil76.tsp	1.72	813727	813727	648
eil76.tsp	1.70	813727	813727	595
eil76.tsp	1.71	813727	813727	595
gil262.tsp	4.52	813727	813727	4450
gil262.tsp	4.51	813727	813727	4441
gil262.tsp	4.52	813727	813727	4289
gil262.tsp	4.50	813727	813727	4572
gil262.tsp	4.53	813727	813727	4428
gil262.tsp	4.53	813727	813727	4329
gil262.tsp	4.50	813727	813727	4576
gil262.tsp	4.50	813727	813727	3843
gil262.tsp	4.52	813727	813727	4841
gil262.tsp	4.52	813727	813727	4033
kroA100.tsp	2.08	813727	813727	30997
kroA100.tsp	2.02	813727	813727	25253
kroA100.tsp	2.07	813727	813727	28644
kroA100.tsp	2.07	813727	813727	30889
kroA100.tsp	2.08	813727	813727	27411
kroA100.tsp	2.06	813727	813727	26661
kroA100.tsp	2.02	813727	813727	27805
kroA100.tsp	2.02	813727	813727	29652
kroA100.tsp	2.08	813727	813727	28776
kroA100.tsp	2.08	813727	813727	31418
kroA150.tsp	2.80	813727	813727	42021
kroA150.tsp	2.83	813727	813727	39182
kroA150.tsp	2.82	813727	813727	40381
kroA150.tsp	2.82	813727	813727	40431
kroA150.tsp	2.80	813727	813727	38265
kroA150.tsp	2.82	813727	813727	42918
kroA150.tsp	2.84	813727	813727	41653
kroA150.tsp	2.84	813727	813727	42999
kroA150.tsp	2.83	813727	813727	37651
kroA150.tsp	2.81	813727	813727	39893
kroA200.tsp	3.57	813727	813727	55473
kroA200.tsp	3.58	813727	813727	44459
kroA200.tsp	3.58	813727	813727	48953
kroA200.tsp	3.58	813727	813727	48499
kroA200.tsp	3.57	813727	813727	56162
kroA200.tsp	3.60	813727	813727	57004
kroA200.tsp	3.59	813727	813727	53474
kroA200.tsp	3.58	813727	813727	53685
kroA200.tsp	3.60	813727	813727	50530
kroA200.tsp	3.59	813727	813727	48741
kroB100.tsp	2.04	813727	813727	29354
kroB100.tsp	2.02	813727	813727	27043
kroB100.tsp	2.08	813727	813727	27893
kroB100.tsp	2.04	813727	813727	29349
kroB100.tsp	2.02	813727	813727	29737
kroB100.tsp	2.03	813727	813727	31177
kroB100.tsp	2.05	813727	813727	29475
kroB100.tsp	2.02	813727	813727	27973
kroB100.tsp	2.04	813727	813727	28651
kroB100.tsp	2.03	813727	813727	28280
kroB150.tsp	2.84	813727	813727	44545
kroB150.tsp	2.83	813727	813727	42129
kroB150.tsp	2.85	813727	813727	38204
kroB150.tsp	2.84	813727	813727	41313
kroB150.tsp	2.82	813727	813727	38383
kroB150.tsp	2.81	813727	813727	39119
kroB150.tsp	2.84	813727	813727	39020
kroB150.tsp	2.82	813727	813727	45440
kroB150.tsp	2.83	813727	813727	40492
kroB150.tsp	2.84	813727	813727	41412
kroB200.tsp	3.57	813727	813727	49601
kroB200.tsp	3.56	813727	813727	49866
kroB200.tsp	3.56	813727	813727	51038
kroB200.tsp	3.55	813727	813727	50024
kroB200.tsp	3.57	813727	813727	52391
kroB200.tsp	3.56	813727	813727	55284
kroB200.tsp	3.59	813727	813727	53370
kroB200.tsp	3.60	813727	813727	53159
kroB200.tsp	3.61	813727	813727	48976
kroB200.tsp	3.56	813727	813727	52749
kroC100.tsp	2.03	813727	813727	28306
kroC100.tsp	2.08	813727	813727	28150
kroC100.tsp	2.02	813727	813727	27974
kroC100.tsp	2.04	813727	813727	29291
kroC100.tsp	2.02	813727	813727	28471
kroC100.tsp	2.04	813727	813727	29121
kroC100.tsp	2.02	813727	813727	29422
kroC100.tsp	2.06	813727	813727	29106
kroC100.tsp	2.06	813727	813727	28021
kroC100.tsp	2.08	813727	813727	30581
kroD100.tsp	2.03	813727	813727	31416
kroD100.tsp	2.07	813727	813727	31580
kroD100.tsp	2.09	813727	813727	31309
kroD100.tsp	2.06	813727	813727	30276
kroD100.tsp	2.02	813727	813727	29303
kroD100.tsp	2.07	813727	813727	29722
kroD100.tsp	2.04	813727	813727	32898
kroD100.tsp	2.07	813727	813727	30133
kroD100.tsp	2.10	813727	813727	27277
kroD100.tsp	2.08	813727	813727	26434
kroE100.tsp	2.08	813727	813727	28060
kroE100.tsp	2.08	813727	813727	31058
kroE100.tsp	2.03	813727	813727	29335
kroE100.tsp	2.07	813727	813727	27676
kroE100.tsp	2.31	813727	813727	31001
kroE100.tsp	2.02	813727	813727	31156
kroE100.tsp	2.05	813727	813727	26100
kroE100.tsp	2.33	813727	813727	27419
kroE100.tsp	2.04	813727	813727	29810
kroE100.tsp	2.03	813727	813727	30986
lin105.tsp	2.12	813727	813727	21338
lin105.tsp	2.15	813727	813727	20694
lin105.tsp	2.12	813727	813727	18745
lin105.tsp	2.12	813727	813727	20543
lin105.tsp	2.14	813727	813727	19652
lin105.tsp	2.09	813727	813727	19556
lin105.tsp	2.12	813727	813727	20690
lin105.tsp	2.08	813727	813727	21125
lin105.tsp	2.12	813727	813727	20780
lin105.tsp	2.12	813727	813727	20887
lin318.tsp	5.34	813727	813727	95341
lin318.tsp	5.36	813727	813727	90639
lin318.tsp	5.35	813727	813727	92411
lin318.tsp	5.36	813727	813727	94620
lin318.tsp	5.36	813727	813727	97907
lin318.tsp	5.35	813727	813727	95584
lin318.tsp	7.06	813727	813727	92879
lin318.tsp	5.35	813727	813727	85282
lin318.tsp	5.33	813727	813727	93715
lin318.tsp	5.36	813727	813727	85640
linhp318.tsp	5.36	813727	813727	97448
linhp318.tsp	5.35	813727	813727	93470
linhp318.tsp	6.88	813727	813727	86200
linhp318.tsp	5.35	813727	813727	95635
linhp318.tsp	5.38	813727	813727	98769
linhp318.tsp	5.37	813727	813727	89103
linhp318.tsp	5.35	813727	813727	92810
linhp318.tsp	5.36	813727	813727	89192
linhp318.tsp	5.37	813727	813727	90495
linhp318.tsp	5.37	813727	813727	81182
pr107.tsp	2.15	813727	813727	70284
pr107.tsp	2.14	813727	813727	82829
pr107.tsp	2.14	813727	813727	79570
pr107.tsp	2.14	813727	813727	79012
pr107.tsp	2.14	813727	813727	65831
pr107.tsp	2.13	813727	813727	71516
pr107.tsp	2.64	813727	813727	83696
pr107.tsp	2.14	813727	813727	78827
pr107.tsp	2.15	813727	813727	69242
pr107.tsp	2.15	813727	813727	64655
pr124.tsp	2.39	813727	813727	103073
pr124.tsp	2.40	813727	813727	88451
pr124.tsp	2.39	813727	813727	103298
pr124.tsp	2.40	813727	813727	104782
pr124.tsp	2.40	813727	813727	108400
pr124.tsp	2.39	813727	813727	94096
pr124.tsp	2.40	813727	813727	98154
pr124.tsp	2.39	813727	813727	98919
pr124.tsp	2.41	813727	813727	98564
pr124.tsp	2.39	813727	813727	97303
pr136.tsp	2.64	813727	813727	137084
pr136.tsp	2.66	813727	813727	143635
pr136.tsp	2.62	813727	813727	151485
pr136.tsp	2.63	813727	813727	132356
pr136.tsp	2.63	813727	813727	142237
pr136.tsp	2.62	813727	813727	166455
pr136.tsp	2.63	813727	813727	155817
pr136.tsp	2.60	813727	813727	128483
pr136.tsp	2.62	813727	813727	162867
pr136.tsp	2.62	813727	813727	136772
pr144.tsp	2.72	813727	813727	131868
pr144.tsp	2.74	813727	813727	118894
pr144.tsp	2.73	813727	813727	118385
pr144.tsp	2.73	813727	813727	108039
pr144.tsp	2.72	813727	813727	120041
pr144.tsp	2.74	813727	813727	112749
pr144.tsp	2.72	813727	813727	119001
pr144.tsp	2.71	813727	813727	119078
pr144.tsp	2.71	813727	813727	120877
pr144.tsp	2.72	813727	813727	120524
pr152.tsp	2.87	813727	813727	158707
pr152.tsp	2.88	813727	813727	147248
pr152.tsp	2.88	813727	813727	142985
pr152.tsp	2.83	813727	813727	147697
pr152.tsp	2.85	813727	813727	149558
pr152.tsp	2.85	813727	813727	166258
pr152.tsp	2.85	813727	813727	182732
pr152.tsp	2.87	813727	813727	136102
pr152.tsp	2.86	813727	813727	172854
pr152.tsp	2.85	813727	813727	148976
pr226.tsp	3.98	813727	813727	224103
pr226.tsp	3.97	813727	813727	224155
pr226.tsp	3.96	813727	813727	221917
pr226.tsp	4.00	813727	813727	237827
pr226.tsp	3.98	813727	813727	222363
pr226.tsp	3.96	813727	813727	231053
pr226.tsp	4.54	813727	813727	230509
pr226.tsp	4.35	813727	813727	214750
pr226.tsp	3.99	813727	813727	247300
pr226.tsp	3.96	813727	813727	226883
pr264.tsp	4.49	813727	813727	152790
pr264.tsp	4.49	813727	813727	135013
pr264.tsp	4.50	813727	813727	151468
pr264.tsp	4.51	813727	813727	133323
pr264.tsp	4.50	813727	813727	140154
pr264.tsp	5.91	813727	813727	125097
pr264.tsp	4.50	813727	813727	168429
pr264.tsp	4.49	813727	813727	100714
pr264.tsp	4.49	813727	813727	142242
pr264.tsp	4.50	813727	813727	132460
pr299.tsp	5.06	813727	813727	103776
pr299.tsp	5.04	813727	813727	103580
pr299.tsp	5.04	813727	813727	103442
pr299.tsp	5.06	813727	813727	115881
pr299.tsp	5.04	813727	813727	105804
pr299.tsp	5.06	813727	813727	110544
pr299.tsp	5.05	813727	813727	100319
pr299.tsp	5.05	813727	813727	111831
pr299.tsp	5.05	813727	813727	108852
pr299.tsp	5.07	813727	813727	97856
pr439.tsp	7.36	813727	813727	280023
pr439.tsp	7.31	813727	813727	299237
pr439.tsp	7.36	813727	813727	320871
pr439.tsp	7.34	813727	813727	292384
pr439.tsp	7.36	813727	813727	291020
pr439.tsp	7.35	813727	813727	289674
pr439.tsp	7.36	813727	813727	284572
pr439.tsp	7.35	813727	813727	303574
pr439.tsp	7.36	813727	813727	265347
pr439.tsp	7.33	813727	813727	303197
pr76.tsp	1.67	813727	813727	133574
pr76.tsp	1.71	813727	813727	135066
pr76.tsp	1.70	813727	813727	131822
pr76.tsp	1.70	813727	813727	138398
pr76.tsp	1.67	813727	813727	135028
pr76.tsp	1.69	813727	813727	136197
pr76.tsp	1.68	813727	813727	136764
pr76.tsp	1.67	813727	813727	129030
pr76.tsp	1.70	813727	813727	127467
pr76.tsp	1.72	813727	813727	135273
rat575.tsp	10.08	813727	813727	16757
rat575.tsp	10.09	813727	813727	16178
rat575.tsp	10.13	813727	813727	16489
rat575.tsp	10.10	813727	813727	17844
rat575.tsp	10.13	813727	813727	17251
rat575.tsp	10.16	813727	813727	16754
rat575.tsp	10.11	813727	813727	17213
rat575.tsp	13.40	813727	813727	16866
rat575.tsp	10.18	813727	813727	16603
rat575.tsp	10.13	813727	813727	17518
rat783.tsp	14.11	813727	813727	26524
rat783.tsp	14.17	813727	813727	26624
rat783.tsp	14.37	813727	813727	27630
rat783.tsp	14.38	813727	813727	28233
rat783.tsp	14.06	813727	813727	29205
rat783.tsp	14.14	813727	813727	28843
rat783.tsp	14.12	813727	813727	26679
rat783.tsp	14.22	813727	813727	27592
rat783.tsp	14.28	813727	813727	27272
rat783.tsp	14.14	813727	813727	26821
rat99.tsp	2.04	813727	813727	1648
rat99.tsp	2.04	813727	813727	1548
rat99.tsp	2.64	813727	813727	1559
rat99.tsp	2.06	813727	813727	1636
rat99.tsp	2.04	813727	813727	1465
rat99.tsp	2.04	813727	813727	1574
rat99.tsp	2.04	813727	813727	1659
rat99.tsp	2.04	813727	813727	1509
rat99.tsp	2.05	813727	813727	1521
rat99.tsp	2.05	813727	813727	1499
