a280.tsp	2.87	488232	488232	5891
a280.tsp	2.88	488232	488232	5833
a280.tsp	2.88	488232	488232	5382
a280.tsp	2.88	488232	488232	5427
a280.tsp	2.88	488232	488232	5146
a280.tsp	2.90	488232	488232	5387
a280.tsp	2.87	488232	488232	5653
a280.tsp	2.88	488232	488232	5300
a280.tsp	2.87	488232	488232	5678
a280.tsp	2.87	488232	488232	5086
berlin52.tsp	0.81	488232	488232	8376
berlin52.tsp	0.79	488232	488232	9338
berlin52.tsp	0.80	488232	488232	7717
berlin52.tsp	0.80	488232	488232	8080
berlin52.tsp	0.80	488232	488232	8836
berlin52.tsp	0.80	488232	488232	8751
berlin52.tsp	0.81	488232	488232	8559
berlin52.tsp	0.81	488232	488232	8789
berlin52.tsp	0.80	488232	488232	8664
berlin52.tsp	0.80	488232	488232	8569
bier127.tsp	1.49	488232	488232	148145
bier127.tsp	1.49	488232	488232	172017
bier127.tsp	1.48	488232	488232	152700
bier127.tsp	1.50	488232	488232	159788
bier127.tsp	1.48	488232	488232	153985
bier127.tsp	1.49	488232	488232	154103
bier127.tsp	1.48	488232	488232	154484
bier127.tsp	1.50	488232	488232	157920
bier127.tsp	1.50	488232	488232	177365
bier127.tsp	1.49	488232	488232	155916
eil101.tsp	1.24	488232	488232	815
eil101.tsp	1.25	488232	488232	789
eil101.tsp	1.24	488232	488232	769
eil101.tsp	1.24	488232	488232	749
eil101.tsp	1.25	488232	488232	693
eil101.tsp	1.24	488232	488232	764
eil101.tsp	1.25	488232	488232	762
eil101.tsp	1.24	488232	488232	767
eil101.tsp	1.25	488232	488232	731
eil101.tsp	1.25	488232	488232	759
eil51.tsp	0.80	488232	488232	464
eil51.tsp	0.82	488232	488232	484
eil51.tsp	0.80	488232	488232	454
eil51.tsp	0.80	488232	488232	467
eil51.tsp	0.80	488232	488232	448
eil51.tsp	0.80	488232	488232	466
eil51.tsp	0.80	488232	488232	451
eil51.tsp	0.80	488232	488232	466
eil51.tsp	0.80	488232	488232	470
eil51.tsp	0.80	488232	488232	475
eil76.tsp	1.03	488232	488232	676
eil76.tsp	1.02	488232	488232	672
eil76.tsp	1.02	488232	488232	633
eil76.tsp	1.02	488232	488232	583
eil76.tsp	1.02	488232	488232	660
eil76.tsp	1.03	488232	488232	620
eil76.tsp	1.02	488232	488232	583
eil76.tsp	1.02	488232	488232	601
eil76.tsp	1.03	488232	488232	637
eil76.tsp	1.03	488232	488232	630
gil262.tsp	2.69	488232	488232	4502
gil262.tsp	2.71	488232	488232	4332
gil262.tsp	2.71	488232	488232	4176
gil262.tsp	2.70	488232	488232	4444
gil262.tsp	2.70	488232	488232	4871
gil262.tsp	2.71	488232	488232	4405
gil262.tsp	2.71	488232	488232	4443
gil262.tsp	2.70	488232	488232	4554
gil262.tsp	2.71	488232	488232	4919
gil262.tsp	2.71	488232	488232	4498
kroA100.tsp	1.30	488232	488232	29798
kroA100.tsp	1.24	488232	488232	30350
kroA100.tsp	1.21	488232	488232	33778
kroA100.tsp	1.24	488232	488232	33344
kroA100.tsp	1.25	488232	488232	30681
kroA100.tsp	1.21	488232	488232	26330
kroA100.tsp	1.22	488232	488232	33262
kroA100.tsp	1.21	488232	488232	29303
kroA100.tsp	1.24	488232	488232	31936
kroA100.tsp	1.23	488232	488232	30957
kroA150.tsp	1.71	488232	488232	43445
kroA150.tsp	1.69	488232	488232	42431
kroA150.tsp	1.69	488232	488232	43916
kroA150.tsp	1.69	488232	488232	44883
kroA150.tsp	1.70	488232	488232	41950
kroA150.tsp	1.69	488232	488232	40288
kroA150.tsp	1.68	488232	488232	39763
kroA150.tsp	1.69	488232	488232	43991
kroA150.tsp	1.70	488232	488232	43037
kroA150.tsp	1.68	488232	488232	45377
kroA200.tsp	2.14	488232	488232	64025
kroA200.tsp	2.15	488232	488232	55091
kroA200.tsp	2.14	488232	488232	53053
kroA200.tsp	2.16	488232	488232	52026
kroA200.tsp	2.14	488232	488232	53143
kroA200.tsp	2.16	488232	488232	56887
kroA200.tsp	2.16	488232	488232	56531
kroA200.tsp	2.15	488232	488232	52612
kroA200.tsp	2.16	488232	488232	54905
kroA200.tsp	2.14	488232	488232	54367
kroB100.tsp	1.24	488232	488232	30410
kroB100.tsp	1.23	488232	488232	29690
kroB100.tsp	1.24	488232	488232	29528
kroB100.tsp	1.21	488232	488232	36951
kroB100.tsp	1.24	488232	488232	32121
kroB100.tsp	1.22	488232	488232	28660
kroB100.tsp	1.25	488232	488232	31506
kroB100.tsp	1.25	488232	488232	32287
kroB100.tsp	1.21	488232	488232	30164
kroB100.tsp	1.22	488232	488232	31982
kroB150.tsp	1.70	488232	488232	41051
kroB150.tsp	1.69	488232	488232	39654
kroB150.tsp	1.70	488232	488232	44809
kroB150.tsp	1.69	488232	488232	40336
kroB150.tsp	1.70	488232	488232	40916
kroB150.tsp	1.69	488232	488232	40164
kroB150.tsp	1.69	488232	488232	46389
kroB150.tsp	1.69	488232	488232	44541
kroB150.tsp	1.69	488232	488232	44647
kroB150.tsp	1.70	488232	488232	44846
kroB200.tsp	2.15	488232	488232	55591
kroB200.tsp	2.14	488232	488232	50145
kroB200.tsp	2.16	488232	488232	52152
kroB200.tsp	2.16	488232	488232	55138
kroB200.tsp	2.47	488232	488232	49447
kroB200.tsp	2.14	488232	488232	53960
kroB200.tsp	2.15	488232	488232	53351
kroB200.tsp	2.40	488232	488232	59365
kroB200.tsp	2.16	488232	488232	58648
kroB200.tsp	2.15	488232	488232	51846
kroC100.tsp	1.24	488232	488232	28333
kroC100.tsp	1.22	488232	488232	31970
kroC100.tsp	1.23	488232	488232	30370
kroC100.tsp	1.25	488232	488232	27354
kroC100.tsp	1.24	488232	488232	26283
kroC100.tsp	1.22	488232	488232	34033
kroC100.tsp	1.22	488232	488232	29985
kroC100.tsp	1.23	488232	488232	30149
kroC100.tsp	1.24	488232	488232	31623
kroC100.tsp	1.23	488232	488232	32920
kroD100.tsp	1.21	488232	488232	27879
kroD100.tsp	1.21	488232	488232	31888
kroD100.tsp	1.24	488232	488232	33460
kroD100.tsp	1.22	488232	488232	33059
kroD100.tsp	1.24	488232	488232	32969
kroD100.tsp	1.21	488232	488232	28528
kroD100.tsp	1.22	488232	488232	30081
kroD100.tsp	1.22	488232	488232	33755
kroD100.tsp	1.24	488232	488232	28351
kroD100.tsp	1.24	488232	488232	33089
kroE100.tsp	1.24	488232	488232	33084
kroE100.tsp	1.24	488232	488232	30491
kroE100.tsp	1.21	488232	488232	30372
kroE100.tsp	1.24	488232	488232	31282
kroE100.tsp	1.23	488232	488232	27704
kroE100.tsp	1.21	488232	488232	31062
kroE100.tsp	1.24	488232	488232	34135
kroE100.tsp	1.22	488232	488232	31633
kroE100.tsp	1.21	488232	488232	32843
kroE100.tsp	1.21	488232	488232	26333
lin105.tsp	1.26	488232	488232	19402
lin105.tsp	1.29	488232	488232	21510
lin105.tsp	1.27	488232	488232	22708
lin105.tsp	1.27	488232	488232	22426
lin105.tsp	1.29	488232	488232	22877
lin105.tsp	1.27	488232	488232	21675
lin105.tsp	1.27	488232	488232	21457
lin105.tsp	1.26	488232	488232	23412
lin105.tsp	1.26	488232	488232	24131
lin105.tsp	1.25	488232	488232	23648
lin318.tsp	3.21	488232	488232	100310
lin318.tsp	3.21	488232	488232	101809
lin318.tsp	3.21	488232	488232	95661
lin318.tsp	3.22	488232	488232	103987
lin318.tsp	3.22	488232	488232	102352
lin318.tsp	3.22	488232	488232	103981
lin318.tsp	3.21	488232	488232	97929
lin318.tsp	3.21	488232	488232	102273
lin318.tsp	3.21	488232	488232	90318
lin318.tsp	3.64	488232	488232	99682
linhp318.tsp	3.22	488232	488232	105836
linhp318.tsp	3.22	488232	488232	98469
linhp318.tsp	3.22	488232	488232	106544
linhp318.tsp	3.22	488232	488232	99383
linhp318.tsp	3.22	488232	488232	98873
linhp318.tsp	3.21	488232	488232	89493
linhp318.tsp	3.22	488232	488232	98259
linhp318.tsp	3.21	488232	488232	95524
linhp318.tsp	3.20	488232	488232	98892
linhp318.tsp	3.21	488232	488232	109092
pr107.tsp	1.28	488232	488232	85846
pr107.tsp	1.28	488232	488232	97146
pr107.tsp	1.29	488232	488232	82508
pr107.tsp	1.28	488232	488232	80335
pr107.tsp	1.29	488232	488232	82006
pr107.tsp	1.28	488232	488232	78782
pr107.tsp	1.28	488232	488232	92323
pr107.tsp	1.28	488232	488232	80041
pr107.tsp	1.30	488232	488232	89124
pr107.tsp	1.28	488232	488232	66682
pr124.tsp	1.44	488232	488232	107898
pr124.tsp	1.43	488232	488232	108690
pr124.tsp	1.43	488232	488232	113338
pr124.tsp	1.44	488232	488232	101489
pr124.tsp	1.44	488232	488232	109329
pr124.tsp	1.43	488232	488232	108005
pr124.tsp	1.44	488232	488232	96530
pr124.tsp	1.44	488232	488232	109212
pr124.tsp	1.44	488232	488232	90256
pr124.tsp	1.44	488232	488232	113905
pr136.tsp	1.56	488232	488232	154374
pr136.tsp	1.57	488232	488232	151618
pr136.tsp	1.56	488232	488232	155577
pr136.tsp	1.56	488232	488232	151614
pr136.tsp	1.57	488232	488232	145186
pr136.tsp	1.57	488232	488232	150201
pr136.tsp	1.57	488232	488232	150295
pr136.tsp	1.57	488232	488232	137386
pr136.tsp	1.58	488232	488232	149533
pr136.tsp	1.57	488232	488232	144425
pr144.tsp	1.63	488232	488232	132183
pr144.tsp	1.64	488232	488232	108978
pr144.tsp	1.64	488232	488232	139309
pr144.tsp	1.65	488232	488232	129510
pr144.tsp	1.63	488232	488232	126436
pr144.tsp	1.62	488232	488232	119302
pr144.tsp	1.64	488232	488232	138151
pr144.tsp	1.64	488232	488232	110107
pr144.tsp	1.64	488232	488232	133658
pr144.tsp	1.65	488232	488232	149139
pr152.tsp	1.70	488232	488232	198324
pr152.tsp	1.70	488232	488232	185295
pr152.tsp	1.72	488232	488232	137276
pr152.tsp	1.70	488232	488232	147399
pr152.tsp	1.71	488232	488232	171614
pr152.tsp	1.72	488232	488232	161055
pr152.tsp	1.71	488232	488232	202703
pr152.tsp	1.72	488232	488232	151524
pr152.tsp	1.70	488232	488232	159005
pr152.tsp	1.70	488232	488232	150293
pr226.tsp	2.37	488232	488232	235907
pr226.tsp	2.38	488232	488232	240241
pr226.tsp	2.38	488232	488232	222430
pr226.tsp	2.40	488232	488232	265287
pr226.tsp	2.38	488232	488232	221241
pr226.tsp	2.39	488232	488232	280659
pr226.tsp	2.37	488232	488232	235118
pr226.tsp	2.39	488232	488232	228650
pr226.tsp	2.38	488232	488232	211014
pr226.tsp	2.39	488232	488232	231567
pr264.tsp	2.70	488232	488232	148077
pr264.tsp	2.70	488232	488232	147844
pr264.tsp	2.70	488232	488232	170040
pr264.tsp	2.69	488232	488232	167373
pr264.tsp	2.70	488232	488232	181917
pr264.tsp	2.70	488232	488232	122178
pr264.tsp	2.71	488232	488232	152230
pr264.tsp	2.70	488232	488232	169755
pr264.tsp	2.70	488232	488232	153670
pr264.tsp	2.70	488232	488232	170860
pr299.tsp	3.04	488232	488232	103042
pr299.tsp	3.04	488232	488232	113902
pr299.tsp	3.03	488232	488232	122472
pr299.tsp	3.04	488232	488232	111825
pr299.tsp	3.04	488232	488232	114852
pr299.tsp	3.03	488232	488232	123457
pr299.tsp	3.04	488232	488232	128238
pr299.tsp	3.03	488232	488232	114905
pr299.tsp	3.03	488232	488232	122265
pr299.tsp	3.03	488232	488232	107130
pr439.tsp	4.40	488232	488232	336546
pr439.tsp	4.44	488232	488232	300011
pr439.tsp	4.41	488232	488232	298648
pr439.tsp	4.42	488232	488232	315499
pr439.tsp	4.42	488232	488232	328272
pr439.tsp	5.61	488232	488232	313232
pr439.tsp	4.40	488232	488232	291256
pr439.tsp	4.42	488232	488232	336930
pr439.tsp	4.42	488232	488232	297003
pr439.tsp	4.40	488232	488232	304929
pr76.tsp	1.02	488232	488232	140534
pr76.tsp	1.09	488232	488232	162528
pr76.tsp	1.02	488232	488232	143509
pr76.tsp	1.02	488232	488232	142460
pr76.tsp	1.02	488232	488232	126346
pr76.tsp	1.03	488232	488232	135552
pr76.tsp	1.02	488232	488232	142163
pr76.tsp	1.00	488232	488232	150667
pr76.tsp	1.00	488232	488232	136512
pr76.tsp	1.02	488232	488232	139530
rat575.tsp	6.08	488232	488232	18151
rat575.tsp	6.07	488232	488232	18454
rat575.tsp	6.07	488232	488232	18564
rat575.tsp	6.07	488232	488232	18631
rat575.tsp	6.10	488232	488232	19049
rat575.tsp	6.04	488232	488232	18329
rat575.tsp	6.06	488232	488232	18763
rat575.tsp	6.07	488232	488232	18190
rat575.tsp	6.13	488232	488232	19612
rat575.tsp	8.20	488232	488232	18037
rat783.tsp	8.50	488232	488232	30396
rat783.tsp	8.51	488232	488232	31760
rat783.tsp	8.62	488232	488232	30911
rat783.tsp	8.50	488232	488232	30058
rat783.tsp	8.48	488232	488232	31202
rat783.tsp	8.47	488232	488232	30973
rat783.tsp	8.62	488232	488232	30919
rat783.tsp	8.49	488232	488232	31984
rat783.tsp	8.54	488232	488232	31390
rat783.tsp	8.61	488232	488232	30908
rat99.tsp	1.23	488232	488232	1524
rat99.tsp	1.23	488232	488232	1708
rat99.tsp	1.23	488232	488232	1565
rat99.tsp	1.22	488232	488232	1603
rat99.tsp	1.24	488232	488232	1577
rat99.tsp	1.23	488232	488232	1768
rat99.tsp	1.22	488232	488232	1618
rat99.tsp	1.23	488232	488232	1561
rat99.tsp	1.22	488232	488232	1766
rat99.tsp	1.24	488232	488232	1642
