a280.tsp	144.52	24412135	24412135	3512
a280.tsp	144.59	24412135	24412135	3696
a280.tsp	143.55	24412135	24412135	3336
a280.tsp	143.71	24412135	24412135	3421
a280.tsp	143.56	24412135	24412135	3394
a280.tsp	143.65	24412135	24412135	3639
a280.tsp	143.34	24412135	24412135	3515
a280.tsp	143.49	24412135	24412135	3450
a280.tsp	143.75	24412135	24412135	3435
a280.tsp	159.44	24412135	24412135	3634
berlin52.tsp	40.30	24412135	24412135	8230
berlin52.tsp	40.28	24412135	24412135	7728
berlin52.tsp	40.46	24412135	24412135	7697
berlin52.tsp	40.25	24412135	24412135	7696
berlin52.tsp	40.58	24412135	24412135	7782
berlin52.tsp	40.68	24412135	24412135	7653
berlin52.tsp	40.20	24412135	24412135	8047
berlin52.tsp	40.34	24412135	24412135	7988
berlin52.tsp	40.34	24412135	24412135	7963
berlin52.tsp	40.18	24412135	24412135	7800
bier127.tsp	74.45	24412135	24412135	134148
bier127.tsp	74.65	24412135	24412135	130149
bier127.tsp	74.13	24412135	24412135	138999
bier127.tsp	74.71	24412135	24412135	131521
bier127.tsp	74.90	24412135	24412135	128376
bier127.tsp	74.16	24412135	24412135	129673
bier127.tsp	75.00	24412135	24412135	127230
bier127.tsp	74.84	24412135	24412135	133974
bier127.tsp	73.68	24412135	24412135	128914
bier127.tsp	75.20	24412135	24412135	128635
eil101.tsp	62.53	24412135	24412135	640
eil101.tsp	62.76	24412135	24412135	664
eil101.tsp	62.24	24412135	24412135	652
eil101.tsp	62.79	24412135	24412135	669
eil101.tsp	62.42	24412135	24412135	665
eil101.tsp	62.22	24412135	24412135	681
eil101.tsp	61.56	24412135	24412135	665
eil101.tsp	62.29	24412135	24412135	648
eil101.tsp	62.22	24412135	24412135	656
eil101.tsp	62.04	24412135	24412135	669
eil51.tsp	40.50	24412135	24412135	431
eil51.tsp	44.34	24412135	24412135	439
eil51.tsp	44.69	24412135	24412135	425
eil51.tsp	40.08	24412135	24412135	432
eil51.tsp	40.28	24412135	24412135	427
eil51.tsp	40.75	24412135	24412135	438
eil51.tsp	40.54	24412135	24412135	437
eil51.tsp	40.09	24412135	24412135	435
eil51.tsp	41.31	24412135	24412135	440
eil51.tsp	40.96	24412135	24412135	427
eil76.tsp	51.27	24412135	24412135	561
eil76.tsp	51.48	24412135	24412135	587
eil76.tsp	51.51	24412135	24412135	580
eil76.tsp	51.12	24412135	24412135	569
eil76.tsp	51.48	24412135	24412135	576
eil76.tsp	51.30	24412135	24412135	567
eil76.tsp	51.45	24412135	24412135	569
eil76.tsp	51.38	24412135	24412135	567
eil76.tsp	51.38	24412135	24412135	558
eil76.tsp	51.51	24412135	24412135	562
gil262.tsp	135.02	24412135	24412135	3216
gil262.tsp	135.66	24412135	24412135	3148
gil262.tsp	135.02	24412135	24412135	3105
gil262.tsp	135.19	24412135	24412135	3012
gil262.tsp	135.44	24412135	24412135	2924
gil262.tsp	135.16	24412135	24412135	3028
gil262.tsp	135.51	24412135	24412135	2884
gil262.tsp	135.16	24412135	24412135	3119
gil262.tsp	135.27	24412135	24412135	2982
gil262.tsp	135.60	24412135	24412135	2901
kroA100.tsp	60.86	24412135	24412135	22788
kroA100.tsp	79.82	24412135	24412135	23196
kroA100.tsp	60.54	24412135	24412135	21749
kroA100.tsp	60.86	24412135	24412135	23220
kroA100.tsp	60.50	24412135	24412135	23089
kroA100.tsp	62.27	24412135	24412135	22822
kroA100.tsp	60.59	24412135	24412135	24963
kroA100.tsp	60.83	24412135	24412135	25392
kroA100.tsp	61.98	24412135	24412135	23018
kroA100.tsp	61.12	24412135	24412135	23667
kroA150.tsp	84.11	24412135	24412135	29943
kroA150.tsp	85.02	24412135	24412135	30588
kroA150.tsp	84.14	24412135	24412135	31239
kroA150.tsp	85.14	24412135	24412135	30245
kroA150.tsp	85.17	24412135	24412135	30661
kroA150.tsp	85.42	24412135	24412135	30447
kroA150.tsp	84.96	24412135	24412135	31245
kroA150.tsp	84.89	24412135	24412135	30355
kroA150.tsp	84.91	24412135	24412135	31778
kroA150.tsp	84.95	24412135	24412135	30354
kroA200.tsp	106.27	24412135	24412135	40855
kroA200.tsp	107.15	24412135	24412135	38274
kroA200.tsp	108.27	24412135	24412135	38979
kroA200.tsp	107.75	24412135	24412135	36498
kroA200.tsp	107.75	24412135	24412135	35840
kroA200.tsp	107.88	24412135	24412135	37288
kroA200.tsp	106.70	24412135	24412135	36605
kroA200.tsp	106.33	24412135	24412135	35409
kroA200.tsp	107.14	24412135	24412135	35902
kroA200.tsp	107.82	24412135	24412135	37645
kroB100.tsp	60.90	24412135	24412135	24049
kroB100.tsp	61.88	24412135	24412135	24197
kroB100.tsp	60.50	24412135	24412135	23037
kroB100.tsp	62.52	24412135	24412135	23924
kroB100.tsp	60.48	24412135	24412135	24021
kroB100.tsp	62.04	24412135	24412135	23446
kroB100.tsp	62.43	24412135	24412135	22992
kroB100.tsp	62.59	24412135	24412135	23731
kroB100.tsp	61.22	24412135	24412135	24893
kroB100.tsp	62.22	24412135	24412135	24022
kroB150.tsp	84.14	24412135	24412135	29986
kroB150.tsp	84.91	24412135	24412135	30527
kroB150.tsp	84.51	24412135	24412135	30115
kroB150.tsp	84.92	24412135	24412135	30967
kroB150.tsp	84.89	24412135	24412135	31265
kroB150.tsp	84.44	24412135	24412135	33437
kroB150.tsp	83.95	24412135	24412135	29619
kroB150.tsp	84.47	24412135	24412135	29735
kroB150.tsp	84.42	24412135	24412135	32306
kroB150.tsp	85.74	24412135	24412135	30015
kroB200.tsp	108.34	24412135	24412135	35301
kroB200.tsp	107.24	24412135	24412135	38793
kroB200.tsp	107.05	24412135	24412135	38180
kroB200.tsp	106.87	24412135	24412135	35093
kroB200.tsp	106.66	24412135	24412135	37231
kroB200.tsp	108.34	24412135	24412135	35469
kroB200.tsp	107.79	24412135	24412135	35385
kroB200.tsp	108.21	24412135	24412135	35429
kroB200.tsp	107.26	24412135	24412135	36919
kroB200.tsp	107.54	24412135	24412135	34890
kroC100.tsp	61.43	24412135	24412135	23364
kroC100.tsp	60.75	24412135	24412135	23022
kroC100.tsp	62.18	24412135	24412135	23844
kroC100.tsp	60.58	24412135	24412135	22243
kroC100.tsp	60.68	24412135	24412135	22841
kroC100.tsp	61.27	24412135	24412135	24246
kroC100.tsp	62.00	24412135	24412135	22702
kroC100.tsp	62.04	24412135	24412135	22684
kroC100.tsp	60.88	24412135	24412135	23699
kroC100.tsp	60.84	24412135	24412135	23511
kroD100.tsp	61.23	24412135	24412135	25103
kroD100.tsp	61.32	24412135	24412135	23438
kroD100.tsp	62.41	24412135	24412135	24196
kroD100.tsp	61.02	24412135	24412135	24439
kroD100.tsp	61.99	24412135	24412135	24308
kroD100.tsp	60.77	24412135	24412135	21987
kroD100.tsp	60.96	24412135	24412135	23139
kroD100.tsp	61.86	24412135	24412135	24139
kroD100.tsp	62.32	24412135	24412135	23227
kroD100.tsp	61.97	24412135	24412135	23513
kroE100.tsp	62.76	24412135	24412135	24850
kroE100.tsp	62.63	24412135	24412135	23911
kroE100.tsp	62.10	24412135	24412135	24090
kroE100.tsp	66.82	24412135	24412135	23308
kroE100.tsp	60.66	24412135	24412135	23021
kroE100.tsp	62.48	24412135	24412135	23625
kroE100.tsp	61.09	24412135	24412135	23833
kroE100.tsp	60.70	24412135	24412135	23633
kroE100.tsp	61.24	24412135	24412135	22572
kroE100.tsp	61.12	24412135	24412135	22893
lin105.tsp	63.56	24412135	24412135	16320
lin105.tsp	63.53	24412135	24412135	15827
lin105.tsp	63.36	24412135	24412135	17544
lin105.tsp	64.07	24412135	24412135	15628
lin105.tsp	62.76	24412135	24412135	17072
lin105.tsp	63.30	24412135	24412135	16922
lin105.tsp	63.86	24412135	24412135	15990
lin105.tsp	63.78	24412135	24412135	18064
lin105.tsp	62.59	24412135	24412135	16885
lin105.tsp	63.07	24412135	24412135	17073
lin318.tsp	160.25	24412135	24412135	61984
lin318.tsp	159.82	24412135	24412135	61579
lin318.tsp	159.77	24412135	24412135	60870
lin318.tsp	161.26	24412135	24412135	58412
lin318.tsp	160.63	24412135	24412135	58720
lin318.tsp	160.82	24412135	24412135	58301
lin318.tsp	159.32	24412135	24412135	57842
lin318.tsp	160.93	24412135	24412135	60912
lin318.tsp	160.72	24412135	24412135	63393
lin318.tsp	159.74	24412135	24412135	62933
linhp318.tsp	160.65	24412135	24412135	58389
linhp318.tsp	160.22	24412135	24412135	63926
linhp318.tsp	159.53	24412135	24412135	61722
linhp318.tsp	160.32	24412135	24412135	57047
linhp318.tsp	201.71	24412135	24412135	59910
linhp318.tsp	159.97	24412135	24412135	58165
linhp318.tsp	160.44	24412135	24412135	61713
linhp318.tsp	160.61	24412135	24412135	58522
linhp318.tsp	160.80	24412135	24412135	61168
linhp318.tsp	160.97	24412135	24412135	59557
pr107.tsp	64.40	24412135	24412135	45333
pr107.tsp	64.78	24412135	24412135	49658
pr107.tsp	64.80	24412135	24412135	45434
pr107.tsp	68.88	24412135	24412135	45662
pr107.tsp	64.42	24412135	24412135	46818
pr107.tsp	64.57	24412135	24412135	49955
pr107.tsp	64.57	24412135	24412135	44826
pr107.tsp	64.92	24412135	24412135	62294
pr107.tsp	64.43	24412135	24412135	49456
pr107.tsp	64.40	24412135	24412135	47486
pr124.tsp	72.14	24412135	24412135	68481
pr124.tsp	72.65	24412135	24412135	70393
pr124.tsp	71.84	24412135	24412135	66919
pr124.tsp	71.28	24412135	24412135	71945
pr124.tsp	71.55	24412135	24412135	69348
pr124.tsp	71.46	24412135	24412135	72606
pr124.tsp	71.59	24412135	24412135	65787
pr124.tsp	72.53	24412135	24412135	64500
pr124.tsp	71.43	24412135	24412135	62800
pr124.tsp	72.03	24412135	24412135	65957
pr136.tsp	78.70	24412135	24412135	111783
pr136.tsp	78.55	24412135	24412135	108425
pr136.tsp	78.64	24412135	24412135	112861
pr136.tsp	78.17	24412135	24412135	119069
pr136.tsp	78.10	24412135	24412135	112644
pr136.tsp	79.13	24412135	24412135	115113
pr136.tsp	78.68	24412135	24412135	122373
pr136.tsp	78.69	24412135	24412135	116263
pr136.tsp	78.82	24412135	24412135	109796
pr136.tsp	78.97	24412135	24412135	110448
pr144.tsp	81.31	24412135	24412135	74290
pr144.tsp	81.80	24412135	24412135	87237
pr144.tsp	81.60	24412135	24412135	72706
pr144.tsp	82.56	24412135	24412135	77790
pr144.tsp	82.44	24412135	24412135	72404
pr144.tsp	81.50	24412135	24412135	83617
pr144.tsp	81.29	24412135	24412135	84507
pr144.tsp	81.52	24412135	24412135	82762
pr144.tsp	81.37	24412135	24412135	69784
pr144.tsp	81.84	24412135	24412135	86384
pr152.tsp	85.52	24412135	24412135	93528
pr152.tsp	85.72	24412135	24412135	99079
pr152.tsp	86.08	24412135	24412135	99609
pr152.tsp	86.15	24412135	24412135	102798
pr152.tsp	85.89	24412135	24412135	80998
pr152.tsp	85.18	24412135	24412135	89850
pr152.tsp	85.01	24412135	24412135	95905
pr152.tsp	85.65	24412135	24412135	103597
pr152.tsp	85.16	24412135	24412135	101353
pr152.tsp	85.65	24412135	24412135	89019
pr226.tsp	119.45	24412135	24412135	146737
pr226.tsp	119.79	24412135	24412135	137675
pr226.tsp	119.05	24412135	24412135	128713
pr226.tsp	118.69	24412135	24412135	117298
pr226.tsp	119.87	24412135	24412135	126079
pr226.tsp	119.11	24412135	24412135	128283
pr226.tsp	118.39	24412135	24412135	101967
pr226.tsp	118.65	24412135	24412135	130286
pr226.tsp	118.85	24412135	24412135	114862
pr226.tsp	118.78	24412135	24412135	121271
pr264.tsp	134.44	24412135	24412135	88462
pr264.tsp	134.91	24412135	24412135	71184
pr264.tsp	135.26	24412135	24412135	104108
pr264.tsp	135.21	24412135	24412135	80934
pr264.tsp	135.28	24412135	24412135	67810
pr264.tsp	135.17	24412135	24412135	77069
pr264.tsp	135.08	24412135	24412135	94378
pr264.tsp	134.71	24412135	24412135	76104
pr264.tsp	134.82	24412135	24412135	80498
pr264.tsp	134.29	24412135	24412135	80578
pr299.tsp	150.70	24412135	24412135	67308
pr299.tsp	151.12	24412135	24412135	64322
pr299.tsp	151.32	24412135	24412135	66028
pr299.tsp	151.84	24412135	24412135	68437
pr299.tsp	151.00	24412135	24412135	67359
pr299.tsp	152.01	24412135	24412135	74678
pr299.tsp	151.51	24412135	24412135	71056
pr299.tsp	151.56	24412135	24412135	69151
pr299.tsp	151.56	24412135	24412135	64547
pr299.tsp	151.82	24412135	24412135	67471
pr439.tsp	220.08	24412135	24412135	179804
pr439.tsp	218.96	24412135	24412135	174511
pr439.tsp	220.14	24412135	24412135	173580
pr439.tsp	221.68	24412135	24412135	177761
pr439.tsp	220.88	24412135	24412135	163825
pr439.tsp	221.39	24412135	24412135	176471
pr439.tsp	221.69	24412135	24412135	168002
pr439.tsp	219.80	24412135	24412135	183137
pr439.tsp	219.58	24412135	24412135	179777
pr439.tsp	221.18	24412135	24412135	162139
pr76.tsp	51.47	24412135	24412135	114708
pr76.tsp	50.25	24412135	24412135	120000
pr76.tsp	50.51	24412135	24412135	125889
pr76.tsp	50.36	24412135	24412135	113618
pr76.tsp	51.22	24412135	24412135	120148
pr76.tsp	50.36	24412135	24412135	112721
pr76.tsp	50.22	24412135	24412135	118434
pr76.tsp	66.70	24412135	24412135	113896
pr76.tsp	50.08	24412135	24412135	111874
pr76.tsp	50.65	24412135	24412135	111697
rat575.tsp	303.07	24412135	24412135	10438
rat575.tsp	304.71	24412135	24412135	10167
rat575.tsp	304.34	24412135	24412135	9765
rat575.tsp	304.01	24412135	24412135	10166
rat575.tsp	304.46	24412135	24412135	9923
rat575.tsp	303.74	24412135	24412135	9753
rat575.tsp	304.30	24412135	24412135	9962
rat575.tsp	304.53	24412135	24412135	10295
rat575.tsp	305.26	24412135	24412135	10066
rat575.tsp	304.67	24412135	24412135	9902
rat783.tsp	423.89	24412135	24412135	15888
rat783.tsp	423.42	24412135	24412135	15762
rat783.tsp	425.30	24412135	24412135	15329
rat783.tsp	424.50	24412135	24412135	15681
rat783.tsp	423.92	24412135	24412135	15860
rat783.tsp	557.45	24412135	24412135	15848
rat783.tsp	430.30	24412135	24412135	15430
rat783.tsp	426.24	24412135	24412135	15702
rat783.tsp	431.26	24412135	24412135	15968
rat783.tsp	430.15	24412135	24412135	14806
rat99.tsp	61.93	24412135	24412135	1343
rat99.tsp	61.92	24412135	24412135	1310
rat99.tsp	61.84	24412135	24412135	1295
rat99.tsp	61.33	24412135	24412135	1373
rat99.tsp	61.93	24412135	24412135	1330
rat99.tsp	62.26	24412135	24412135	1294
rat99.tsp	61.92	24412135	24412135	1297
rat99.tsp	61.33	24412135	24412135	1302
rat99.tsp	61.78	24412135	24412135	1336
rat99.tsp	61.34	24412135	24412135	1351
