a280.tsp	14.64	2481750	2481750	4441
a280.tsp	14.63	2481750	2481750	4924
a280.tsp	14.64	2481750	2481750	4844
a280.tsp	14.68	2481750	2481750	4334
a280.tsp	14.63	2481750	2481750	4661
a280.tsp	14.67	2481750	2481750	4395
a280.tsp	14.69	2481750	2481750	4419
a280.tsp	14.68	2481750	2481750	4229
a280.tsp	14.60	2481750	2481750	4434
a280.tsp	14.72	2481750	2481750	4351
berlin52.tsp	4.18	2481750	2481750	7910
berlin52.tsp	4.11	2481750	2481750	7876
berlin52.tsp	4.04	2481750	2481750	8178
berlin52.tsp	4.05	2481750	2481750	7902
berlin52.tsp	4.13	2481750	2481750	7940
berlin52.tsp	4.11	2481750	2481750	8207
berlin52.tsp	4.10	2481750	2481750	8006
berlin52.tsp	4.13	2481750	2481750	8410
berlin52.tsp	4.09	2481750	2481750	8185
berlin52.tsp	4.11	2481750	2481750	8069
bier127.tsp	7.70	2481750	2481750	143896
bier127.tsp	7.58	2481750	2481750	143770
bier127.tsp	7.60	2481750	2481750	142540
bier127.tsp	7.59	2481750	2481750	143442
bier127.tsp	7.54	2481750	2481750	156459
bier127.tsp	7.65	2481750	2481750	142909
bier127.tsp	7.56	2481750	2481750	135624
bier127.tsp	7.59	2481750	2481750	139330
bier127.tsp	7.58	2481750	2481750	142769
bier127.tsp	7.58	2481750	2481750	135305
eil101.tsp	6.39	2481750	2481750	680
eil101.tsp	6.39	2481750	2481750	679
eil101.tsp	6.36	2481750	2481750	692
eil101.tsp	6.40	2481750	2481750	725
eil101.tsp	6.35	2481750	2481750	729
eil101.tsp	6.36	2481750	2481750	686
eil101.tsp	6.34	2481750	2481750	705
eil101.tsp	6.33	2481750	2481750	704
eil101.tsp	6.39	2481750	2481750	732
eil101.tsp	6.39	2481750	2481750	725
eil51.tsp	4.14	2481750	2481750	464
eil51.tsp	4.05	2481750	2481750	439
eil51.tsp	4.14	2481750	2481750	446
eil51.tsp	4.13	2481750	2481750	453
eil51.tsp	4.16	2481750	2481750	427
eil51.tsp	4.14	2481750	2481750	454
eil51.tsp	4.10	2481750	2481750	447
eil51.tsp	4.04	2481750	2481750	455
eil51.tsp	4.40	2481750	2481750	432
eil51.tsp	4.05	2481750	2481750	440
eil76.tsp	5.24	2481750	2481750	594
eil76.tsp	5.22	2481750	2481750	591
eil76.tsp	5.27	2481750	2481750	581
eil76.tsp	5.20	2481750	2481750	625
eil76.tsp	5.24	2481750	2481750	556
eil76.tsp	5.23	2481750	2481750	574
eil76.tsp	5.21	2481750	2481750	591
eil76.tsp	5.24	2481750	2481750	582
eil76.tsp	5.23	2481750	2481750	603
eil76.tsp	5.21	2481750	2481750	566
gil262.tsp	13.72	2481750	2481750	3895
gil262.tsp	13.75	2481750	2481750	3812
gil262.tsp	13.80	2481750	2481750	3707
gil262.tsp	13.73	2481750	2481750	3870
gil262.tsp	13.76	2481750	2481750	3884
gil262.tsp	13.77	2481750	2481750	3902
gil262.tsp	13.73	2481750	2481750	3926
gil262.tsp	13.75	2481750	2481750	3731
gil262.tsp	13.74	2481750	2481750	3775
gil262.tsp	13.72	2481750	2481750	3786
kroA100.tsp	6.19	2481750	2481750	26341
kroA100.tsp	6.32	2481750	2481750	26471
kroA100.tsp	6.32	2481750	2481750	24967
kroA100.tsp	6.18	2481750	2481750	29952
kroA100.tsp	6.35	2481750	2481750	27043
kroA100.tsp	6.31	2481750	2481750	25950
kroA100.tsp	6.19	2481750	2481750	27054
kroA100.tsp	6.40	2481750	2481750	26813
kroA100.tsp	6.20	2481750	2481750	27633
kroA100.tsp	6.16	2481750	2481750	28202
kroA150.tsp	8.66	2481750	2481750	38590
kroA150.tsp	8.62	2481750	2481750	34265
kroA150.tsp	8.62	2481750	2481750	37756
kroA150.tsp	8.63	2481750	2481750	37434
kroA150.tsp	8.61	2481750	2481750	36618
kroA150.tsp	8.68	2481750	2481750	33446
kroA150.tsp	8.66	2481750	2481750	39517
kroA150.tsp	8.62	2481750	2481750	37539
kroA150.tsp	8.63	2481750	2481750	34302
kroA150.tsp	8.62	2481750	2481750	38399
kroA200.tsp	10.82	2481750	2481750	43252
kroA200.tsp	10.90	2481750	2481750	42010
kroA200.tsp	11.04	2481750	2481750	44204
kroA200.tsp	10.99	2481750	2481750	47939
kroA200.tsp	10.96	2481750	2481750	44554
kroA200.tsp	10.84	2481750	2481750	44098
kroA200.tsp	10.87	2481750	2481750	47661
kroA200.tsp	10.88	2481750	2481750	47793
kroA200.tsp	10.89	2481750	2481750	45588
kroA200.tsp	10.88	2481750	2481750	44044
kroB100.tsp	6.17	2481750	2481750	27291
kroB100.tsp	6.29	2481750	2481750	26252
kroB100.tsp	6.28	2481750	2481750	28314
kroB100.tsp	6.22	2481750	2481750	26179
kroB100.tsp	6.35	2481750	2481750	26358
kroB100.tsp	6.22	2481750	2481750	27213
kroB100.tsp	6.23	2481750	2481750	24948
kroB100.tsp	6.33	2481750	2481750	27900
kroB100.tsp	6.35	2481750	2481750	27370
kroB100.tsp	6.22	2481750	2481750	25023
kroB150.tsp	8.59	2481750	2481750	36789
kroB150.tsp	8.62	2481750	2481750	33019
kroB150.tsp	8.67	2481750	2481750	39577
kroB150.tsp	8.56	2481750	2481750	36239
kroB150.tsp	8.61	2481750	2481750	36301
kroB150.tsp	8.73	2481750	2481750	34303
kroB150.tsp	8.64	2481750	2481750	39399
kroB150.tsp	8.58	2481750	2481750	32602
kroB150.tsp	8.69	2481750	2481750	36634
kroB150.tsp	8.64	2481750	2481750	35029
kroB200.tsp	10.92	2481750	2481750	46769
kroB200.tsp	11.01	2481750	2481750	48497
kroB200.tsp	11.02	2481750	2481750	40193
kroB200.tsp	10.85	2481750	2481750	41901
kroB200.tsp	10.98	2481750	2481750	43984
kroB200.tsp	10.97	2481750	2481750	45751
kroB200.tsp	10.92	2481750	2481750	45775
kroB200.tsp	10.92	2481750	2481750	44315
kroB200.tsp	10.89	2481750	2481750	45446
kroB200.tsp	11.00	2481750	2481750	47215
kroC100.tsp	6.23	2481750	2481750	27663
kroC100.tsp	6.20	2481750	2481750	24385
kroC100.tsp	6.36	2481750	2481750	26357
kroC100.tsp	6.31	2481750	2481750	28100
kroC100.tsp	6.16	2481750	2481750	25099
kroC100.tsp	6.28	2481750	2481750	27123
kroC100.tsp	6.24	2481750	2481750	28679
kroC100.tsp	6.32	2481750	2481750	28340
kroC100.tsp	6.23	2481750	2481750	27242
kroC100.tsp	6.18	2481750	2481750	29082
kroD100.tsp	6.30	2481750	2481750	27540
kroD100.tsp	6.22	2481750	2481750	27707
kroD100.tsp	6.28	2481750	2481750	25630
kroD100.tsp	6.28	2481750	2481750	27588
kroD100.tsp	6.23	2481750	2481750	26887
kroD100.tsp	6.24	2481750	2481750	26812
kroD100.tsp	6.18	2481750	2481750	27559
kroD100.tsp	6.29	2481750	2481750	27491
kroD100.tsp	6.30	2481750	2481750	26166
kroD100.tsp	6.38	2481750	2481750	25981
kroE100.tsp	6.28	2481750	2481750	27394
kroE100.tsp	6.33	2481750	2481750	29738
kroE100.tsp	6.29	2481750	2481750	27928
kroE100.tsp	6.20	2481750	2481750	28113
kroE100.tsp	6.15	2481750	2481750	28323
kroE100.tsp	6.18	2481750	2481750	24989
kroE100.tsp	6.16	2481750	2481750	29863
kroE100.tsp	6.32	2481750	2481750	26638
kroE100.tsp	6.32	2481750	2481750	27927
kroE100.tsp	6.14	2481750	2481750	28647
lin105.tsp	6.46	2481750	2481750	19195
lin105.tsp	6.47	2481750	2481750	18518
lin105.tsp	6.43	2481750	2481750	17858
lin105.tsp	6.46	2481750	2481750	18291
lin105.tsp	6.41	2481750	2481750	18584
lin105.tsp	6.47	2481750	2481750	18382
lin105.tsp	6.46	2481750	2481750	18984
lin105.tsp	6.38	2481750	2481750	17008
lin105.tsp	6.44	2481750	2481750	16415
lin105.tsp	6.42	2481750	2481750	18611
lin318.tsp	16.36	2481750	2481750	81789
lin318.tsp	16.33	2481750	2481750	84027
lin318.tsp	16.31	2481750	2481750	83145
lin318.tsp	16.39	2481750	2481750	82350
lin318.tsp	16.34	2481750	2481750	79279
lin318.tsp	16.38	2481750	2481750	84335
lin318.tsp	16.38	2481750	2481750	77471
lin318.tsp	16.42	2481750	2481750	89160
lin318.tsp	16.36	2481750	2481750	80528
lin318.tsp	16.33	2481750	2481750	85887
linhp318.tsp	16.38	2481750	2481750	79242
linhp318.tsp	16.28	2481750	2481750	83719
linhp318.tsp	16.41	2481750	2481750	78593
linhp318.tsp	16.44	2481750	2481750	82185
linhp318.tsp	16.39	2481750	2481750	81364
linhp318.tsp	16.34	2481750	2481750	83081
linhp318.tsp	16.38	2481750	2481750	88257
linhp318.tsp	16.32	2481750	2481750	78392
linhp318.tsp	16.34	2481750	2481750	85070
linhp318.tsp	16.32	2481750	2481750	73008
pr107.tsp	6.55	2481750	2481750	64297
pr107.tsp	6.59	2481750	2481750	75267
pr107.tsp	6.55	2481750	2481750	77342
pr107.tsp	6.56	2481750	2481750	66738
pr107.tsp	6.58	2481750	2481750	79109
pr107.tsp	6.54	2481750	2481750	65563
pr107.tsp	6.52	2481750	2481750	65725
pr107.tsp	6.56	2481750	2481750	67384
pr107.tsp	6.60	2481750	2481750	80638
pr107.tsp	6.54	2481750	2481750	65871
pr124.tsp	7.33	2481750	2481750	82812
pr124.tsp	7.30	2481750	2481750	63095
pr124.tsp	7.30	2481750	2481750	92071
pr124.tsp	7.28	2481750	2481750	84954
pr124.tsp	7.31	2481750	2481750	86865
pr124.tsp	7.34	2481750	2481750	96301
pr124.tsp	7.32	2481750	2481750	91364
pr124.tsp	7.32	2481750	2481750	93349
pr124.tsp	7.36	2481750	2481750	89270
pr124.tsp	7.32	2481750	2481750	76051
pr136.tsp	7.99	2481750	2481750	121497
pr136.tsp	8.00	2481750	2481750	134418
pr136.tsp	8.00	2481750	2481750	135368
pr136.tsp	7.94	2481750	2481750	125789
pr136.tsp	7.98	2481750	2481750	124702
pr136.tsp	8.01	2481750	2481750	127752
pr136.tsp	7.91	2481750	2481750	132957
pr136.tsp	8.04	2481750	2481750	132698
pr136.tsp	7.98	2481750	2481750	116067
pr136.tsp	7.99	2481750	2481750	129074
pr144.tsp	8.27	2481750	2481750	109998
pr144.tsp	8.32	2481750	2481750	87956
pr144.tsp	8.34	2481750	2481750	109278
pr144.tsp	8.26	2481750	2481750	99868
pr144.tsp	8.36	2481750	2481750	119787
pr144.tsp	9.32	2481750	2481750	111272
pr144.tsp	8.37	2481750	2481750	96126
pr144.tsp	8.28	2481750	2481750	95308
pr144.tsp	8.28	2481750	2481750	107088
pr144.tsp	8.30	2481750	2481750	91711
pr152.tsp	8.76	2481750	2481750	119733
pr152.tsp	8.72	2481750	2481750	135086
pr152.tsp	8.77	2481750	2481750	148056
pr152.tsp	8.79	2481750	2481750	136424
pr152.tsp	8.71	2481750	2481750	131630
pr152.tsp	8.69	2481750	2481750	114170
pr152.tsp	8.69	2481750	2481750	115942
pr152.tsp	8.73	2481750	2481750	141308
pr152.tsp	8.65	2481750	2481750	142299
pr152.tsp	8.67	2481750	2481750	104450
pr226.tsp	12.12	2481750	2481750	185533
pr226.tsp	12.12	2481750	2481750	200786
pr226.tsp	12.14	2481750	2481750	170340
pr226.tsp	12.14	2481750	2481750	200712
pr226.tsp	12.16	2481750	2481750	181684
pr226.tsp	12.08	2481750	2481750	188336
pr226.tsp	12.11	2481750	2481750	186742
pr226.tsp	12.08	2481750	2481750	176360
pr226.tsp	12.24	2481750	2481750	202832
pr226.tsp	12.06	2481750	2481750	174940
pr264.tsp	13.74	2481750	2481750	107334
pr264.tsp	13.74	2481750	2481750	125966
pr264.tsp	13.68	2481750	2481750	110365
pr264.tsp	13.73	2481750	2481750	123748
pr264.tsp	13.75	2481750	2481750	124680
pr264.tsp	13.77	2481750	2481750	93804
pr264.tsp	13.72	2481750	2481750	118853
pr264.tsp	13.74	2481750	2481750	126913
pr264.tsp	13.78	2481750	2481750	107699
pr264.tsp	13.76	2481750	2481750	125793
pr299.tsp	15.40	2481750	2481750	90254
pr299.tsp	15.48	2481750	2481750	88762
pr299.tsp	15.86	2481750	2481750	90028
pr299.tsp	15.42	2481750	2481750	91403
pr299.tsp	15.42	2481750	2481750	93099
pr299.tsp	15.40	2481750	2481750	88294
pr299.tsp	15.42	2481750	2481750	79210
pr299.tsp	15.36	2481750	2481750	95499
pr299.tsp	15.39	2481750	2481750	88534
pr299.tsp	15.42	2481750	2481750	85622
pr439.tsp	22.36	2481750	2481750	255494
pr439.tsp	22.45	2481750	2481750	251994
pr439.tsp	22.55	2481750	2481750	246598
pr439.tsp	22.47	2481750	2481750	231200
pr439.tsp	22.42	2481750	2481750	250636
pr439.tsp	22.46	2481750	2481750	249605
pr439.tsp	22.40	2481750	2481750	243996
pr439.tsp	22.48	2481750	2481750	266517
pr439.tsp	22.45	2481750	2481750	239665
pr439.tsp	22.47	2481750	2481750	263012
pr76.tsp	5.19	2481750	2481750	119286
pr76.tsp	5.08	2481750	2481750	125579
pr76.tsp	5.16	2481750	2481750	127757
pr76.tsp	5.11	2481750	2481750	124317
pr76.tsp	6.75	2481750	2481750	124966
pr76.tsp	5.20	2481750	2481750	125324
pr76.tsp	5.19	2481750	2481750	124301
pr76.tsp	5.26	2481750	2481750	124195
pr76.tsp	5.13	2481750	2481750	132609
pr76.tsp	5.19	2481750	2481750	119110
rat575.tsp	30.87	2481750	2481750	13887
rat575.tsp	30.97	2481750	2481750	12921
rat575.tsp	30.84	2481750	2481750	14263
rat575.tsp	30.89	2481750	2481750	15056
rat575.tsp	30.88	2481750	2481750	13290
rat575.tsp	31.06	2481750	2481750	12840
rat575.tsp	30.75	2481750	2481750	13974
rat575.tsp	30.98	2481750	2481750	13860
rat575.tsp	30.84	2481750	2481750	13350
rat575.tsp	31.02	2481750	2481750	13948
rat783.tsp	43.37	2481750	2481750	22961
rat783.tsp	43.20	2481750	2481750	21869
rat783.tsp	43.42	2481750	2481750	21649
rat783.tsp	43.34	2481750	2481750	22432
rat783.tsp	43.25	2481750	2481750	20956
rat783.tsp	43.40	2481750	2481750	21824
rat783.tsp	43.64	2481750	2481750	22324
rat783.tsp	43.30	2481750	2481750	21651
rat783.tsp	43.50	2481750	2481750	21986
rat783.tsp	43.07	2481750	2481750	23094
rat99.tsp	6.27	2481750	2481750	1462
rat99.tsp	6.26	2481750	2481750	1512
rat99.tsp	6.30	2481750	2481750	1412
rat99.tsp	6.29	2481750	2481750	1364
rat99.tsp	6.20	2481750	2481750	1435
rat99.tsp	6.29	2481750	2481750	1455
rat99.tsp	6.26	2481750	2481750	1532
rat99.tsp	6.30	2481750	2481750	1434
rat99.tsp	6.24	2481750	2481750	1420
rat99.tsp	6.20	2481750	2481750	1429
