a280.tsp	7.30	1240870	1240870	5368
a280.tsp	7.31	1240870	1240870	5038
a280.tsp	7.31	1240870	1240870	4515
a280.tsp	7.32	1240870	1240870	4551
a280.tsp	7.31	1240870	1240870	5097
a280.tsp	7.33	1240870	1240870	4557
a280.tsp	7.34	1240870	1240870	4910
a280.tsp	7.31	1240870	1240870	5001
a280.tsp	7.29	1240870	1240870	5109
a280.tsp	7.31	1240870	1240870	5642
berlin52.tsp	2.06	1240870	1240870	7784
berlin52.tsp	2.02	1240870	1240870	8716
berlin52.tsp	2.06	1240870	1240870	8220
berlin52.tsp	2.04	1240870	1240870	8229
berlin52.tsp	2.03	1240870	1240870	8749
berlin52.tsp	2.09	1240870	1240870	8113
berlin52.tsp	2.05	1240870	1240870	8833
berlin52.tsp	2.08	1240870	1240870	8170
berlin52.tsp	2.09	1240870	1240870	8225
berlin52.tsp	2.06	1240870	1240870	7963
bier127.tsp	3.81	1240870	1240870	146896
bier127.tsp	3.80	1240870	1240870	155589
bier127.tsp	3.79	1240870	1240870	153457
bier127.tsp	3.78	1240870	1240870	151672
bier127.tsp	3.77	1240870	1240870	155646
bier127.tsp	3.79	1240870	1240870	147823
bier127.tsp	3.80	1240870	1240870	151459
bier127.tsp	3.81	1240870	1240870	146836
bier127.tsp	3.77	1240870	1240870	143544
bier127.tsp	3.78	1240870	1240870	152387
eil101.tsp	3.17	1240870	1240870	734
eil101.tsp	3.16	1240870	1240870	733
eil101.tsp	3.16	1240870	1240870	751
eil101.tsp	3.18	1240870	1240870	719
eil101.tsp	3.17	1240870	1240870	742
eil101.tsp	3.17	1240870	1240870	691
eil101.tsp	3.16	1240870	1240870	693
eil101.tsp	3.17	1240870	1240870	687
eil101.tsp	3.20	1240870	1240870	727
eil101.tsp	3.18	1240870	1240870	706
eil51.tsp	2.05	1240870	1240870	451
eil51.tsp	2.04	1240870	1240870	457
eil51.tsp	2.04	1240870	1240870	441
eil51.tsp	2.26	1240870	1240870	442
eil51.tsp	2.09	1240870	1240870	493
eil51.tsp	2.06	1240870	1240870	438
eil51.tsp	2.02	1240870	1240870	461
eil51.tsp	2.07	1240870	1240870	450
eil51.tsp	2.08	1240870	1240870	438
eil51.tsp	2.06	1240870	1240870	474
eil76.tsp	2.61	1240870	1240870	618
eil76.tsp	2.60	1240870	1240870	625
eil76.tsp	2.62	1240870	1240870	585
eil76.tsp	2.62	1240870	1240870	585
eil76.tsp	2.62	1240870	1240870	574
eil76.tsp	2.60	1240870	1240870	621
eil76.tsp	2.60	1240870	1240870	608
eil76.tsp	2.61	1240870	1240870	567
eil76.tsp	2.60	1240870	1240870	603
eil76.tsp	2.60	1240870	1240870	612
gil262.tsp	6.88	1240870	1240870	4236
gil262.tsp	6.89	1240870	1240870	4092
gil262.tsp	6.88	1240870	1240870	4327
gil262.tsp	6.88	1240870	1240870	3793
gil262.tsp	6.89	1240870	1240870	4266
gil262.tsp	6.88	1240870	1240870	3825
gil262.tsp	6.88	1240870	1240870	4080
gil262.tsp	6.86	1240870	1240870	4056
gil262.tsp	6.87	1240870	1240870	4102
gil262.tsp	7.60	1240870	1240870	4419
kroA100.tsp	3.11	1240870	1240870	26049
kroA100.tsp	3.14	1240870	1240870	28111
kroA100.tsp	3.08	1240870	1240870	28345
kroA100.tsp	3.18	1240870	1240870	28119
kroA100.tsp	3.16	1240870	1240870	26407
kroA100.tsp	3.18	1240870	1240870	25109
kroA100.tsp	3.08	1240870	1240870	27684
kroA100.tsp	3.09	1240870	1240870	26053
kroA100.tsp	3.18	1240870	1240870	31371
kroA100.tsp	3.18	1240870	1240870	26978
kroA150.tsp	4.30	1240870	1240870	37562
kroA150.tsp	4.34	1240870	1240870	39491
kroA150.tsp	4.29	1240870	1240870	40547
kroA150.tsp	4.30	1240870	1240870	36748
kroA150.tsp	4.33	1240870	1240870	43285
kroA150.tsp	4.33	1240870	1240870	44203
kroA150.tsp	4.30	1240870	1240870	41473
kroA150.tsp	4.29	1240870	1240870	38173
kroA150.tsp	4.28	1240870	1240870	40241
kroA150.tsp	4.30	1240870	1240870	37945
kroA200.tsp	5.47	1240870	1240870	46950
kroA200.tsp	5.45	1240870	1240870	49604
kroA200.tsp	5.44	1240870	1240870	47029
kroA200.tsp	5.41	1240870	1240870	43820
kroA200.tsp	5.45	1240870	1240870	50149
kroA200.tsp	5.48	1240870	1240870	56339
kroA200.tsp	5.47	1240870	1240870	48735
kroA200.tsp	5.48	1240870	1240870	49447
kroA200.tsp	5.47	1240870	1240870	50529
kroA200.tsp	5.48	1240870	1240870	46129
kroB100.tsp	3.17	1240870	1240870	29494
kroB100.tsp	3.10	1240870	1240870	26836
kroB100.tsp	3.17	1240870	1240870	29538
kroB100.tsp	3.14	1240870	1240870	27848
kroB100.tsp	3.14	1240870	1240870	30736
kroB100.tsp	3.08	1240870	1240870	30104
kroB100.tsp	3.15	1240870	1240870	26773
kroB100.tsp	3.10	1240870	1240870	32106
kroB100.tsp	3.11	1240870	1240870	28569
kroB100.tsp	3.15	1240870	1240870	27778
kroB150.tsp	4.34	1240870	1240870	35670
kroB150.tsp	4.28	1240870	1240870	42064
kroB150.tsp	4.33	1240870	1240870	35169
kroB150.tsp	4.31	1240870	1240870	37393
kroB150.tsp	4.34	1240870	1240870	41108
kroB150.tsp	4.33	1240870	1240870	38455
kroB150.tsp	4.32	1240870	1240870	37843
kroB150.tsp	4.29	1240870	1240870	37790
kroB150.tsp	4.33	1240870	1240870	38353
kroB150.tsp	4.33	1240870	1240870	39428
kroB200.tsp	5.51	1240870	1240870	46066
kroB200.tsp	7.21	1240870	1240870	44261
kroB200.tsp	5.46	1240870	1240870	48887
kroB200.tsp	5.45	1240870	1240870	50915
kroB200.tsp	5.48	1240870	1240870	45010
kroB200.tsp	5.51	1240870	1240870	51561
kroB200.tsp	5.46	1240870	1240870	46406
kroB200.tsp	5.45	1240870	1240870	47301
kroB200.tsp	5.48	1240870	1240870	46847
kroB200.tsp	5.44	1240870	1240870	49917
kroC100.tsp	3.14	1240870	1240870	25007
kroC100.tsp	3.08	1240870	1240870	26734
kroC100.tsp	3.18	1240870	1240870	24320
kroC100.tsp	3.10	1240870	1240870	30172
kroC100.tsp	3.16	1240870	1240870	28665
kroC100.tsp	3.16	1240870	1240870	30570
kroC100.tsp	3.09	1240870	1240870	25394
kroC100.tsp	3.09	1240870	1240870	28108
kroC100.tsp	3.17	1240870	1240870	25425
kroC100.tsp	3.16	1240870	1240870	28359
kroD100.tsp	3.09	1240870	1240870	28773
kroD100.tsp	3.16	1240870	1240870	27964
kroD100.tsp	3.16	1240870	1240870	33568
kroD100.tsp	3.13	1240870	1240870	27139
kroD100.tsp	3.08	1240870	1240870	29165
kroD100.tsp	3.11	1240870	1240870	27878
kroD100.tsp	3.07	1240870	1240870	29108
kroD100.tsp	3.17	1240870	1240870	25460
kroD100.tsp	3.16	1240870	1240870	25725
kroD100.tsp	3.13	1240870	1240870	29454
kroE100.tsp	3.12	1240870	1240870	28158
kroE100.tsp	3.08	1240870	1240870	29404
kroE100.tsp	3.09	1240870	1240870	30152
kroE100.tsp	3.10	1240870	1240870	29820
kroE100.tsp	3.07	1240870	1240870	28707
kroE100.tsp	3.09	1240870	1240870	30277
kroE100.tsp	3.14	1240870	1240870	30958
kroE100.tsp	3.15	1240870	1240870	30196
kroE100.tsp	3.14	1240870	1240870	29508
kroE100.tsp	3.08	1240870	1240870	30093
lin105.tsp	3.24	1240870	1240870	21652
lin105.tsp	3.22	1240870	1240870	20357
lin105.tsp	3.18	1240870	1240870	17257
lin105.tsp	3.23	1240870	1240870	19306
lin105.tsp	3.24	1240870	1240870	19522
lin105.tsp	3.22	1240870	1240870	20226
lin105.tsp	3.22	1240870	1240870	21774
lin105.tsp	3.18	1240870	1240870	20651
lin105.tsp	3.24	1240870	1240870	19378
lin105.tsp	3.19	1240870	1240870	20233
lin318.tsp	8.17	1240870	1240870	89111
lin318.tsp	8.16	1240870	1240870	87285
lin318.tsp	8.14	1240870	1240870	82648
lin318.tsp	8.16	1240870	1240870	90872
lin318.tsp	8.15	1240870	1240870	90821
lin318.tsp	8.15	1240870	1240870	93559
lin318.tsp	8.18	1240870	1240870	87368
lin318.tsp	8.16	1240870	1240870	95483
lin318.tsp	8.17	1240870	1240870	87672
lin318.tsp	8.17	1240870	1240870	84411
linhp318.tsp	8.18	1240870	1240870	86278
linhp318.tsp	8.17	1240870	1240870	85467
linhp318.tsp	8.14	1240870	1240870	78952
linhp318.tsp	8.17	1240870	1240870	89691
linhp318.tsp	8.16	1240870	1240870	91768
linhp318.tsp	8.16	1240870	1240870	88140
linhp318.tsp	8.17	1240870	1240870	90219
linhp318.tsp	8.18	1240870	1240870	86804
linhp318.tsp	8.16	1240870	1240870	85421
linhp318.tsp	8.15	1240870	1240870	84068
pr107.tsp	3.27	1240870	1240870	66647
pr107.tsp	3.26	1240870	1240870	69627
pr107.tsp	3.26	1240870	1240870	65866
pr107.tsp	3.29	1240870	1240870	78605
pr107.tsp	3.27	1240870	1240870	78321
pr107.tsp	3.29	1240870	1240870	70329
pr107.tsp	3.28	1240870	1240870	70511
pr107.tsp	3.26	1240870	1240870	79762
pr107.tsp	3.28	1240870	1240870	69737
pr107.tsp	3.26	1240870	1240870	69637
pr124.tsp	3.70	1240870	1240870	84378
pr124.tsp	3.68	1240870	1240870	90412
pr124.tsp	3.69	1240870	1240870	87128
pr124.tsp	3.64	1240870	1240870	95595
pr124.tsp	3.68	1240870	1240870	90173
pr124.tsp	3.64	1240870	1240870	87228
pr124.tsp	3.64	1240870	1240870	93400
pr124.tsp	3.67	1240870	1240870	91760
pr124.tsp	3.67	1240870	1240870	95721
pr124.tsp	3.66	1240870	1240870	94065
pr136.tsp	3.96	1240870	1240870	148900
pr136.tsp	3.98	1240870	1240870	128191
pr136.tsp	3.99	1240870	1240870	149212
pr136.tsp	3.99	1240870	1240870	146609
pr136.tsp	4.00	1240870	1240870	147158
pr136.tsp	3.99	1240870	1240870	133393
pr136.tsp	3.96	1240870	1240870	138396
pr136.tsp	4.01	1240870	1240870	134643
pr136.tsp	3.99	1240870	1240870	133314
pr136.tsp	4.00	1240870	1240870	141131
pr144.tsp	4.14	1240870	1240870	130798
pr144.tsp	4.18	1240870	1240870	109443
pr144.tsp	4.17	1240870	1240870	114587
pr144.tsp	4.19	1240870	1240870	124648
pr144.tsp	4.14	1240870	1240870	103329
pr144.tsp	4.17	1240870	1240870	133664
pr144.tsp	4.13	1240870	1240870	108494
pr144.tsp	4.20	1240870	1240870	114446
pr144.tsp	4.17	1240870	1240870	101325
pr144.tsp	4.15	1240870	1240870	112351
pr152.tsp	4.33	1240870	1240870	127108
pr152.tsp	4.36	1240870	1240870	154103
pr152.tsp	4.38	1240870	1240870	159237
pr152.tsp	4.38	1240870	1240870	158040
pr152.tsp	4.36	1240870	1240870	142021
pr152.tsp	4.36	1240870	1240870	151444
pr152.tsp	4.35	1240870	1240870	148118
pr152.tsp	4.34	1240870	1240870	123523
pr152.tsp	4.37	1240870	1240870	147480
pr152.tsp	4.34	1240870	1240870	153250
pr226.tsp	6.06	1240870	1240870	202791
pr226.tsp	6.09	1240870	1240870	220857
pr226.tsp	6.10	1240870	1240870	204669
pr226.tsp	7.67	1240870	1240870	201378
pr226.tsp	6.07	1240870	1240870	218048
pr226.tsp	6.10	1240870	1240870	200524
pr226.tsp	6.08	1240870	1240870	243861
pr226.tsp	6.04	1240870	1240870	185672
pr226.tsp	6.06	1240870	1240870	212975
pr226.tsp	6.10	1240870	1240870	196259
pr264.tsp	6.86	1240870	1240870	127740
pr264.tsp	6.86	1240870	1240870	152006
pr264.tsp	6.86	1240870	1240870	156471
pr264.tsp	6.88	1240870	1240870	129781
pr264.tsp	6.88	1240870	1240870	143550
pr264.tsp	6.84	1240870	1240870	123670
pr264.tsp	6.86	1240870	1240870	129274
pr264.tsp	6.86	1240870	1240870	120588
pr264.tsp	6.86	1240870	1240870	122000
pr264.tsp	6.87	1240870	1240870	145954
pr299.tsp	7.71	1240870	1240870	103859
pr299.tsp	7.70	1240870	1240870	98310
pr299.tsp	7.73	1240870	1240870	102767
pr299.tsp	7.74	1240870	1240870	98885
pr299.tsp	7.72	1240870	1240870	101720
pr299.tsp	7.72	1240870	1240870	95436
pr299.tsp	7.70	1240870	1240870	111512
pr299.tsp	7.69	1240870	1240870	105868
pr299.tsp	7.71	1240870	1240870	93221
pr299.tsp	7.69	1240870	1240870	105133
pr439.tsp	11.25	1240870	1240870	283196
pr439.tsp	11.16	1240870	1240870	271187
pr439.tsp	11.21	1240870	1240870	260261
pr439.tsp	11.24	1240870	1240870	280894
pr439.tsp	11.22	1240870	1240870	255612
pr439.tsp	11.21	1240870	1240870	302925
pr439.tsp	11.24	1240870	1240870	283288
pr439.tsp	11.25	1240870	1240870	274569
pr439.tsp	11.19	1240870	1240870	236201
pr439.tsp	11.22	1240870	1240870	288566
pr76.tsp	2.61	1240870	1240870	126426
pr76.tsp	2.57	1240870	1240870	128408
pr76.tsp	2.57	1240870	1240870	130107
pr76.tsp	2.60	1240870	1240870	125514
pr76.tsp	2.60	1240870	1240870	129768
pr76.tsp	2.55	1240870	1240870	131865
pr76.tsp	2.55	1240870	1240870	128530
pr76.tsp	2.57	1240870	1240870	130431
pr76.tsp	2.61	1240870	1240870	121063
pr76.tsp	2.56	1240870	1240870	133057
rat575.tsp	15.46	1240870	1240870	14749
rat575.tsp	15.41	1240870	1240870	14966
rat575.tsp	15.44	1240870	1240870	14395
rat575.tsp	15.46	1240870	1240870	14646
rat575.tsp	15.49	1240870	1240870	15533
rat575.tsp	15.47	1240870	1240870	15914
rat575.tsp	15.57	1240870	1240870	15696
rat575.tsp	15.53	1240870	1240870	15360
rat575.tsp	15.53	1240870	1240870	14930
rat575.tsp	15.42	1240870	1240870	14788
rat783.tsp	21.73	1240870	1240870	26140
rat783.tsp	21.77	1240870	1240870	25512
rat783.tsp	21.71	1240870	1240870	26708
rat783.tsp	21.70	1240870	1240870	26625
rat783.tsp	21.88	1240870	1240870	25290
rat783.tsp	21.88	1240870	1240870	25722
rat783.tsp	21.58	1240870	1240870	25780
rat783.tsp	21.57	1240870	1240870	24322
rat783.tsp	21.55	1240870	1240870	26134
rat783.tsp	21.94	1240870	1240870	24976
rat99.tsp	3.13	1240870	1240870	1497
rat99.tsp	3.12	1240870	1240870	1480
rat99.tsp	3.11	1240870	1240870	1472
rat99.tsp	3.12	1240870	1240870	1533
rat99.tsp	3.14	1240870	1240870	1435
rat99.tsp	3.16	1240870	1240870	1474
rat99.tsp	3.13	1240870	1240870	1466
rat99.tsp	3.15	1240870	1240870	1603
rat99.tsp	3.12	1240870	1240870	1681
rat99.tsp	3.16	1240870	1240870	1462
