a280.tsp	4.86	827243	827243	5153
a280.tsp	4.89	827243	827243	5124
a280.tsp	4.87	827243	827243	5104
a280.tsp	4.88	827243	827243	5356
a280.tsp	4.86	827243	827243	5007
a280.tsp	4.89	827243	827243	5187
a280.tsp	4.87	827243	827243	5124
a280.tsp	4.88	827243	827243	5090
a280.tsp	4.86	827243	827243	5323
a280.tsp	4.86	827243	827243	5054
berlin52.tsp	1.37	827243	827243	8316
berlin52.tsp	1.37	827243	827243	8434
berlin52.tsp	1.36	827243	827243	8844
berlin52.tsp	1.38	827243	827243	8722
berlin52.tsp	1.34	827243	827243	8990
berlin52.tsp	1.36	827243	827243	8160
berlin52.tsp	1.38	827243	827243	8838
berlin52.tsp	1.36	827243	827243	8210
berlin52.tsp	1.37	827243	827243	8639
berlin52.tsp	1.38	827243	827243	8579
bier127.tsp	2.54	827243	827243	136011
bier127.tsp	2.54	827243	827243	156219
bier127.tsp	2.54	827243	827243	154990
bier127.tsp	2.50	827243	827243	156470
bier127.tsp	2.52	827243	827243	149710
bier127.tsp	2.53	827243	827243	155066
bier127.tsp	2.52	827243	827243	145766
bier127.tsp	2.52	827243	827243	160453
bier127.tsp	2.52	827243	827243	149894
bier127.tsp	2.55	827243	827243	150924
eil101.tsp	2.12	827243	827243	748
eil101.tsp	2.12	827243	827243	740
eil101.tsp	2.58	827243	827243	751
eil101.tsp	2.11	827243	827243	745
eil101.tsp	2.11	827243	827243	740
eil101.tsp	2.09	827243	827243	759
eil101.tsp	2.12	827243	827243	770
eil101.tsp	2.13	827243	827243	762
eil101.tsp	2.12	827243	827243	782
eil101.tsp	2.11	827243	827243	790
eil51.tsp	1.39	827243	827243	469
eil51.tsp	1.39	827243	827243	467
eil51.tsp	1.37	827243	827243	465
eil51.tsp	1.38	827243	827243	475
eil51.tsp	1.37	827243	827243	479
eil51.tsp	1.39	827243	827243	443
eil51.tsp	1.37	827243	827243	461
eil51.tsp	1.38	827243	827243	468
eil51.tsp	1.36	827243	827243	444
eil51.tsp	1.38	827243	827243	443
eil76.tsp	1.74	827243	827243	626
eil76.tsp	1.74	827243	827243	623
eil76.tsp	1.76	827243	827243	637
eil76.tsp	1.74	827243	827243	619
eil76.tsp	1.74	827243	827243	605
eil76.tsp	1.73	827243	827243	630
eil76.tsp	1.73	827243	827243	593
eil76.tsp	1.74	827243	827243	595
eil76.tsp	1.74	827243	827243	573
eil76.tsp	1.70	827243	827243	634
gil262.tsp	4.58	827243	827243	4121
gil262.tsp	4.58	827243	827243	4101
gil262.tsp	4.59	827243	827243	4221
gil262.tsp	4.58	827243	827243	4162
gil262.tsp	5.08	827243	827243	4319
gil262.tsp	4.59	827243	827243	4426
gil262.tsp	4.58	827243	827243	3996
gil262.tsp	4.58	827243	827243	4356
gil262.tsp	4.58	827243	827243	4287
gil262.tsp	4.58	827243	827243	4695
kroA100.tsp	2.07	827243	827243	29902
kroA100.tsp	2.11	827243	827243	28533
kroA100.tsp	2.06	827243	827243	27618
kroA100.tsp	2.06	827243	827243	27995
kroA100.tsp	2.05	827243	827243	28554
kroA100.tsp	2.10	827243	827243	30037
kroA100.tsp	2.11	827243	827243	27743
kroA100.tsp	2.10	827243	827243	29050
kroA100.tsp	2.08	827243	827243	31558
kroA100.tsp	2.05	827243	827243	26366
kroA150.tsp	2.86	827243	827243	39888
kroA150.tsp	2.87	827243	827243	45266
kroA150.tsp	2.88	827243	827243	41767
kroA150.tsp	2.89	827243	827243	41075
kroA150.tsp	2.89	827243	827243	36766
kroA150.tsp	2.89	827243	827243	40154
kroA150.tsp	2.87	827243	827243	38672
kroA150.tsp	2.89	827243	827243	40865
kroA150.tsp	2.90	827243	827243	42366
kroA150.tsp	2.90	827243	827243	35617
kroA200.tsp	3.63	827243	827243	49197
kroA200.tsp	3.64	827243	827243	54728
kroA200.tsp	3.62	827243	827243	52399
kroA200.tsp	3.64	827243	827243	54092
kroA200.tsp	3.62	827243	827243	52163
kroA200.tsp	3.65	827243	827243	48503
kroA200.tsp	3.64	827243	827243	45104
kroA200.tsp	3.62	827243	827243	51262
kroA200.tsp	3.65	827243	827243	47682
kroA200.tsp	3.65	827243	827243	50394
kroB100.tsp	2.06	827243	827243	28612
kroB100.tsp	2.06	827243	827243	28689
kroB100.tsp	2.06	827243	827243	33146
kroB100.tsp	2.10	827243	827243	27326
kroB100.tsp	2.08	827243	827243	28063
kroB100.tsp	2.09	827243	827243	26322
kroB100.tsp	2.10	827243	827243	29083
kroB100.tsp	2.07	827243	827243	30729
kroB100.tsp	2.06	827243	827243	29027
kroB100.tsp	2.09	827243	827243	31406
kroB150.tsp	2.86	827243	827243	39584
kroB150.tsp	2.88	827243	827243	38070
kroB150.tsp	2.86	827243	827243	39924
kroB150.tsp	2.87	827243	827243	39451
kroB150.tsp	2.87	827243	827243	40588
kroB150.tsp	2.88	827243	827243	41092
kroB150.tsp	2.88	827243	827243	38433
kroB150.tsp	2.88	827243	827243	37564
kroB150.tsp	2.87	827243	827243	44612
kroB150.tsp	2.88	827243	827243	40733
kroB200.tsp	3.63	827243	827243	51263
kroB200.tsp	3.61	827243	827243	51476
kroB200.tsp	3.66	827243	827243	48018
kroB200.tsp	3.64	827243	827243	55403
kroB200.tsp	3.68	827243	827243	57296
kroB200.tsp	3.66	827243	827243	56640
kroB200.tsp	3.62	827243	827243	48380
kroB200.tsp	3.67	827243	827243	54365
kroB200.tsp	3.65	827243	827243	44461
kroB200.tsp	3.64	827243	827243	46305
kroC100.tsp	2.09	827243	827243	30706
kroC100.tsp	2.06	827243	827243	27249
kroC100.tsp	2.11	827243	827243	29148
kroC100.tsp	2.06	827243	827243	27025
kroC100.tsp	2.10	827243	827243	27990
kroC100.tsp	2.05	827243	827243	29678
kroC100.tsp	2.11	827243	827243	27158
kroC100.tsp	2.10	827243	827243	31075
kroC100.tsp	2.09	827243	827243	27137
kroC100.tsp	2.12	827243	827243	29613
kroD100.tsp	2.11	827243	827243	29309
kroD100.tsp	2.12	827243	827243	28708
kroD100.tsp	2.51	827243	827243	28476
kroD100.tsp	2.10	827243	827243	26799
kroD100.tsp	2.10	827243	827243	30319
kroD100.tsp	2.11	827243	827243	30258
kroD100.tsp	2.08	827243	827243	31446
kroD100.tsp	2.10	827243	827243	33132
kroD100.tsp	2.12	827243	827243	27990
kroD100.tsp	2.05	827243	827243	29478
kroE100.tsp	2.07	827243	827243	29054
kroE100.tsp	2.07	827243	827243	33580
kroE100.tsp	2.11	827243	827243	30368
kroE100.tsp	2.06	827243	827243	31003
kroE100.tsp	2.05	827243	827243	27996
kroE100.tsp	2.05	827243	827243	26730
kroE100.tsp	2.10	827243	827243	32204
kroE100.tsp	2.05	827243	827243	29847
kroE100.tsp	2.07	827243	827243	29531
kroE100.tsp	2.12	827243	827243	27366
lin105.tsp	2.13	827243	827243	18608
lin105.tsp	2.16	827243	827243	21398
lin105.tsp	2.16	827243	827243	18283
lin105.tsp	2.14	827243	827243	19580
lin105.tsp	2.14	827243	827243	20506
lin105.tsp	2.14	827243	827243	20028
lin105.tsp	2.14	827243	827243	18968
lin105.tsp	2.16	827243	827243	18954
lin105.tsp	2.16	827243	827243	18899
lin105.tsp	2.15	827243	827243	22662
lin318.tsp	5.43	827243	827243	89549
lin318.tsp	5.45	827243	827243	94210
lin318.tsp	5.43	827243	827243	85950
lin318.tsp	5.45	827243	827243	98866
lin318.tsp	5.44	827243	827243	95786
lin318.tsp	5.46	827243	827243	100598
lin318.tsp	5.45	827243	827243	84204
lin318.tsp	5.44	827243	827243	94054
lin318.tsp	5.45	827243	827243	90640
lin318.tsp	5.45	827243	827243	83888
linhp318.tsp	5.45	827243	827243	94601
linhp318.tsp	5.44	827243	827243	91443
linhp318.tsp	5.45	827243	827243	90671
linhp318.tsp	5.46	827243	827243	88936
linhp318.tsp	5.45	827243	827243	98586
linhp318.tsp	5.44	827243	827243	94467
linhp318.tsp	6.84	827243	827243	86709
linhp318.tsp	5.46	827243	827243	94563
linhp318.tsp	5.45	827243	827243	90831
linhp318.tsp	5.46	827243	827243	94405
pr107.tsp	2.20	827243	827243	79031
pr107.tsp	2.19	827243	827243	74002
pr107.tsp	2.18	827243	827243	68902
pr107.tsp	2.17	827243	827243	83855
pr107.tsp	2.18	827243	827243	67495
pr107.tsp	2.18	827243	827243	87104
pr107.tsp	2.18	827243	827243	67679
pr107.tsp	2.17	827243	827243	91518
pr107.tsp	2.19	827243	827243	80407
pr107.tsp	2.17	827243	827243	84281
pr124.tsp	2.46	827243	827243	98381
pr124.tsp	2.45	827243	827243	110102
pr124.tsp	2.43	827243	827243	123365
pr124.tsp	2.42	827243	827243	100294
pr124.tsp	2.43	827243	827243	83415
pr124.tsp	2.44	827243	827243	112159
pr124.tsp	2.46	827243	827243	109511
pr124.tsp	2.62	827243	827243	110171
pr124.tsp	2.44	827243	827243	110667
pr124.tsp	2.44	827243	827243	88940
pr136.tsp	2.66	827243	827243	136792
pr136.tsp	2.65	827243	827243	156001
pr136.tsp	2.67	827243	827243	145254
pr136.tsp	2.65	827243	827243	131720
pr136.tsp	2.67	827243	827243	155431
pr136.tsp	2.66	827243	827243	146887
pr136.tsp	2.66	827243	827243	133026
pr136.tsp	2.65	827243	827243	131158
pr136.tsp	2.66	827243	827243	140931
pr136.tsp	2.65	827243	827243	156337
pr144.tsp	2.78	827243	827243	133040
pr144.tsp	2.80	827243	827243	101403
pr144.tsp	2.78	827243	827243	111746
pr144.tsp	2.80	827243	827243	129626
pr144.tsp	2.76	827243	827243	116624
pr144.tsp	2.79	827243	827243	120279
pr144.tsp	2.79	827243	827243	131329
pr144.tsp	2.77	827243	827243	111218
pr144.tsp	2.75	827243	827243	105963
pr144.tsp	2.77	827243	827243	111615
pr152.tsp	2.90	827243	827243	161965
pr152.tsp	2.92	827243	827243	150285
pr152.tsp	2.88	827243	827243	150501
pr152.tsp	2.93	827243	827243	139056
pr152.tsp	2.88	827243	827243	154628
pr152.tsp	2.92	827243	827243	154505
pr152.tsp	2.88	827243	827243	160009
pr152.tsp	2.90	827243	827243	145578
pr152.tsp	2.90	827243	827243	178349
pr152.tsp	2.92	827243	827243	172426
pr226.tsp	4.03	827243	827243	222067
pr226.tsp	4.07	827243	827243	230009
pr226.tsp	4.04	827243	827243	214068
pr226.tsp	4.04	827243	827243	226164
pr226.tsp	4.03	827243	827243	255231
pr226.tsp	4.03	827243	827243	237868
pr226.tsp	4.04	827243	827243	230161
pr226.tsp	4.03	827243	827243	210629
pr226.tsp	4.06	827243	827243	249441
pr226.tsp	4.08	827243	827243	209898
pr264.tsp	4.57	827243	827243	134050
pr264.tsp	4.57	827243	827243	122224
pr264.tsp	4.58	827243	827243	123621
pr264.tsp	5.99	827243	827243	145136
pr264.tsp	4.57	827243	827243	159475
pr264.tsp	4.58	827243	827243	134209
pr264.tsp	4.59	827243	827243	134526
pr264.tsp	4.58	827243	827243	141795
pr264.tsp	4.57	827243	827243	136640
pr264.tsp	4.58	827243	827243	130956
pr299.tsp	5.14	827243	827243	110024
pr299.tsp	5.15	827243	827243	102478
pr299.tsp	5.13	827243	827243	105624
pr299.tsp	5.14	827243	827243	99314
pr299.tsp	5.14	827243	827243	97827
pr299.tsp	5.13	827243	827243	108590
pr299.tsp	5.14	827243	827243	111743
pr299.tsp	5.13	827243	827243	95295
pr299.tsp	5.12	827243	827243	111990
pr299.tsp	5.14	827243	827243	111955
pr439.tsp	7.48	827243	827243	301264
pr439.tsp	7.46	827243	827243	271250
pr439.tsp	7.48	827243	827243	300738
pr439.tsp	7.46	827243	827243	311461
pr439.tsp	7.47	827243	827243	273772
pr439.tsp	7.46	827243	827243	282852
pr439.tsp	7.50	827243	827243	281331
pr439.tsp	7.46	827243	827243	323903
pr439.tsp	7.49	827243	827243	324659
pr439.tsp	7.49	827243	827243	295902
pr76.tsp	1.90	827243	827243	136981
pr76.tsp	1.73	827243	827243	126293
pr76.tsp	1.72	827243	827243	136138
pr76.tsp	1.72	827243	827243	125922
pr76.tsp	1.74	827243	827243	130304
pr76.tsp	1.71	827243	827243	132959
pr76.tsp	1.70	827243	827243	128894
pr76.tsp	1.73	827243	827243	132378
pr76.tsp	1.71	827243	827243	127724
pr76.tsp	1.74	827243	827243	128829
rat575.tsp	10.30	827243	827243	16185
rat575.tsp	10.31	827243	827243	18068
rat575.tsp	10.34	827243	827243	15703
rat575.tsp	10.28	827243	827243	15777
rat575.tsp	10.31	827243	827243	15443
rat575.tsp	10.37	827243	827243	17328
rat575.tsp	10.26	827243	827243	17452
rat575.tsp	10.26	827243	827243	17196
rat575.tsp	10.29	827243	827243	16866
rat575.tsp	10.36	827243	827243	16815
rat783.tsp	14.50	827243	827243	28482
rat783.tsp	14.43	827243	827243	27507
rat783.tsp	14.45	827243	827243	26027
rat783.tsp	14.41	827243	827243	28254
rat783.tsp	14.34	827243	827243	28739
rat783.tsp	14.36	827243	827243	26705
rat783.tsp	14.59	827243	827243	26818
rat783.tsp	14.59	827243	827243	28116
rat783.tsp	14.58	827243	827243	28199
rat783.tsp	14.36	827243	827243	28065
rat99.tsp	2.08	827243	827243	1502
rat99.tsp	2.10	827243	827243	1521
rat99.tsp	2.06	827243	827243	1602
rat99.tsp	2.09	827243	827243	1620
rat99.tsp	2.07	827243	827243	1533
rat99.tsp	2.08	827243	827243	1580
rat99.tsp	2.08	827243	827243	1472
rat99.tsp	2.09	827243	827243	1611
rat99.tsp	2.08	827243	827243	1508
rat99.tsp	2.07	827243	827243	1569
