a280.tsp	2.47	418410	418410	5623
a280.tsp	2.46	418410	418410	5700
a280.tsp	3.11	418410	418410	5637
a280.tsp	2.47	418410	418410	5770
a280.tsp	2.48	418410	418410	5403
a280.tsp	2.47	418410	418410	5648
a280.tsp	2.47	418410	418410	5815
a280.tsp	2.48	418410	418410	5741
a280.tsp	2.47	418410	418410	5583
a280.tsp	2.47	418410	418410	5357
berlin52.tsp	0.69	418410	418410	8449
berlin52.tsp	0.69	418410	418410	8715
berlin52.tsp	0.68	418410	418410	8103
berlin52.tsp	0.69	418410	418410	9034
berlin52.tsp	0.68	418410	418410	9409
berlin52.tsp	0.69	418410	418410	8472
berlin52.tsp	0.70	418410	418410	8382
berlin52.tsp	0.70	418410	418410	9239
berlin52.tsp	0.70	418410	418410	9281
berlin52.tsp	0.69	418410	418410	8566
bier127.tsp	1.27	418410	418410	153662
bier127.tsp	1.28	418410	418410	161913
bier127.tsp	1.28	418410	418410	154063
bier127.tsp	1.28	418410	418410	162211
bier127.tsp	1.28	418410	418410	158350
bier127.tsp	1.26	418410	418410	166263
bier127.tsp	1.28	418410	418410	161033
bier127.tsp	1.28	418410	418410	156360
bier127.tsp	1.28	418410	418410	172864
bier127.tsp	1.28	418410	418410	165615
eil101.tsp	1.07	418410	418410	773
eil101.tsp	1.06	418410	418410	774
eil101.tsp	1.06	418410	418410	835
eil101.tsp	1.07	418410	418410	714
eil101.tsp	1.07	418410	418410	803
eil101.tsp	1.07	418410	418410	816
eil101.tsp	1.06	418410	418410	736
eil101.tsp	1.06	418410	418410	843
eil101.tsp	1.07	418410	418410	767
eil101.tsp	1.07	418410	418410	779
eil51.tsp	0.69	418410	418410	459
eil51.tsp	0.68	418410	418410	467
eil51.tsp	0.70	418410	418410	472
eil51.tsp	0.70	418410	418410	445
eil51.tsp	0.68	418410	418410	453
eil51.tsp	0.69	418410	418410	486
eil51.tsp	0.69	418410	418410	484
eil51.tsp	0.70	418410	418410	448
eil51.tsp	0.68	418410	418410	474
eil51.tsp	0.69	418410	418410	480
eil76.tsp	0.88	418410	418410	613
eil76.tsp	0.88	418410	418410	656
eil76.tsp	0.88	418410	418410	622
eil76.tsp	0.88	418410	418410	670
eil76.tsp	0.88	418410	418410	600
eil76.tsp	0.88	418410	418410	616
eil76.tsp	0.88	418410	418410	604
eil76.tsp	0.88	418410	418410	650
eil76.tsp	0.88	418410	418410	598
eil76.tsp	0.89	418410	418410	663
gil262.tsp	2.33	418410	418410	4723
gil262.tsp	2.32	418410	418410	4423
gil262.tsp	2.31	418410	418410	4504
gil262.tsp	2.32	418410	418410	4709
gil262.tsp	2.32	418410	418410	4801
gil262.tsp	2.34	418410	418410	4784
gil262.tsp	2.32	418410	418410	4845
gil262.tsp	2.79	418410	418410	4658
gil262.tsp	2.32	418410	418410	5213
gil262.tsp	2.32	418410	418410	4763
kroA100.tsp	1.06	418410	418410	30471
kroA100.tsp	1.06	418410	418410	27802
kroA100.tsp	1.07	418410	418410	37146
kroA100.tsp	1.05	418410	418410	30119
kroA100.tsp	1.06	418410	418410	29395
kroA100.tsp	1.06	418410	418410	34103
kroA100.tsp	1.06	418410	418410	31102
kroA100.tsp	1.06	418410	418410	27820
kroA100.tsp	1.06	418410	418410	32123
kroA100.tsp	1.06	418410	418410	30914
kroA150.tsp	1.46	418410	418410	41325
kroA150.tsp	1.45	418410	418410	46766
kroA150.tsp	1.44	418410	418410	45896
kroA150.tsp	1.46	418410	418410	44544
kroA150.tsp	1.46	418410	418410	45993
kroA150.tsp	1.44	418410	418410	44542
kroA150.tsp	1.45	418410	418410	48484
kroA150.tsp	1.47	418410	418410	44698
kroA150.tsp	1.45	418410	418410	45403
kroA150.tsp	1.46	418410	418410	45133
kroA200.tsp	1.84	418410	418410	58460
kroA200.tsp	1.83	418410	418410	62310
kroA200.tsp	1.85	418410	418410	58246
kroA200.tsp	1.84	418410	418410	55828
kroA200.tsp	1.85	418410	418410	54548
kroA200.tsp	1.84	418410	418410	55890
kroA200.tsp	1.86	418410	418410	54601
kroA200.tsp	1.85	418410	418410	59950
kroA200.tsp	1.84	418410	418410	55379
kroA200.tsp	1.84	418410	418410	53349
kroB100.tsp	1.07	418410	418410	30643
kroB100.tsp	1.04	418410	418410	32158
kroB100.tsp	1.05	418410	418410	29728
kroB100.tsp	1.04	418410	418410	31189
kroB100.tsp	1.08	418410	418410	31910
kroB100.tsp	1.06	418410	418410	32781
kroB100.tsp	1.04	418410	418410	32183
kroB100.tsp	1.06	418410	418410	32696
kroB100.tsp	1.05	418410	418410	32883
kroB100.tsp	1.06	418410	418410	31498
kroB150.tsp	1.45	418410	418410	49017
kroB150.tsp	1.45	418410	418410	43893
kroB150.tsp	1.45	418410	418410	41403
kroB150.tsp	1.46	418410	418410	45083
kroB150.tsp	1.46	418410	418410	40310
kroB150.tsp	1.46	418410	418410	42829
kroB150.tsp	1.46	418410	418410	45678
kroB150.tsp	1.46	418410	418410	41142
kroB150.tsp	1.44	418410	418410	49012
kroB150.tsp	1.45	418410	418410	41241
kroB200.tsp	1.84	418410	418410	54628
kroB200.tsp	1.85	418410	418410	49803
kroB200.tsp	1.86	418410	418410	65421
kroB200.tsp	1.84	418410	418410	55844
kroB200.tsp	1.86	418410	418410	50940
kroB200.tsp	1.85	418410	418410	59701
kroB200.tsp	1.84	418410	418410	56514
kroB200.tsp	1.84	418410	418410	56623
kroB200.tsp	1.85	418410	418410	49523
kroB200.tsp	1.83	418410	418410	53706
kroC100.tsp	1.04	418410	418410	32796
kroC100.tsp	1.03	418410	418410	28520
kroC100.tsp	1.07	418410	418410	31894
kroC100.tsp	1.06	418410	418410	32193
kroC100.tsp	1.06	418410	418410	32008
kroC100.tsp	1.06	418410	418410	33541
kroC100.tsp	1.06	418410	418410	29148
kroC100.tsp	1.06	418410	418410	28543
kroC100.tsp	1.04	418410	418410	29574
kroC100.tsp	1.04	418410	418410	33979
kroD100.tsp	1.04	418410	418410	31341
kroD100.tsp	1.04	418410	418410	31310
kroD100.tsp	1.06	418410	418410	33003
kroD100.tsp	1.04	418410	418410	30367
kroD100.tsp	1.04	418410	418410	29923
kroD100.tsp	1.06	418410	418410	32398
kroD100.tsp	1.06	418410	418410	30834
kroD100.tsp	1.04	418410	418410	32220
kroD100.tsp	1.07	418410	418410	31170
kroD100.tsp	1.05	418410	418410	31638
kroE100.tsp	1.06	418410	418410	32549
kroE100.tsp	1.04	418410	418410	31922
kroE100.tsp	1.06	418410	418410	31138
kroE100.tsp	1.04	418410	418410	32940
kroE100.tsp	1.07	418410	418410	28800
kroE100.tsp	1.06	418410	418410	30791
kroE100.tsp	1.06	418410	418410	28519
kroE100.tsp	1.04	418410	418410	30518
kroE100.tsp	1.07	418410	418410	31397
kroE100.tsp	1.06	418410	418410	30180
lin105.tsp	1.08	418410	418410	22992
lin105.tsp	1.08	418410	418410	23580
lin105.tsp	1.08	418410	418410	24785
lin105.tsp	1.09	418410	418410	22709
lin105.tsp	1.08	418410	418410	22237
lin105.tsp	1.08	418410	418410	20513
lin105.tsp	1.07	418410	418410	24299
lin105.tsp	1.09	418410	418410	20060
lin105.tsp	1.08	418410	418410	22219
lin105.tsp	1.08	418410	418410	22958
lin318.tsp	2.76	418410	418410	99675
lin318.tsp	2.76	418410	418410	110887
lin318.tsp	2.75	418410	418410	101648
lin318.tsp	2.75	418410	418410	105161
lin318.tsp	2.75	418410	418410	95460
lin318.tsp	2.76	418410	418410	102883
lin318.tsp	2.76	418410	418410	96728
lin318.tsp	2.76	418410	418410	108143
lin318.tsp	2.76	418410	418410	111752
lin318.tsp	2.75	418410	418410	104054
linhp318.tsp	2.75	418410	418410	110708
linhp318.tsp	2.76	418410	418410	103123
linhp318.tsp	2.76	418410	418410	98953
linhp318.tsp	2.76	418410	418410	102726
linhp318.tsp	2.76	418410	418410	101410
linhp318.tsp	2.76	418410	418410	99697
linhp318.tsp	2.76	418410	418410	103199
linhp318.tsp	2.76	418410	418410	102508
linhp318.tsp	2.75	418410	418410	106185
linhp318.tsp	2.76	418410	418410	106703
pr107.tsp	1.10	418410	418410	82201
pr107.tsp	1.10	418410	418410	96375
pr107.tsp	1.10	418410	418410	98571
pr107.tsp	1.10	418410	418410	80636
pr107.tsp	1.11	418410	418410	84476
pr107.tsp	1.10	418410	418410	69248
pr107.tsp	1.10	418410	418410	71239
pr107.tsp	1.10	418410	418410	66984
pr107.tsp	1.10	418410	418410	79648
pr107.tsp	1.10	418410	418410	99177
pr124.tsp	1.23	418410	418410	105249
pr124.tsp	1.24	418410	418410	104810
pr124.tsp	1.24	418410	418410	117037
pr124.tsp	1.23	418410	418410	110681
pr124.tsp	1.24	418410	418410	113852
pr124.tsp	1.23	418410	418410	111092
pr124.tsp	1.23	418410	418410	108487
pr124.tsp	1.23	418410	418410	102729
pr124.tsp	1.23	418410	418410	110982
pr124.tsp	1.24	418410	418410	107854
pr136.tsp	1.35	418410	418410	156962
pr136.tsp	1.34	418410	418410	163912
pr136.tsp	1.34	418410	418410	143581
pr136.tsp	1.35	418410	418410	148920
pr136.tsp	1.34	418410	418410	135732
pr136.tsp	1.35	418410	418410	141498
pr136.tsp	1.34	418410	418410	157477
pr136.tsp	1.35	418410	418410	160234
pr136.tsp	1.34	418410	418410	134768
pr136.tsp	1.34	418410	418410	161588
pr144.tsp	1.41	418410	418410	131760
pr144.tsp	1.40	418410	418410	131819
pr144.tsp	1.41	418410	418410	130404
pr144.tsp	1.39	418410	418410	124681
pr144.tsp	1.41	418410	418410	152419
pr144.tsp	1.40	418410	418410	118561
pr144.tsp	1.41	418410	418410	148497
pr144.tsp	1.40	418410	418410	144920
pr144.tsp	1.40	418410	418410	147470
pr144.tsp	1.40	418410	418410	128674
pr152.tsp	1.47	418410	418410	176812
pr152.tsp	1.46	418410	418410	178612
pr152.tsp	1.46	418410	418410	170380
pr152.tsp	1.46	418410	418410	159386
pr152.tsp	1.49	418410	418410	194917
pr152.tsp	1.46	418410	418410	160482
pr152.tsp	1.46	418410	418410	181639
pr152.tsp	1.46	418410	418410	153977
pr152.tsp	1.46	418410	418410	149186
pr152.tsp	1.47	418410	418410	152627
pr226.tsp	2.06	418410	418410	267452
pr226.tsp	2.04	418410	418410	246666
pr226.tsp	2.03	418410	418410	270372
pr226.tsp	2.04	418410	418410	234716
pr226.tsp	2.04	418410	418410	232119
pr226.tsp	2.04	418410	418410	274552
pr226.tsp	2.04	418410	418410	266252
pr226.tsp	2.04	418410	418410	236476
pr226.tsp	2.05	418410	418410	271095
pr226.tsp	2.04	418410	418410	251619
pr264.tsp	2.31	418410	418410	191590
pr264.tsp	2.32	418410	418410	166700
pr264.tsp	2.32	418410	418410	183209
pr264.tsp	2.32	418410	418410	157356
pr264.tsp	2.31	418410	418410	169051
pr264.tsp	2.32	418410	418410	166777
pr264.tsp	2.32	418410	418410	159513
pr264.tsp	2.32	418410	418410	164020
pr264.tsp	2.32	418410	418410	137216
pr264.tsp	2.32	418410	418410	170620
pr299.tsp	2.60	418410	418410	108679
pr299.tsp	2.60	418410	418410	113458
pr299.tsp	2.60	418410	418410	133104
pr299.tsp	2.60	418410	418410	113559
pr299.tsp	2.60	418410	418410	104732
pr299.tsp	2.60	418410	418410	111022
pr299.tsp	2.60	418410	418410	117935
pr299.tsp	2.60	418410	418410	108553
pr299.tsp	2.60	418410	418410	110871
pr299.tsp	2.60	418410	418410	124234
pr439.tsp	3.78	418410	418410	316430
pr439.tsp	3.78	418410	418410	336451
pr439.tsp	3.80	418410	418410	339751
pr439.tsp	3.77	418410	418410	331699
pr439.tsp	3.78	418410	418410	317990
pr439.tsp	3.78	418410	418410	339409
pr439.tsp	3.77	418410	418410	363290
pr439.tsp	3.79	418410	418410	322059
pr439.tsp	3.78	418410	418410	329862
pr439.tsp	3.78	418410	418410	326234
pr76.tsp	0.88	418410	418410	144306
pr76.tsp	0.88	418410	418410	153619
pr76.tsp	0.87	418410	418410	137293
pr76.tsp	0.88	418410	418410	149982
pr76.tsp	0.87	418410	418410	146793
pr76.tsp	0.88	418410	418410	143632
pr76.tsp	0.86	418410	418410	137023
pr76.tsp	0.86	418410	418410	135754
pr76.tsp	0.88	418410	418410	135898
pr76.tsp	0.88	418410	418410	143654
rat575.tsp	5.24	418410	418410	19744
rat575.tsp	5.25	418410	418410	19388
rat575.tsp	5.24	418410	418410	19908
rat575.tsp	5.19	418410	418410	19820
rat575.tsp	5.19	418410	418410	18966
rat575.tsp	5.24	418410	418410	20153
rat575.tsp	5.23	418410	418410	19279
rat575.tsp	6.96	418410	418410	19469
rat575.tsp	5.24	418410	418410	19038
rat575.tsp	5.24	418410	418410	18684
rat783.tsp	7.29	418410	418410	32537
rat783.tsp	7.27	418410	418410	31423
rat783.tsp	7.28	418410	418410	30168
rat783.tsp	7.30	418410	418410	33215
rat783.tsp	7.32	418410	418410	33268
rat783.tsp	7.38	418410	418410	33125
rat783.tsp	7.36	418410	418410	30439
rat783.tsp	7.26	418410	418410	32363
rat783.tsp	7.28	418410	418410	31592
rat783.tsp	7.25	418410	418410	34342
rat99.tsp	1.04	418410	418410	1688
rat99.tsp	1.05	418410	418410	1549
rat99.tsp	1.06	418410	418410	1637
rat99.tsp	1.05	418410	418410	1513
rat99.tsp	1.05	418410	418410	1652
rat99.tsp	1.06	418410	418410	1601
rat99.tsp	1.05	418410	418410	1675
rat99.tsp	1.06	418410	418410	1518
rat99.tsp	1.05	418410	418410	1476
rat99.tsp	1.06	418410	418410	1584
