a280.tsp	1.85	313805	313805	6680
a280.tsp	1.85	313805	313805	5601
a280.tsp	1.84	313805	313805	5666
a280.tsp	1.85	313805	313805	5645
a280.tsp	1.85	313805	313805	5925
a280.tsp	1.86	313805	313805	5984
a280.tsp	1.85	313805	313805	5956
a280.tsp	1.85	313805	313805	5848
a280.tsp	1.85	313805	313805	5787
a280.tsp	1.85	313805	313805	5834
berlin52.tsp	0.51	313805	313805	8519
berlin52.tsp	0.51	313805	313805	9042
berlin52.tsp	0.51	313805	313805	9091
berlin52.tsp	0.52	313805	313805	8723
berlin52.tsp	0.52	313805	313805	9184
berlin52.tsp	0.52	313805	313805	8397
berlin52.tsp	0.52	313805	313805	8441
berlin52.tsp	0.51	313805	313805	8888
berlin52.tsp	0.51	313805	313805	9134
berlin52.tsp	0.52	313805	313805	8464
bier127.tsp	0.96	313805	313805	166732
bier127.tsp	0.95	313805	313805	166762
bier127.tsp	0.95	313805	313805	166131
bier127.tsp	0.96	313805	313805	169345
bier127.tsp	0.97	313805	313805	167159
bier127.tsp	0.96	313805	313805	158336
bier127.tsp	0.95	313805	313805	162339
bier127.tsp	0.95	313805	313805	171355
bier127.tsp	0.96	313805	313805	166999
bier127.tsp	0.96	313805	313805	164391
eil101.tsp	0.80	313805	313805	744
eil101.tsp	0.80	313805	313805	805
eil101.tsp	0.80	313805	313805	824
eil101.tsp	0.80	313805	313805	740
eil101.tsp	0.80	313805	313805	783
eil101.tsp	0.80	313805	313805	772
eil101.tsp	0.80	313805	313805	753
eil101.tsp	0.80	313805	313805	789
eil101.tsp	0.80	313805	313805	787
eil101.tsp	0.80	313805	313805	735
eil51.tsp	0.52	313805	313805	454
eil51.tsp	0.52	313805	313805	486
eil51.tsp	0.52	313805	313805	464
eil51.tsp	0.52	313805	313805	484
eil51.tsp	0.51	313805	313805	475
eil51.tsp	0.52	313805	313805	454
eil51.tsp	0.51	313805	313805	457
eil51.tsp	0.52	313805	313805	475
eil51.tsp	0.51	313805	313805	460
eil51.tsp	0.52	313805	313805	470
eil76.tsp	0.66	313805	313805	658
eil76.tsp	0.66	313805	313805	617
eil76.tsp	0.78	313805	313805	668
eil76.tsp	0.66	313805	313805	628
eil76.tsp	0.66	313805	313805	603
eil76.tsp	0.66	313805	313805	654
eil76.tsp	0.66	313805	313805	689
eil76.tsp	0.66	313805	313805	648
eil76.tsp	0.66	313805	313805	643
eil76.tsp	0.66	313805	313805	636
gil262.tsp	1.74	313805	313805	4669
gil262.tsp	1.74	313805	313805	4871
gil262.tsp	1.74	313805	313805	4831
gil262.tsp	1.74	313805	313805	4801
gil262.tsp	1.74	313805	313805	5018
gil262.tsp	1.74	313805	313805	4761
gil262.tsp	1.74	313805	313805	4598
gil262.tsp	1.74	313805	313805	4740
gil262.tsp	1.74	313805	313805	5018
gil262.tsp	1.74	313805	313805	4310
kroA100.tsp	0.80	313805	313805	31400
kroA100.tsp	0.80	313805	313805	34065
kroA100.tsp	0.80	313805	313805	32023
kroA100.tsp	0.80	313805	313805	31239
kroA100.tsp	0.80	313805	313805	34585
kroA100.tsp	0.79	313805	313805	32973
kroA100.tsp	0.78	313805	313805	27752
kroA100.tsp	0.78	313805	313805	33098
kroA100.tsp	0.79	313805	313805	30711
kroA100.tsp	0.78	313805	313805	33534
kroA150.tsp	1.09	313805	313805	44280
kroA150.tsp	1.08	313805	313805	45583
kroA150.tsp	1.08	313805	313805	48047
kroA150.tsp	1.09	313805	313805	48422
kroA150.tsp	1.09	313805	313805	43026
kroA150.tsp	1.09	313805	313805	44493
kroA150.tsp	1.09	313805	313805	55095
kroA150.tsp	1.08	313805	313805	50448
kroA150.tsp	1.09	313805	313805	43456
kroA150.tsp	1.09	313805	313805	47910
kroA200.tsp	1.38	313805	313805	53078
kroA200.tsp	1.38	313805	313805	50639
kroA200.tsp	1.39	313805	313805	61113
kroA200.tsp	1.38	313805	313805	56783
kroA200.tsp	1.40	313805	313805	50759
kroA200.tsp	1.38	313805	313805	50785
kroA200.tsp	1.38	313805	313805	57074
kroA200.tsp	1.38	313805	313805	55869
kroA200.tsp	1.39	313805	313805	56137
kroA200.tsp	1.38	313805	313805	56856
kroB100.tsp	0.78	313805	313805	29556
kroB100.tsp	0.79	313805	313805	31049
kroB100.tsp	0.80	313805	313805	33570
kroB100.tsp	0.78	313805	313805	30431
kroB100.tsp	0.80	313805	313805	32339
kroB100.tsp	0.78	313805	313805	31367
kroB100.tsp	0.79	313805	313805	36768
kroB100.tsp	0.78	313805	313805	31758
kroB100.tsp	0.78	313805	313805	31672
kroB100.tsp	0.79	313805	313805	31651
kroB150.tsp	1.08	313805	313805	45034
kroB150.tsp	1.09	313805	313805	45866
kroB150.tsp	1.10	313805	313805	48800
kroB150.tsp	1.09	313805	313805	38671
kroB150.tsp	1.09	313805	313805	45019
kroB150.tsp	1.09	313805	313805	46433
kroB150.tsp	1.43	313805	313805	46516
kroB150.tsp	1.10	313805	313805	45942
kroB150.tsp	1.08	313805	313805	42850
kroB150.tsp	1.08	313805	313805	44163
kroB200.tsp	1.39	313805	313805	62308
kroB200.tsp	1.39	313805	313805	55020
kroB200.tsp	1.38	313805	313805	58611
kroB200.tsp	1.38	313805	313805	52044
kroB200.tsp	1.38	313805	313805	55960
kroB200.tsp	1.38	313805	313805	51892
kroB200.tsp	1.37	313805	313805	56651
kroB200.tsp	1.38	313805	313805	59139
kroB200.tsp	1.38	313805	313805	54075
kroB200.tsp	1.38	313805	313805	60353
kroC100.tsp	0.78	313805	313805	31915
kroC100.tsp	0.80	313805	313805	33069
kroC100.tsp	0.78	313805	313805	35681
kroC100.tsp	0.80	313805	313805	28653
kroC100.tsp	0.79	313805	313805	29988
kroC100.tsp	0.78	313805	313805	30651
kroC100.tsp	0.78	313805	313805	29724
kroC100.tsp	0.80	313805	313805	30513
kroC100.tsp	0.78	313805	313805	30194
kroC100.tsp	0.79	313805	313805	29211
kroD100.tsp	0.78	313805	313805	33691
kroD100.tsp	0.80	313805	313805	32335
kroD100.tsp	0.79	313805	313805	32990
kroD100.tsp	0.80	313805	313805	35047
kroD100.tsp	0.78	313805	313805	35296
kroD100.tsp	0.80	313805	313805	31762
kroD100.tsp	0.79	313805	313805	32398
kroD100.tsp	0.80	313805	313805	30341
kroD100.tsp	0.80	313805	313805	33495
kroD100.tsp	0.80	313805	313805	33784
kroE100.tsp	0.80	313805	313805	33962
kroE100.tsp	0.79	313805	313805	34551
kroE100.tsp	0.78	313805	313805	30409
kroE100.tsp	0.79	313805	313805	31433
kroE100.tsp	0.80	313805	313805	33045
kroE100.tsp	0.79	313805	313805	32403
kroE100.tsp	0.80	313805	313805	34616
kroE100.tsp	0.79	313805	313805	32459
kroE100.tsp	0.80	313805	313805	34517
kroE100.tsp	0.78	313805	313805	32009
lin105.tsp	0.80	313805	313805	19050
lin105.tsp	0.82	313805	313805	21762
lin105.tsp	0.82	313805	313805	21247
lin105.tsp	0.81	313805	313805	23690
lin105.tsp	0.82	313805	313805	21978
lin105.tsp	0.82	313805	313805	25925
lin105.tsp	0.82	313805	313805	21638
lin105.tsp	0.82	313805	313805	22045
lin105.tsp	0.82	313805	313805	21417
lin105.tsp	0.81	313805	313805	24756
lin318.tsp	2.07	313805	313805	108228
lin318.tsp	2.07	313805	313805	107828
lin318.tsp	2.07	313805	313805	105451
lin318.tsp	2.07	313805	313805	105327
lin318.tsp	2.07	313805	313805	99866
lin318.tsp	2.08	313805	313805	110176
lin318.tsp	2.06	313805	313805	105726
lin318.tsp	2.07	313805	313805	102093
lin318.tsp	2.07	313805	313805	106582
lin318.tsp	2.07	313805	313805	106232
linhp318.tsp	2.06	313805	313805	114635
linhp318.tsp	2.07	313805	313805	111203
linhp318.tsp	2.06	313805	313805	98072
linhp318.tsp	2.07	313805	313805	109136
linhp318.tsp	2.07	313805	313805	109748
linhp318.tsp	2.07	313805	313805	108738
linhp318.tsp	2.07	313805	313805	122213
linhp318.tsp	2.07	313805	313805	105844
linhp318.tsp	2.06	313805	313805	102699
linhp318.tsp	2.07	313805	313805	112565
pr107.tsp	0.82	313805	313805	87093
pr107.tsp	0.84	313805	313805	97335
pr107.tsp	0.82	313805	313805	68361
pr107.tsp	0.83	313805	313805	82025
pr107.tsp	0.82	313805	313805	87402
pr107.tsp	0.82	313805	313805	84809
pr107.tsp	0.82	313805	313805	82118
pr107.tsp	0.83	313805	313805	82674
pr107.tsp	0.82	313805	313805	99985
pr107.tsp	0.82	313805	313805	84269
pr124.tsp	1.02	313805	313805	121793
pr124.tsp	0.92	313805	313805	123801
pr124.tsp	0.92	313805	313805	123773
pr124.tsp	0.92	313805	313805	111585
pr124.tsp	0.93	313805	313805	111576
pr124.tsp	0.92	313805	313805	116628
pr124.tsp	0.92	313805	313805	118246
pr124.tsp	0.92	313805	313805	115530
pr124.tsp	0.92	313805	313805	111481
pr124.tsp	0.92	313805	313805	113531
pr136.tsp	1.01	313805	313805	167257
pr136.tsp	1.01	313805	313805	147202
pr136.tsp	1.02	313805	313805	161968
pr136.tsp	1.00	313805	313805	160820
pr136.tsp	1.01	313805	313805	153133
pr136.tsp	1.01	313805	313805	145855
pr136.tsp	1.02	313805	313805	165985
pr136.tsp	1.01	313805	313805	147457
pr136.tsp	1.01	313805	313805	168273
pr136.tsp	1.01	313805	313805	158780
pr144.tsp	1.05	313805	313805	147765
pr144.tsp	1.06	313805	313805	141627
pr144.tsp	1.06	313805	313805	137147
pr144.tsp	1.06	313805	313805	148768
pr144.tsp	1.06	313805	313805	163535
pr144.tsp	1.05	313805	313805	159443
pr144.tsp	1.06	313805	313805	141967
pr144.tsp	1.06	313805	313805	140777
pr144.tsp	1.05	313805	313805	141679
pr144.tsp	1.05	313805	313805	133496
pr152.tsp	1.11	313805	313805	216485
pr152.tsp	1.10	313805	313805	167612
pr152.tsp	1.10	313805	313805	169827
pr152.tsp	1.10	313805	313805	194693
pr152.tsp	1.10	313805	313805	199226
pr152.tsp	1.10	313805	313805	204097
pr152.tsp	1.11	313805	313805	199791
pr152.tsp	1.10	313805	313805	189825
pr152.tsp	1.10	313805	313805	155034
pr152.tsp	1.09	313805	313805	180269
pr226.tsp	1.53	313805	313805	271760
pr226.tsp	1.53	313805	313805	277059
pr226.tsp	1.54	313805	313805	277555
pr226.tsp	1.53	313805	313805	271856
pr226.tsp	1.52	313805	313805	228806
pr226.tsp	1.54	313805	313805	268803
pr226.tsp	1.55	313805	313805	289255
pr226.tsp	1.53	313805	313805	250398
pr226.tsp	1.54	313805	313805	256009
pr226.tsp	1.53	313805	313805	245310
pr264.tsp	1.73	313805	313805	192628
pr264.tsp	1.74	313805	313805	157856
pr264.tsp	1.74	313805	313805	173973
pr264.tsp	1.73	313805	313805	179335
pr264.tsp	1.74	313805	313805	148312
pr264.tsp	1.74	313805	313805	200729
pr264.tsp	1.73	313805	313805	178847
pr264.tsp	1.74	313805	313805	165336
pr264.tsp	1.75	313805	313805	195060
pr264.tsp	1.74	313805	313805	205320
pr299.tsp	1.95	313805	313805	122074
pr299.tsp	1.95	313805	313805	126874
pr299.tsp	1.95	313805	313805	126937
pr299.tsp	1.95	313805	313805	125337
pr299.tsp	1.95	313805	313805	118259
pr299.tsp	1.95	313805	313805	120012
pr299.tsp	1.94	313805	313805	130200
pr299.tsp	1.96	313805	313805	122590
pr299.tsp	1.96	313805	313805	118983
pr299.tsp	1.95	313805	313805	129246
pr439.tsp	2.85	313805	313805	330505
pr439.tsp	2.83	313805	313805	344187
pr439.tsp	2.84	313805	313805	340622
pr439.tsp	2.84	313805	313805	341839
pr439.tsp	2.83	313805	313805	331991
pr439.tsp	2.84	313805	313805	345605
pr439.tsp	2.85	313805	313805	379018
pr439.tsp	2.84	313805	313805	343017
pr439.tsp	2.84	313805	313805	371181
pr439.tsp	2.84	313805	313805	331298
pr76.tsp	0.66	313805	313805	145259
pr76.tsp	0.65	313805	313805	145724
pr76.tsp	0.66	313805	313805	143226
pr76.tsp	0.66	313805	313805	136634
pr76.tsp	0.64	313805	313805	135976
pr76.tsp	0.66	313805	313805	137492
pr76.tsp	0.65	313805	313805	144317
pr76.tsp	0.66	313805	313805	137098
pr76.tsp	0.64	313805	313805	145277
pr76.tsp	0.65	313805	313805	154493
rat575.tsp	3.93	313805	313805	21142
rat575.tsp	3.93	313805	313805	21131
rat575.tsp	3.95	313805	313805	20640
rat575.tsp	3.91	313805	313805	21771
rat575.tsp	3.90	313805	313805	21182
rat575.tsp	3.93	313805	313805	21468
rat575.tsp	3.94	313805	313805	20166
rat575.tsp	3.93	313805	313805	21079
rat575.tsp	3.93	313805	313805	22112
rat575.tsp	3.94	313805	313805	22023
rat783.tsp	5.46	313805	313805	34920
rat783.tsp	5.45	313805	313805	34925
rat783.tsp	5.43	313805	313805	35574
rat783.tsp	5.44	313805	313805	33994
rat783.tsp	5.52	313805	313805	33034
rat783.tsp	5.53	313805	313805	33148
rat783.tsp	5.51	313805	313805	32962
rat783.tsp	5.42	313805	313805	34515
rat783.tsp	5.46	313805	313805	34597
rat783.tsp	5.47	313805	313805	34852
rat99.tsp	0.78	313805	313805	1540
rat99.tsp	0.79	313805	313805	1750
rat99.tsp	0.78	313805	313805	1601
rat99.tsp	0.79	313805	313805	1724
rat99.tsp	0.79	313805	313805	1663
rat99.tsp	0.78	313805	313805	1554
rat99.tsp	0.79	313805	313805	1781
rat99.tsp	0.80	313805	313805	1596
rat99.tsp	0.78	313805	313805	1575
rat99.tsp	0.78	313805	313805	1655
