a280.tsp	4.95	836832	836832	5087
a280.tsp	4.92	836832	836832	4866
a280.tsp	4.95	836832	836832	4962
a280.tsp	4.94	836832	836832	5188
a280.tsp	4.93	836832	836832	5172
a280.tsp	4.93	836832	836832	4864
a280.tsp	4.94	836832	836832	5295
a280.tsp	4.94	836832	836832	5154
a280.tsp	4.95	836832	836832	5002
a280.tsp	4.92	836832	836832	5321
berlin52.tsp	1.40	836832	836832	8703
berlin52.tsp	1.39	836832	836832	8065
berlin52.tsp	1.38	836832	836832	8372
berlin52.tsp	1.40	836832	836832	8698
berlin52.tsp	1.40	836832	836832	8489
berlin52.tsp	1.39	836832	836832	8174
berlin52.tsp	1.38	836832	836832	8047
berlin52.tsp	1.38	836832	836832	8706
berlin52.tsp	1.36	836832	836832	8905
berlin52.tsp	1.38	836832	836832	8104
bier127.tsp	2.56	836832	836832	145401
bier127.tsp	2.54	836832	836832	156002
bier127.tsp	2.57	836832	836832	145399
bier127.tsp	2.54	836832	836832	153798
bier127.tsp	2.57	836832	836832	146959
bier127.tsp	2.56	836832	836832	155090
bier127.tsp	2.57	836832	836832	153789
bier127.tsp	2.56	836832	836832	158065
bier127.tsp	2.56	836832	836832	154152
bier127.tsp	2.57	836832	836832	149510
eil101.tsp	2.13	836832	836832	713
eil101.tsp	2.13	836832	836832	798
eil101.tsp	2.14	836832	836832	793
eil101.tsp	2.15	836832	836832	755
eil101.tsp	2.16	836832	836832	748
eil101.tsp	2.15	836832	836832	729
eil101.tsp	2.13	836832	836832	737
eil101.tsp	2.15	836832	836832	794
eil101.tsp	2.13	836832	836832	758
eil101.tsp	2.15	836832	836832	746
eil51.tsp	1.38	836832	836832	471
eil51.tsp	1.40	836832	836832	467
eil51.tsp	1.39	836832	836832	472
eil51.tsp	1.39	836832	836832	450
eil51.tsp	1.38	836832	836832	448
eil51.tsp	1.38	836832	836832	451
eil51.tsp	1.40	836832	836832	457
eil51.tsp	1.38	836832	836832	455
eil51.tsp	1.41	836832	836832	450
eil51.tsp	1.40	836832	836832	446
eil76.tsp	1.77	836832	836832	627
eil76.tsp	1.77	836832	836832	612
eil76.tsp	1.75	836832	836832	621
eil76.tsp	1.75	836832	836832	611
eil76.tsp	1.76	836832	836832	595
eil76.tsp	1.77	836832	836832	635
eil76.tsp	1.76	836832	836832	607
eil76.tsp	1.76	836832	836832	595
eil76.tsp	1.75	836832	836832	637
eil76.tsp	1.76	836832	836832	586
gil262.tsp	4.67	836832	836832	4598
gil262.tsp	4.64	836832	836832	4296
gil262.tsp	4.63	836832	836832	4381
gil262.tsp	4.63	836832	836832	3735
gil262.tsp	4.63	836832	836832	4327
gil262.tsp	4.65	836832	836832	4241
gil262.tsp	4.64	836832	836832	4433
gil262.tsp	4.64	836832	836832	4418
gil262.tsp	4.62	836832	836832	4282
gil262.tsp	4.64	836832	836832	3866
kroA100.tsp	2.16	836832	836832	30613
kroA100.tsp	2.08	836832	836832	30643
kroA100.tsp	2.14	836832	836832	28710
kroA100.tsp	2.14	836832	836832	30314
kroA100.tsp	2.13	836832	836832	26453
kroA100.tsp	2.08	836832	836832	28371
kroA100.tsp	2.12	836832	836832	30639
kroA100.tsp	2.14	836832	836832	31459
kroA100.tsp	2.14	836832	836832	28105
kroA100.tsp	2.13	836832	836832	32173
kroA150.tsp	2.94	836832	836832	43864
kroA150.tsp	2.89	836832	836832	40830
kroA150.tsp	2.90	836832	836832	42488
kroA150.tsp	2.91	836832	836832	39425
kroA150.tsp	2.90	836832	836832	42851
kroA150.tsp	2.91	836832	836832	43500
kroA150.tsp	2.93	836832	836832	40887
kroA150.tsp	2.92	836832	836832	43796
kroA150.tsp	2.90	836832	836832	42772
kroA150.tsp	2.91	836832	836832	41213
kroA200.tsp	3.68	836832	836832	47629
kroA200.tsp	3.68	836832	836832	53192
kroA200.tsp	3.69	836832	836832	49241
kroA200.tsp	3.69	836832	836832	51355
kroA200.tsp	3.71	836832	836832	52030
kroA200.tsp	3.66	836832	836832	50028
kroA200.tsp	3.70	836832	836832	47791
kroA200.tsp	3.68	836832	836832	53549
kroA200.tsp	3.68	836832	836832	50913
kroA200.tsp	3.69	836832	836832	50259
kroB100.tsp	2.10	836832	836832	29657
kroB100.tsp	2.13	836832	836832	30386
kroB100.tsp	2.10	836832	836832	33091
kroB100.tsp	2.08	836832	836832	28045
kroB100.tsp	2.13	836832	836832	28906
kroB100.tsp	2.09	836832	836832	32994
kroB100.tsp	2.16	836832	836832	29596
kroB100.tsp	2.09	836832	836832	29799
kroB100.tsp	2.07	836832	836832	28782
kroB100.tsp	2.08	836832	836832	32827
kroB150.tsp	2.90	836832	836832	40349
kroB150.tsp	2.91	836832	836832	43549
kroB150.tsp	2.93	836832	836832	43254
kroB150.tsp	2.91	836832	836832	38990
kroB150.tsp	2.92	836832	836832	36147
kroB150.tsp	2.92	836832	836832	42547
kroB150.tsp	2.90	836832	836832	44526
kroB150.tsp	2.92	836832	836832	37751
kroB150.tsp	2.90	836832	836832	42940
kroB150.tsp	2.90	836832	836832	45081
kroB200.tsp	3.72	836832	836832	51685
kroB200.tsp	3.70	836832	836832	49328
kroB200.tsp	3.69	836832	836832	51870
kroB200.tsp	3.70	836832	836832	50175
kroB200.tsp	3.72	836832	836832	50475
kroB200.tsp	3.70	836832	836832	48463
kroB200.tsp	3.66	836832	836832	50694
kroB200.tsp	3.69	836832	836832	47545
kroB200.tsp	3.69	836832	836832	51240
kroB200.tsp	3.66	836832	836832	47472
kroC100.tsp	2.13	836832	836832	27232
kroC100.tsp	2.10	836832	836832	29416
kroC100.tsp	2.10	836832	836832	27954
kroC100.tsp	2.08	836832	836832	28916
kroC100.tsp	2.09	836832	836832	28429
kroC100.tsp	2.13	836832	836832	31911
kroC100.tsp	2.14	836832	836832	27530
kroC100.tsp	2.14	836832	836832	31488
kroC100.tsp	2.14	836832	836832	25246
kroC100.tsp	2.08	836832	836832	30050
kroD100.tsp	2.12	836832	836832	29767
kroD100.tsp	2.12	836832	836832	31148
kroD100.tsp	2.12	836832	836832	30824
kroD100.tsp	2.10	836832	836832	26913
kroD100.tsp	2.08	836832	836832	24918
kroD100.tsp	2.13	836832	836832	29008
kroD100.tsp	2.13	836832	836832	29499
kroD100.tsp	2.13	836832	836832	26668
kroD100.tsp	2.12	836832	836832	31332
kroD100.tsp	2.08	836832	836832	28826
kroE100.tsp	2.08	836832	836832	26269
kroE100.tsp	2.13	836832	836832	31412
kroE100.tsp	2.14	836832	836832	26305
kroE100.tsp	2.14	836832	836832	27890
kroE100.tsp	2.13	836832	836832	30959
kroE100.tsp	2.14	836832	836832	30843
kroE100.tsp	2.08	836832	836832	31529
kroE100.tsp	2.10	836832	836832	27443
kroE100.tsp	2.12	836832	836832	28819
kroE100.tsp	2.10	836832	836832	26317
lin105.tsp	2.19	836832	836832	17179
lin105.tsp	2.14	836832	836832	19577
lin105.tsp	2.17	836832	836832	21452
lin105.tsp	2.15	836832	836832	20777
lin105.tsp	2.16	836832	836832	19694
lin105.tsp	2.19	836832	836832	20089
lin105.tsp	2.16	836832	836832	18269
lin105.tsp	2.18	836832	836832	19572
lin105.tsp	2.19	836832	836832	19794
lin105.tsp	2.16	836832	836832	21045
lin318.tsp	5.53	836832	836832	99970
lin318.tsp	5.52	836832	836832	86677
lin318.tsp	5.51	836832	836832	89900
lin318.tsp	5.51	836832	836832	83767
lin318.tsp	5.52	836832	836832	88866
lin318.tsp	5.51	836832	836832	95510
lin318.tsp	5.51	836832	836832	97299
lin318.tsp	5.52	836832	836832	96221
lin318.tsp	5.51	836832	836832	93387
lin318.tsp	5.51	836832	836832	91498
linhp318.tsp	5.52	836832	836832	90951
linhp318.tsp	5.50	836832	836832	96211
linhp318.tsp	5.51	836832	836832	96728
linhp318.tsp	5.51	836832	836832	87089
linhp318.tsp	5.48	836832	836832	95153
linhp318.tsp	5.51	836832	836832	86111
linhp318.tsp	5.51	836832	836832	91939
linhp318.tsp	5.50	836832	836832	94044
linhp318.tsp	5.50	836832	836832	96280
linhp318.tsp	5.52	836832	836832	88206
pr107.tsp	2.22	836832	836832	82113
pr107.tsp	2.21	836832	836832	72370
pr107.tsp	2.21	836832	836832	80302
pr107.tsp	2.22	836832	836832	80473
pr107.tsp	2.20	836832	836832	82287
pr107.tsp	2.20	836832	836832	90256
pr107.tsp	2.22	836832	836832	94812
pr107.tsp	2.20	836832	836832	78059
pr107.tsp	2.21	836832	836832	65223
pr107.tsp	2.21	836832	836832	52673
pr124.tsp	2.47	836832	836832	102631
pr124.tsp	2.49	836832	836832	100122
pr124.tsp	2.47	836832	836832	97912
pr124.tsp	2.46	836832	836832	98381
pr124.tsp	2.46	836832	836832	88450
pr124.tsp	2.46	836832	836832	85701
pr124.tsp	2.46	836832	836832	96872
pr124.tsp	2.46	836832	836832	98678
pr124.tsp	2.48	836832	836832	100420
pr124.tsp	2.46	836832	836832	81472
pr136.tsp	2.69	836832	836832	150505
pr136.tsp	2.69	836832	836832	146075
pr136.tsp	2.70	836832	836832	147847
pr136.tsp	2.69	836832	836832	131945
pr136.tsp	2.69	836832	836832	142102
pr136.tsp	2.70	836832	836832	155625
pr136.tsp	2.70	836832	836832	131301
pr136.tsp	2.70	836832	836832	140962
pr136.tsp	2.68	836832	836832	135176
pr136.tsp	2.70	836832	836832	151318
pr144.tsp	2.81	836832	836832	126269
pr144.tsp	2.80	836832	836832	127783
pr144.tsp	2.83	836832	836832	139312
pr144.tsp	2.82	836832	836832	118090
pr144.tsp	2.82	836832	836832	123015
pr144.tsp	2.80	836832	836832	131946
pr144.tsp	2.84	836832	836832	118094
pr144.tsp	2.80	836832	836832	121543
pr144.tsp	2.79	836832	836832	124662
pr144.tsp	2.81	836832	836832	104880
pr152.tsp	2.94	836832	836832	170708
pr152.tsp	2.94	836832	836832	159348
pr152.tsp	2.93	836832	836832	171932
pr152.tsp	2.97	836832	836832	141776
pr152.tsp	2.92	836832	836832	165325
pr152.tsp	2.94	836832	836832	171482
pr152.tsp	2.95	836832	836832	163989
pr152.tsp	2.94	836832	836832	179221
pr152.tsp	2.96	836832	836832	158097
pr152.tsp	2.92	836832	836832	152566
pr226.tsp	4.13	836832	836832	244409
pr226.tsp	4.10	836832	836832	240169
pr226.tsp	4.09	836832	836832	247044
pr226.tsp	4.10	836832	836832	249005
pr226.tsp	4.07	836832	836832	239643
pr226.tsp	4.10	836832	836832	242925
pr226.tsp	4.10	836832	836832	247530
pr226.tsp	4.08	836832	836832	195652
pr226.tsp	4.08	836832	836832	265097
pr226.tsp	4.07	836832	836832	215379
pr264.tsp	4.63	836832	836832	143944
pr264.tsp	4.64	836832	836832	159639
pr264.tsp	4.64	836832	836832	143135
pr264.tsp	4.63	836832	836832	125091
pr264.tsp	4.63	836832	836832	149312
pr264.tsp	4.63	836832	836832	118553
pr264.tsp	4.63	836832	836832	148658
pr264.tsp	4.63	836832	836832	132267
pr264.tsp	4.63	836832	836832	169945
pr264.tsp	4.64	836832	836832	140946
pr299.tsp	5.19	836832	836832	106151
pr299.tsp	5.20	836832	836832	113102
pr299.tsp	5.20	836832	836832	117187
pr299.tsp	5.21	836832	836832	102401
pr299.tsp	5.22	836832	836832	97021
pr299.tsp	5.20	836832	836832	101451
pr299.tsp	5.20	836832	836832	96555
pr299.tsp	5.21	836832	836832	116021
pr299.tsp	5.19	836832	836832	89662
pr299.tsp	5.20	836832	836832	100750
pr439.tsp	7.57	836832	836832	299607
pr439.tsp	7.55	836832	836832	309072
pr439.tsp	7.55	836832	836832	282392
pr439.tsp	9.96	836832	836832	321869
pr439.tsp	7.53	836832	836832	318930
pr439.tsp	7.55	836832	836832	280664
pr439.tsp	7.53	836832	836832	265054
pr439.tsp	7.56	836832	836832	293484
pr439.tsp	7.57	836832	836832	305249
pr439.tsp	7.54	836832	836832	283292
pr76.tsp	1.73	836832	836832	136096
pr76.tsp	1.76	836832	836832	127438
pr76.tsp	1.77	836832	836832	129061
pr76.tsp	1.72	836832	836832	132989
pr76.tsp	1.75	836832	836832	134205
pr76.tsp	1.73	836832	836832	132463
pr76.tsp	1.75	836832	836832	127922
pr76.tsp	1.74	836832	836832	129018
pr76.tsp	1.73	836832	836832	126210
pr76.tsp	1.72	836832	836832	131935
rat575.tsp	10.39	836832	836832	15697
rat575.tsp	10.47	836832	836832	16958
rat575.tsp	10.45	836832	836832	16371
rat575.tsp	10.41	836832	836832	17442
rat575.tsp	10.37	836832	836832	17043
rat575.tsp	10.40	836832	836832	17073
rat575.tsp	10.43	836832	836832	16500
rat575.tsp	10.47	836832	836832	16283
rat575.tsp	10.42	836832	836832	17068
rat575.tsp	10.49	836832	836832	17600
rat783.tsp	14.67	836832	836832	27557
rat783.tsp	14.56	836832	836832	27249
rat783.tsp	14.80	836832	836832	26350
rat783.tsp	14.81	836832	836832	27154
rat783.tsp	14.78	836832	836832	28643
rat783.tsp	14.81	836832	836832	27278
rat783.tsp	14.54	836832	836832	30198
rat783.tsp	14.73	836832	836832	27994
rat783.tsp	14.66	836832	836832	28750
rat783.tsp	14.56	836832	836832	28490
rat99.tsp	2.12	836832	836832	1597
rat99.tsp	2.10	836832	836832	1479
rat99.tsp	2.12	836832	836832	1478
rat99.tsp	2.10	836832	836832	1610
rat99.tsp	2.10	836832	836832	1569
rat99.tsp	2.10	836832	836832	1573
rat99.tsp	2.12	836832	836832	1610
rat99.tsp	2.10	836832	836832	1592
rat99.tsp	2.12	836832	836832	1560
rat99.tsp	2.12	836832	836832	1528
