a280.tsp	3.70	627621	627621	5009
a280.tsp	3.70	627621	627621	5105
a280.tsp	3.70	627621	627621	5722
a280.tsp	3.72	627621	627621	5539
a280.tsp	3.72	627621	627621	5935
a280.tsp	3.72	627621	627621	5212
a280.tsp	4.10	627621	627621	4975
a280.tsp	3.70	627621	627621	4988
a280.tsp	3.71	627621	627621	4998
a280.tsp	3.70	627621	627621	5396
berlin52.tsp	1.03	627621	627621	8319
berlin52.tsp	1.03	627621	627621	8526
berlin52.tsp	1.03	627621	627621	9494
berlin52.tsp	1.01	627621	627621	8204
berlin52.tsp	1.05	627621	627621	8486
berlin52.tsp	1.06	627621	627621	8153
berlin52.tsp	1.04	627621	627621	8452
berlin52.tsp	1.04	627621	627621	8512
berlin52.tsp	1.04	627621	627621	8541
berlin52.tsp	1.04	627621	627621	8491
bier127.tsp	1.92	627621	627621	158352
bier127.tsp	1.91	627621	627621	155814
bier127.tsp	1.91	627621	627621	152291
bier127.tsp	1.91	627621	627621	158539
bier127.tsp	1.91	627621	627621	166965
bier127.tsp	1.92	627621	627621	146218
bier127.tsp	1.94	627621	627621	165510
bier127.tsp	1.91	627621	627621	157196
bier127.tsp	1.90	627621	627621	157050
bier127.tsp	1.92	627621	627621	150989
eil101.tsp	1.61	627621	627621	821
eil101.tsp	1.61	627621	627621	740
eil101.tsp	1.62	627621	627621	784
eil101.tsp	1.61	627621	627621	742
eil101.tsp	1.61	627621	627621	756
eil101.tsp	1.62	627621	627621	782
eil101.tsp	1.61	627621	627621	785
eil101.tsp	1.62	627621	627621	766
eil101.tsp	1.61	627621	627621	801
eil101.tsp	1.62	627621	627621	797
eil51.tsp	1.05	627621	627621	453
eil51.tsp	1.03	627621	627621	434
eil51.tsp	1.02	627621	627621	453
eil51.tsp	1.03	627621	627621	443
eil51.tsp	1.03	627621	627621	432
eil51.tsp	1.04	627621	627621	454
eil51.tsp	1.04	627621	627621	444
eil51.tsp	1.04	627621	627621	476
eil51.tsp	1.05	627621	627621	450
eil51.tsp	1.03	627621	627621	448
eil76.tsp	1.32	627621	627621	597
eil76.tsp	1.31	627621	627621	591
eil76.tsp	1.32	627621	627621	623
eil76.tsp	1.32	627621	627621	628
eil76.tsp	1.57	627621	627621	605
eil76.tsp	1.32	627621	627621	616
eil76.tsp	1.32	627621	627621	655
eil76.tsp	1.48	627621	627621	631
eil76.tsp	1.32	627621	627621	633
eil76.tsp	1.32	627621	627621	627
gil262.tsp	3.47	627621	627621	4585
gil262.tsp	3.48	627621	627621	4100
gil262.tsp	3.48	627621	627621	4586
gil262.tsp	3.48	627621	627621	4674
gil262.tsp	3.48	627621	627621	4571
gil262.tsp	3.47	627621	627621	4315
gil262.tsp	3.47	627621	627621	4297
gil262.tsp	3.47	627621	627621	4631
gil262.tsp	3.48	627621	627621	4408
gil262.tsp	3.51	627621	627621	4404
kroA100.tsp	1.56	627621	627621	28339
kroA100.tsp	1.60	627621	627621	28563
kroA100.tsp	1.56	627621	627621	30047
kroA100.tsp	1.56	627621	627621	27042
kroA100.tsp	1.57	627621	627621	31299
kroA100.tsp	1.58	627621	627621	29823
kroA100.tsp	1.56	627621	627621	30076
kroA100.tsp	2.04	627621	627621	33638
kroA100.tsp	1.60	627621	627621	29697
kroA100.tsp	1.58	627621	627621	30510
kroA150.tsp	2.18	627621	627621	41532
kroA150.tsp	2.18	627621	627621	42947
kroA150.tsp	2.18	627621	627621	46696
kroA150.tsp	2.17	627621	627621	41607
kroA150.tsp	2.19	627621	627621	43047
kroA150.tsp	2.18	627621	627621	42845
kroA150.tsp	2.18	627621	627621	45887
kroA150.tsp	2.19	627621	627621	43312
kroA150.tsp	2.17	627621	627621	42183
kroA150.tsp	2.17	627621	627621	43824
kroA200.tsp	2.77	627621	627621	54220
kroA200.tsp	2.76	627621	627621	50678
kroA200.tsp	2.76	627621	627621	52529
kroA200.tsp	2.77	627621	627621	53344
kroA200.tsp	2.78	627621	627621	56359
kroA200.tsp	2.76	627621	627621	46141
kroA200.tsp	2.76	627621	627621	51584
kroA200.tsp	2.76	627621	627621	54126
kroA200.tsp	2.76	627621	627621	57031
kroA200.tsp	2.75	627621	627621	56302
kroB100.tsp	1.59	627621	627621	26431
kroB100.tsp	1.56	627621	627621	31061
kroB100.tsp	1.58	627621	627621	29342
kroB100.tsp	1.56	627621	627621	29317
kroB100.tsp	1.59	627621	627621	28417
kroB100.tsp	1.59	627621	627621	32926
kroB100.tsp	1.56	627621	627621	31149
kroB100.tsp	1.57	627621	627621	31908
kroB100.tsp	1.59	627621	627621	28549
kroB100.tsp	1.61	627621	627621	28479
kroB150.tsp	2.18	627621	627621	42569
kroB150.tsp	2.19	627621	627621	42006
kroB150.tsp	2.20	627621	627621	43400
kroB150.tsp	2.20	627621	627621	45906
kroB150.tsp	2.17	627621	627621	44496
kroB150.tsp	2.18	627621	627621	37613
kroB150.tsp	2.18	627621	627621	41764
kroB150.tsp	2.19	627621	627621	43493
kroB150.tsp	2.18	627621	627621	44612
kroB150.tsp	2.19	627621	627621	43356
kroB200.tsp	2.76	627621	627621	53369
kroB200.tsp	2.77	627621	627621	56827
kroB200.tsp	2.75	627621	627621	50191
kroB200.tsp	2.76	627621	627621	52175
kroB200.tsp	2.75	627621	627621	55208
kroB200.tsp	2.77	627621	627621	52762
kroB200.tsp	2.77	627621	627621	47907
kroB200.tsp	2.75	627621	627621	56509
kroB200.tsp	2.75	627621	627621	52761
kroB200.tsp	2.76	627621	627621	49412
kroC100.tsp	1.58	627621	627621	33868
kroC100.tsp	1.60	627621	627621	31094
kroC100.tsp	1.57	627621	627621	28748
kroC100.tsp	1.58	627621	627621	30851
kroC100.tsp	1.58	627621	627621	32617
kroC100.tsp	1.59	627621	627621	33942
kroC100.tsp	1.57	627621	627621	32848
kroC100.tsp	1.56	627621	627621	28213
kroC100.tsp	1.60	627621	627621	32321
kroC100.tsp	1.59	627621	627621	31392
kroD100.tsp	1.60	627621	627621	29115
kroD100.tsp	1.59	627621	627621	31698
kroD100.tsp	1.60	627621	627621	27313
kroD100.tsp	1.56	627621	627621	29775
kroD100.tsp	1.56	627621	627621	27881
kroD100.tsp	1.58	627621	627621	27728
kroD100.tsp	1.56	627621	627621	30894
kroD100.tsp	1.68	627621	627621	32231
kroD100.tsp	1.59	627621	627621	30497
kroD100.tsp	1.59	627621	627621	29566
kroE100.tsp	1.60	627621	627621	28604
kroE100.tsp	1.59	627621	627621	32536
kroE100.tsp	1.56	627621	627621	32113
kroE100.tsp	1.60	627621	627621	28797
kroE100.tsp	1.71	627621	627621	28776
kroE100.tsp	1.56	627621	627621	28106
kroE100.tsp	1.56	627621	627621	29071
kroE100.tsp	1.58	627621	627621	30941
kroE100.tsp	1.59	627621	627621	28668
kroE100.tsp	1.57	627621	627621	28997
lin105.tsp	1.65	627621	627621	21742
lin105.tsp	1.62	627621	627621	20299
lin105.tsp	1.63	627621	627621	21688
lin105.tsp	1.64	627621	627621	19167
lin105.tsp	1.64	627621	627621	18876
lin105.tsp	1.63	627621	627621	21981
lin105.tsp	1.62	627621	627621	21123
lin105.tsp	1.63	627621	627621	21895
lin105.tsp	1.63	627621	627621	20881
lin105.tsp	1.62	627621	627621	22408
lin318.tsp	5.32	627621	627621	90815
lin318.tsp	4.14	627621	627621	91837
lin318.tsp	4.14	627621	627621	103187
lin318.tsp	4.14	627621	627621	92980
lin318.tsp	4.14	627621	627621	94934
lin318.tsp	4.13	627621	627621	99268
lin318.tsp	4.14	627621	627621	101067
lin318.tsp	4.13	627621	627621	97541
lin318.tsp	4.14	627621	627621	102203
lin318.tsp	4.13	627621	627621	94602
linhp318.tsp	4.14	627621	627621	99542
linhp318.tsp	4.14	627621	627621	96313
linhp318.tsp	4.14	627621	627621	99439
linhp318.tsp	4.13	627621	627621	103135
linhp318.tsp	4.14	627621	627621	94321
linhp318.tsp	4.14	627621	627621	93463
linhp318.tsp	4.13	627621	627621	98802
linhp318.tsp	4.14	627621	627621	92933
linhp318.tsp	4.10	627621	627621	100007
linhp318.tsp	4.13	627621	627621	100363
pr107.tsp	1.64	627621	627621	84977
pr107.tsp	1.66	627621	627621	72893
pr107.tsp	1.66	627621	627621	67313
pr107.tsp	1.66	627621	627621	68882
pr107.tsp	1.66	627621	627621	81799
pr107.tsp	1.65	627621	627621	75643
pr107.tsp	1.66	627621	627621	73026
pr107.tsp	1.64	627621	627621	84194
pr107.tsp	1.66	627621	627621	68992
pr107.tsp	1.65	627621	627621	85620
pr124.tsp	1.85	627621	627621	119365
pr124.tsp	1.86	627621	627621	127846
pr124.tsp	1.85	627621	627621	102575
pr124.tsp	1.85	627621	627621	120453
pr124.tsp	1.85	627621	627621	108654
pr124.tsp	1.84	627621	627621	108226
pr124.tsp	1.85	627621	627621	94842
pr124.tsp	1.83	627621	627621	95627
pr124.tsp	1.86	627621	627621	102632
pr124.tsp	1.84	627621	627621	106667
pr136.tsp	2.01	627621	627621	133648
pr136.tsp	2.02	627621	627621	135033
pr136.tsp	2.02	627621	627621	145702
pr136.tsp	2.03	627621	627621	148862
pr136.tsp	2.01	627621	627621	151139
pr136.tsp	2.02	627621	627621	141620
pr136.tsp	2.02	627621	627621	151469
pr136.tsp	2.01	627621	627621	134728
pr136.tsp	2.02	627621	627621	143138
pr136.tsp	2.02	627621	627621	151370
pr144.tsp	2.10	627621	627621	120944
pr144.tsp	2.12	627621	627621	115786
pr144.tsp	3.15	627621	627621	136539
pr144.tsp	2.12	627621	627621	134535
pr144.tsp	2.11	627621	627621	125910
pr144.tsp	2.09	627621	627621	124409
pr144.tsp	2.10	627621	627621	114301
pr144.tsp	2.10	627621	627621	120653
pr144.tsp	2.10	627621	627621	136505
pr144.tsp	2.11	627621	627621	134480
pr152.tsp	2.19	627621	627621	145053
pr152.tsp	2.21	627621	627621	170507
pr152.tsp	2.19	627621	627621	146791
pr152.tsp	2.21	627621	627621	172101
pr152.tsp	2.21	627621	627621	147620
pr152.tsp	2.21	627621	627621	146406
pr152.tsp	2.20	627621	627621	158154
pr152.tsp	2.22	627621	627621	159723
pr152.tsp	2.20	627621	627621	162787
pr152.tsp	2.19	627621	627621	176964
pr226.tsp	3.14	627621	627621	219548
pr226.tsp	3.05	627621	627621	209049
pr226.tsp	3.06	627621	627621	231586
pr226.tsp	3.05	627621	627621	235365
pr226.tsp	3.06	627621	627621	218984
pr226.tsp	3.07	627621	627621	218753
pr226.tsp	3.08	627621	627621	237775
pr226.tsp	3.07	627621	627621	219064
pr226.tsp	3.07	627621	627621	260136
pr226.tsp	3.05	627621	627621	253134
pr264.tsp	3.48	627621	627621	161643
pr264.tsp	3.47	627621	627621	163960
pr264.tsp	3.46	627621	627621	139685
pr264.tsp	3.48	627621	627621	139487
pr264.tsp	3.46	627621	627621	143245
pr264.tsp	3.46	627621	627621	155560
pr264.tsp	3.47	627621	627621	158721
pr264.tsp	3.46	627621	627621	143340
pr264.tsp	3.47	627621	627621	153114
pr264.tsp	3.48	627621	627621	141188
pr299.tsp	3.90	627621	627621	100170
pr299.tsp	3.91	627621	627621	106198
pr299.tsp	3.90	627621	627621	115345
pr299.tsp	3.89	627621	627621	103491
pr299.tsp	3.91	627621	627621	102641
pr299.tsp	3.90	627621	627621	96098
pr299.tsp	3.90	627621	627621	108948
pr299.tsp	3.90	627621	627621	116999
pr299.tsp	3.89	627621	627621	113931
pr299.tsp	3.89	627621	627621	116713
pr439.tsp	5.68	627621	627621	311068
pr439.tsp	5.66	627621	627621	300779
pr439.tsp	5.66	627621	627621	290113
pr439.tsp	5.68	627621	627621	305656
pr439.tsp	5.67	627621	627621	305024
pr439.tsp	5.65	627621	627621	330093
pr439.tsp	5.67	627621	627621	300373
pr439.tsp	5.66	627621	627621	328825
pr439.tsp	5.66	627621	627621	308309
pr439.tsp	5.64	627621	627621	309964
pr76.tsp	1.32	627621	627621	143911
pr76.tsp	1.31	627621	627621	140513
pr76.tsp	1.29	627621	627621	133621
pr76.tsp	1.29	627621	627621	134106
pr76.tsp	1.31	627621	627621	127423
pr76.tsp	1.28	627621	627621	144135
pr76.tsp	1.32	627621	627621	133276
pr76.tsp	1.33	627621	627621	144954
pr76.tsp	1.32	627621	627621	129556
pr76.tsp	1.32	627621	627621	127265
rat575.tsp	7.83	627621	627621	17643
rat575.tsp	7.81	627621	627621	17023
rat575.tsp	7.85	627621	627621	17284
rat575.tsp	10.30	627621	627621	18815
rat575.tsp	7.84	627621	627621	18361
rat575.tsp	7.86	627621	627621	18380
rat575.tsp	7.85	627621	627621	17573
rat575.tsp	7.81	627621	627621	17526
rat575.tsp	7.83	627621	627621	17431
rat575.tsp	7.82	627621	627621	17423
rat783.tsp	10.98	627621	627621	28900
rat783.tsp	10.99	627621	627621	29963
rat783.tsp	10.94	627621	627621	29403
rat783.tsp	10.90	627621	627621	27592
rat783.tsp	10.91	627621	627621	31396
rat783.tsp	10.93	627621	627621	30279
rat783.tsp	11.03	627621	627621	29507
rat783.tsp	10.98	627621	627621	27498
rat783.tsp	11.00	627621	627621	31640
rat783.tsp	10.99	627621	627621	30024
rat99.tsp	1.58	627621	627621	1564
rat99.tsp	1.57	627621	627621	1553
rat99.tsp	1.57	627621	627621	1619
rat99.tsp	1.58	627621	627621	1593
rat99.tsp	1.57	627621	627621	1453
rat99.tsp	1.58	627621	627621	1570
rat99.tsp	1.60	627621	627621	1550
rat99.tsp	1.60	627621	627621	1567
rat99.tsp	1.59	627621	627621	1564
rat99.tsp	1.58	627621	627621	1616
