br17 39.100000 39.000000 0.094868 0.256410 0.243252 0.078000 0.001265 6.800000 0.525357 204.700000 0.707814 27839.200000 96.262641 0.000200 0.000003
ft53 8123.500000 6905.000000 69.272108 17.646633 1.003217 1.678000 0.008343 32.600000 2.350319 219.200000 1.223111 302057.600000 1685.446666 0.296110 0.000084
ft70 40868.800000 38673.000000 81.974606 5.677863 0.211969 3.745000 0.032718 36.300000 3.379497 222.500000 2.094039 537337.500000 5057.104569 0.212636 0.000069
ftv170 3719.400000 2755.000000 37.031662 35.005445 1.344162 41.181000 0.186620 14.200000 1.993991 208.900000 1.062544 3036361.500000 15444.078737 14.415592 0.002508
ftv33 1479.700000 1286.000000 15.278122 15.062208 1.188034 0.507000 0.004701 13.700000 1.516905 209.000000 1.009950 117249.000000 566.582227 0.076365 0.000056
ftv35 1597.400000 1473.000000 19.740415 8.445350 1.340150 0.587000 0.005486 18.500000 3.479224 210.900000 1.972055 132867.000000 1242.394503 0.049574 0.000074
ftv38 1739.600000 1530.000000 26.915497 13.699346 1.759183 0.718000 0.005060 11.500000 1.756417 206.800000 0.977753 153238.800000 724.514621 0.098361 0.000089
ftv44 1857.000000 1613.000000 14.908387 15.127092 0.924265 1.031000 0.008538 15.400000 3.458902 208.500000 1.762101 206415.000000 1744.480008 0.155960 0.000079
ftv47 2104.100000 1776.000000 28.361400 18.474099 1.596926 1.266000 0.008270 23.600000 2.384114 215.000000 1.224745 242520.000000 1381.512215 0.233882 0.000132
ftv55 1926.400000 1608.000000 30.830245 19.800995 1.917304 1.893000 0.013119 19.100000 1.388884 212.500000 1.365650 327250.000000 2103.101044 0.374833 0.000252
ftv64 2297.000000 1839.000000 27.280396 24.904840 1.483436 2.897000 0.017891 17.900000 3.185750 210.100000 1.307287 437008.000000 2719.157517 0.721493 0.000265
ftv70 2310.800000 1960.000000 30.901715 17.897959 1.576618 3.625000 0.016748 12.400000 1.773133 209.000000 1.019804 519365.000000 2534.212698 0.648801 0.000264
kro124p 40940.400000 36230.000000 483.343671 13.001380 1.334098 10.246000 0.092954 63.000000 4.140048 232.800000 1.978889 1152360.000000 9795.498456 1.332121 0.001240
rbg323 1495.700000 1326.000000 2.821524 12.797888 0.212785 313.399000 5.473014 162.100000 5.248714 248.300000 1.964943 12912344.900000 102182.917686 40.108454 0.011646
rbg358 1392.200000 1163.000000 4.730328 19.707653 0.406735 460.452000 3.922721 207.900000 4.581375 269.400000 1.594992 17215468.200000 101924.784192 90.744281 0.015955
rbg403 2582.700000 2465.000000 3.975047 4.774848 0.161260 777.412000 7.561341 497.300000 12.854610 322.800000 1.433876 26018002.800000 115571.828701 37.120240 0.012193
ry48p 15442.400000 14422.000000 77.957322 7.075302 0.540544 1.324000 0.015761 38.200000 4.789154 224.400000 2.665333 253123.200000 3006.495624 0.093677 0.000085
