br17 39.000000 39.000000 0.000000 0.000000 0.000000 0.041000 0.000949 5.900000 0.411096 101.500000 0.254951 13804.000000 34.673333 0.000000 0.000000
ft53 8281.000000 6905.000000 49.650780 19.927589 0.719055 1.051000 0.010531 32.500000 2.695366 117.400000 1.141928 161777.200000 1573.577051 0.209439 0.000076
ft70 41029.100000 38673.000000 133.828730 6.092364 0.346052 2.268000 0.037889 27.800000 2.432283 119.100000 2.027067 287626.500000 4895.366434 0.138175 0.000131
ftv170 3783.400000 2755.000000 37.262099 37.328494 1.352526 23.412000 0.213241 15.100000 2.036909 108.500000 0.908295 1577047.500000 13202.069369 8.739347 0.002884
ftv33 1528.800000 1286.000000 20.336076 18.880249 1.581343 0.310000 0.004899 10.500000 1.823458 106.500000 1.350926 59746.500000 757.869266 0.058529 0.000077
ftv35 1658.900000 1473.000000 20.922930 12.620502 1.420430 0.361000 0.003592 15.400000 1.613691 108.500000 1.051190 68355.000000 662.249575 0.045560 0.000051
ftv38 1788.600000 1530.000000 18.231950 16.901961 1.191631 0.437000 0.004483 10.800000 0.834266 105.800000 0.732120 78397.800000 542.501075 0.073862 0.000053
ftv44 1883.600000 1613.000000 15.929972 16.776193 0.987599 0.632000 0.006293 10.100000 1.639817 106.500000 1.051190 105435.000000 1040.677904 0.106026 0.000062
ftv47 2145.400000 1776.000000 29.666884 20.799550 1.670433 0.782000 0.008343 21.900000 2.211108 112.200000 1.354991 126561.600000 1528.429594 0.162652 0.000139
ftv55 1939.000000 1608.000000 23.520629 20.584577 1.462726 1.176000 0.018504 17.100000 2.892922 109.700000 1.555956 168938.000000 2396.172698 0.242075 0.000271
ftv64 2264.100000 1839.000000 27.266995 23.115824 1.482708 1.679000 0.022066 10.600000 1.985951 107.200000 1.075174 222976.000000 2236.362761 0.388115 0.000327
ftv70 2343.400000 1960.000000 16.991880 19.561224 0.866933 2.165000 0.020652 13.400000 3.003997 107.200000 1.084435 266392.000000 2694.821812 0.423501 0.000179
kro124p 42263.200000 36230.000000 515.742180 16.652498 1.423522 6.375000 0.062181 63.100000 3.024731 129.800000 1.770875 642510.000000 8765.833674 1.061597 0.000885
rbg323 1491.500000 1326.000000 3.837317 12.481146 0.289390 194.178000 1.081360 158.800000 6.867023 148.100000 0.754321 7701644.300000 39226.949067 24.235640 0.003129
rbg358 1392.100000 1163.000000 7.043366 19.699054 0.605620 308.570000 4.671440 209.500000 7.211449 171.400000 1.632176 10952974.200000 104300.972390 60.785371 0.028291
rbg403 2600.600000 2465.000000 6.226074 5.501014 0.252579 588.775000 9.093908 462.900000 12.218388 225.900000 1.344991 18207765.900000 108407.595917 32.388596 0.022969
