br17 39.000000 39.000000 0.000000 0.000000 0.000000 4.944000 0.006033 15.200000 0.579655 2304974.000000 0.000000 2304974.000000 0.000000 0.000000 0.000000
ft53 9075.909091 6905.000000 869.033057 31.439668 12.585562 13.410000 0.903003 104.090909 10.348837 2095430.909091 199791.498017 2095430.909091 199791.498017 4.216060 0.113648
ft70 41922.545455 38673.000000 3998.102356 8.402621 10.338227 17.149091 1.641930 102.090909 9.947344 2095430.909091 199791.498017 2095430.909091 199791.498017 1.440973 0.169746
ftv170 7243.600000 2755.000000 72.658544 162.925590 2.637334 42.619000 0.027366 365.700000 5.203941 2304974.000000 0.000000 2304974.000000 0.000000 69.437257 0.000722
ftv33 1535.600000 1286.000000 11.721092 19.409020 0.911438 9.332000 0.031774 61.500000 1.812457 2304974.000000 0.000000 2304974.000000 0.000000 1.811250 0.000290
ftv35 1706.100000 1473.000000 18.104944 15.824847 1.229120 9.857000 0.006008 72.800000 2.063008 2304974.000000 0.000000 2304974.000000 0.000000 1.559855 0.000074
ftv38 1638.000000 1530.000000 157.108006 7.058824 10.268497 9.654545 0.923576 67.545455 7.073830 2095430.909091 199791.498017 2095430.909091 199791.498017 0.681497 0.094837
ftv44 1864.272727 1613.000000 178.908818 15.577974 11.091681 10.294545 1.002398 73.454545 7.357869 2095430.909091 199791.498017 2095430.909091 199791.498017 1.603682 0.111183
ftv47 2278.200000 1776.000000 22.584419 28.277027 1.271645 12.555000 0.013360 90.500000 3.586781 2304974.000000 0.000000 2304974.000000 0.000000 3.550181 0.000170
ftv55 2217.100000 1608.000000 39.360246 37.879353 2.447777 14.519000 0.133315 114.800000 4.004497 2304974.000000 0.000000 2304974.000000 0.000000 5.499703 0.003263
ftv64 2736.500000 1839.000000 32.541435 48.803698 1.769518 17.137000 0.045123 127.800000 3.875048 2304974.000000 0.000000 2304974.000000 0.000000 8.363490 0.000798
ftv70 2979.600000 1960.000000 45.092838 52.020408 2.300655 18.054000 0.012264 145.500000 2.205675 2304974.000000 0.000000 2304974.000000 0.000000 9.391764 0.000282
kro124p 74168.300000 36230.000000 771.230005 104.715153 2.128706 27.128000 0.098720 164.700000 5.033985 2304974.000000 0.000000 2304974.000000 0.000000 28.407127 0.002101
rbg323 1842.800000 1326.000000 9.998800 38.974359 0.754057 77.612000 0.197184 619.600000 5.680141 2304974.000000 0.000000 2304974.000000 0.000000 30.248779 0.001487
rbg358 1816.200000 1163.000000 9.657950 56.165090 0.830434 85.281000 0.464048 686.000000 5.366563 2304974.000000 0.000000 2304974.000000 0.000000 47.898151 0.003854
rbg403 2921.900000 2465.000000 11.053009 18.535497 0.448398 95.119000 1.023276 738.400000 6.254918 2304974.000000 0.000000 2304974.000000 0.000000 17.630779 0.004588
rbg443 3290.200000 2720.000000 12.993691 20.963235 0.477709 102.920000 0.012247 815.800000 7.124325 2304974.000000 0.000000 2304974.000000 0.000000 21.575362 0.000059
ry48p 18972.700000 14422.000000 269.671246 31.553876 1.869860 13.329000 0.012919 98.100000 3.251000 2304974.000000 0.000000 2304974.000000 0.000000 4.205816 0.000242
