br17 42.700000 39.000000 0.530094 9.487179 1.359216 0.024000 0.001549 3.600000 0.750999 102.400000 0.404969 13926.400000 55.075802 0.002277 0.000021
ft53 8248.600000 6905.000000 85.458200 19.458364 1.237628 0.620000 0.009592 22.900000 2.308463 113.300000 1.523483 156127.400000 2099.359370 0.120642 0.000119
ft70 41409.100000 38673.000000 104.780003 7.074962 0.270938 1.413000 0.014768 22.300000 1.975095 114.000000 1.104536 275310.000000 2667.454686 0.099969 0.000040
ftv170 3760.100000 2755.000000 28.022295 36.482759 1.017143 17.953000 0.123605 13.900000 1.307287 107.400000 0.709930 1561059.000000 10318.826358 6.549750 0.001257
ftv33 1630.000000 1286.000000 32.848440 26.749611 2.554311 0.164000 0.001549 5.500000 0.724569 105.100000 0.590762 58961.100000 331.417605 0.043869 0.000040
ftv35 1736.800000 1473.000000 27.155405 17.909029 1.843544 0.197000 0.002025 7.200000 1.554349 105.000000 0.905539 66150.000000 570.489264 0.035281 0.000037
ftv38 1827.600000 1530.000000 30.443127 19.450980 1.989747 0.249000 0.001703 9.400000 1.335665 105.800000 0.613188 78397.800000 454.372596 0.048433 0.000034
ftv44 1904.000000 1613.000000 25.306521 18.040918 1.568910 0.394000 0.006197 14.800000 2.460894 108.600000 1.124278 107514.000000 1113.034770 0.071081 0.000097
ftv47 2204.800000 1776.000000 26.365053 24.144144 1.484519 0.466000 0.006957 15.100000 0.434741 109.200000 0.809938 123177.600000 913.610368 0.112512 0.000103
ftv55 1987.700000 1608.000000 26.529248 23.613184 1.649829 0.720000 0.009899 12.900000 1.506320 108.100000 0.727324 166474.000000 1120.078747 0.170015 0.000163
ftv64 2320.300000 1839.000000 29.214055 26.171833 1.588584 1.127000 0.018976 14.100000 2.666271 108.200000 1.433876 225056.000000 2982.461802 0.294957 0.000301
ftv70 2361.300000 1960.000000 13.850668 20.474490 0.706667 1.389000 0.011353 8.200000 2.548725 104.400000 0.764199 259434.000000 1899.034334 0.284391 0.000080
kro124p 43647.400000 36230.000000 554.254350 20.473089 1.529822 4.257000 0.046649 45.800000 3.825703 118.800000 1.046900 588060.000000 5182.155922 0.871539 0.000714
rbg323 1493.400000 1326.000000 5.038254 12.624434 0.379959 164.514000 1.740683 162.000000 7.551159 147.800000 1.573531 7686043.400000 81828.335766 20.768962 0.006614
rbg358 1395.500000 1163.000000 8.595638 19.991402 0.739092 257.337000 2.348620 218.600000 5.880816 169.800000 1.560769 10850729.400000 99737.824040 51.445273 0.017358
rbg403 2622.800000 2465.000000 9.016429 6.401623 0.365778 462.139000 4.676735 429.000000 19.360785 215.300000 2.126264 17353395.300000 171379.031243 29.584395 0.017106
