br17 42.600000 39.000000 0.551362 9.230769 1.413749 0.030000 0.001414 3.700000 0.748999 102.500000 0.430116 13940.000000 58.495812 0.002769 0.000020
ft53 8291.200000 6905.000000 75.067676 20.075308 1.087150 0.724000 0.017041 19.500000 3.409545 113.500000 2.021138 156403.000000 2785.128568 0.145345 0.000185
ft70 41228.500000 38673.000000 117.085119 6.607969 0.302757 1.672000 0.021578 30.000000 2.107131 119.600000 1.524467 288834.000000 3681.588095 0.110485 0.000065
ftv170 3729.400000 2755.000000 38.913031 35.368421 1.412451 19.762000 0.266668 13.400000 1.704113 108.000000 0.860233 1569780.000000 12503.479776 6.989507 0.003767
ftv33 1552.200000 1286.000000 23.188273 20.699844 1.803132 0.201000 0.002214 10.300000 1.208718 109.300000 1.077497 61317.300000 604.475873 0.041607 0.000040
ftv35 1684.900000 1473.000000 17.769890 14.385608 1.206374 0.244000 0.002898 9.800000 1.419859 109.700000 1.122943 69111.000000 707.453815 0.035101 0.000035
ftv38 1759.100000 1530.000000 24.077977 14.973856 1.573724 0.299000 0.003302 13.100000 0.953415 108.000000 0.748331 80028.000000 554.513625 0.044772 0.000052
ftv44 1835.100000 1613.000000 15.371044 13.769374 0.952948 0.438000 0.004648 12.200000 2.296955 108.400000 1.021763 107316.000000 1011.545550 0.060310 0.000044
ftv47 2200.400000 1776.000000 24.204215 23.896396 1.362850 0.550000 0.004690 19.900000 1.946535 113.600000 0.929516 128140.800000 1048.494051 0.131430 0.000064
ftv55 1989.900000 1608.000000 28.647670 23.750000 1.781572 0.816000 0.007376 15.500000 2.098809 109.600000 0.862554 168784.000000 1328.333693 0.193800 0.000131
ftv64 2347.700000 1839.000000 22.658354 27.661773 1.232102 1.267000 0.016736 11.000000 1.918333 107.900000 1.244588 224432.000000 2588.743634 0.350475 0.000206
ftv70 2329.700000 1960.000000 14.284992 18.862245 0.728826 1.574000 0.013357 10.900000 3.339012 105.400000 0.862554 261919.000000 2143.447550 0.296892 0.000097
kro124p 41865.900000 36230.000000 484.450709 15.555893 1.337153 4.925000 0.064719 53.900000 1.583982 128.000000 1.523155 633600.000000 7539.615375 0.766128 0.000865
rbg323 1496.900000 1326.000000 3.993620 12.888386 0.301178 170.382000 2.395938 161.000000 4.404543 147.800000 2.096664 7686043.400000 109032.818874 21.959490 0.007216
rbg358 1386.100000 1163.000000 4.236626 19.183147 0.364284 263.509000 3.313889 204.500000 4.996499 165.600000 1.060189 10582336.800000 67749.236097 50.549319 0.012072
rbg403 2588.700000 2465.000000 8.865721 5.018256 0.359664 489.591000 6.103663 487.400000 9.894645 219.300000 2.687192 17675799.300000 216590.349721 24.568928 0.021953
