br17 39.000000 39.000000 0.000000 0.000000 0.000000 5.175000 0.034037 17.800000 1.279062 2443605.000000 0.000000 2443605.000000 0.000000 0.000000 0.000000
ft53 9200.400000 6905.000000 102.742026 33.242578 1.487937 14.875000 0.076893 123.500000 6.166441 2443605.000000 0.000000 2443605.000000 0.000000 4.944833 0.001144
ft70 43972.500000 38673.000000 93.686098 13.703359 0.242252 19.531000 0.085935 139.600000 4.259577 2443605.000000 0.000000 2443605.000000 0.000000 2.676403 0.000208
ftv170 6813.400000 2755.000000 91.728643 147.310345 3.329533 44.974000 0.415423 402.700000 5.954914 2443605.000000 0.000000 2443605.000000 0.000000 66.251354 0.013832
ftv33 1522.900000 1286.000000 13.691202 18.421462 1.064635 9.628000 0.019225 63.000000 2.195450 2443605.000000 0.000000 2443605.000000 0.000000 1.773618 0.000205
ftv35 1737.000000 1473.000000 16.788687 17.922607 1.139761 10.240000 0.041110 69.300000 2.785857 2443605.000000 0.000000 2443605.000000 0.000000 1.835275 0.000469
ftv38 1811.000000 1530.000000 14.172509 18.366013 0.926308 11.057000 0.140250 72.700000 1.104989 2443605.000000 0.000000 2443605.000000 0.000000 2.030730 0.001299
ftv44 1990.900000 1613.000000 21.397406 23.428394 1.326560 12.563000 0.111320 87.200000 2.820638 2443605.000000 0.000000 2443605.000000 0.000000 2.943309 0.001477
ftv47 2187.600000 1776.000000 23.879782 23.175676 1.344582 13.471000 0.197623 92.700000 4.064603 2443605.000000 0.000000 2443605.000000 0.000000 3.121995 0.002657
ftv55 2173.300000 1608.000000 23.039987 35.155473 1.432835 14.955000 0.016325 120.800000 2.548725 2443605.000000 0.000000 2443605.000000 0.000000 5.257501 0.000234
ftv64 2560.300000 1839.000000 28.038919 39.222403 1.524683 17.405000 0.022192 140.600000 3.606106 2443605.000000 0.000000 2443605.000000 0.000000 6.826659 0.000338
ftv70 2819.100000 1960.000000 26.322785 43.831633 1.342999 18.689000 0.012202 146.700000 2.588629 2443605.000000 0.000000 2443605.000000 0.000000 8.191694 0.000164
kro124p 62263.500000 36230.000000 558.236961 71.856197 1.540814 28.145000 0.229274 215.000000 4.619524 2443605.000000 0.000000 2443605.000000 0.000000 20.223927 0.003533
rbg323 1771.900000 1326.000000 13.573098 33.627451 1.023612 78.775000 0.034358 639.600000 10.548175 2443605.000000 0.000000 2443605.000000 0.000000 26.490025 0.000352
rbg358 1717.000000 1163.000000 15.608331 47.635426 1.342075 87.292000 0.014199 720.900000 6.562698 2443605.000000 0.000000 2443605.000000 0.000000 41.581916 0.000191
rbg403 2845.700000 2465.000000 9.240184 15.444219 0.374855 98.059000 1.046902 783.100000 7.934041 2443605.000000 0.000000 2443605.000000 0.000000 15.144447 0.003924
rbg443 3161.700000 2720.000000 7.866448 16.238971 0.289208 106.469000 0.019922 867.200000 7.940781 2443605.000000 0.000000 2443605.000000 0.000000 17.289470 0.000058
ry48p 17262.400000 14422.000000 115.661074 19.694911 0.801977 13.841000 0.028929 118.000000 3.426368 2443605.000000 0.000000 2443605.000000 0.000000 2.725973 0.000232
