a280.tsp	2.16	364428	364428	6000
a280.tsp	2.16	364428	364428	6072
a280.tsp	2.15	364428	364428	5798
a280.tsp	2.15	364428	364428	5379
a280.tsp	2.16	364428	364428	5280
a280.tsp	2.15	364428	364428	5940
a280.tsp	2.15	364428	364428	5898
a280.tsp	2.15	364428	364428	6425
a280.tsp	2.15	364428	364428	6055
a280.tsp	2.15	364428	364428	5353
berlin52.tsp	0.60	364428	364428	8842
berlin52.tsp	0.60	364428	364428	8350
berlin52.tsp	0.60	364428	364428	8571
berlin52.tsp	0.60	364428	364428	8183
berlin52.tsp	0.60	364428	364428	8224
berlin52.tsp	0.61	364428	364428	8387
berlin52.tsp	0.60	364428	364428	9110
berlin52.tsp	0.59	364428	364428	8207
berlin52.tsp	0.59	364428	364428	8768
berlin52.tsp	0.61	364428	364428	8517
bier127.tsp	1.11	364428	364428	179507
bier127.tsp	1.12	364428	364428	174104
bier127.tsp	1.11	364428	364428	158462
bier127.tsp	1.12	364428	364428	157577
bier127.tsp	1.12	364428	364428	157454
bier127.tsp	1.11	364428	364428	163852
bier127.tsp	1.12	364428	364428	160589
bier127.tsp	1.10	364428	364428	170946
bier127.tsp	1.11	364428	364428	165895
bier127.tsp	1.11	364428	364428	163350
eil101.tsp	0.93	364428	364428	770
eil101.tsp	0.93	364428	364428	755
eil101.tsp	0.94	364428	364428	775
eil101.tsp	0.92	364428	364428	837
eil101.tsp	1.12	364428	364428	827
eil101.tsp	0.94	364428	364428	796
eil101.tsp	0.94	364428	364428	737
eil101.tsp	0.93	364428	364428	819
eil101.tsp	0.94	364428	364428	818
eil101.tsp	0.95	364428	364428	763
eil51.tsp	0.60	364428	364428	482
eil51.tsp	0.61	364428	364428	457
eil51.tsp	0.59	364428	364428	462
eil51.tsp	0.60	364428	364428	487
eil51.tsp	0.60	364428	364428	462
eil51.tsp	0.60	364428	364428	479
eil51.tsp	0.60	364428	364428	480
eil51.tsp	0.60	364428	364428	464
eil51.tsp	0.60	364428	364428	485
eil51.tsp	0.61	364428	364428	453
eil76.tsp	0.76	364428	364428	646
eil76.tsp	0.77	364428	364428	663
eil76.tsp	0.76	364428	364428	694
eil76.tsp	0.91	364428	364428	620
eil76.tsp	0.76	364428	364428	661
eil76.tsp	0.77	364428	364428	681
eil76.tsp	0.76	364428	364428	687
eil76.tsp	0.76	364428	364428	605
eil76.tsp	0.76	364428	364428	649
eil76.tsp	0.76	364428	364428	657
gil262.tsp	2.02	364428	364428	4730
gil262.tsp	2.02	364428	364428	4863
gil262.tsp	2.02	364428	364428	4532
gil262.tsp	2.02	364428	364428	4858
gil262.tsp	2.02	364428	364428	5029
gil262.tsp	2.24	364428	364428	4566
gil262.tsp	2.02	364428	364428	4725
gil262.tsp	2.02	364428	364428	4753
gil262.tsp	2.14	364428	364428	4466
gil262.tsp	2.02	364428	364428	5037
kroA100.tsp	0.91	364428	364428	31539
kroA100.tsp	0.93	364428	364428	33109
kroA100.tsp	0.92	364428	364428	30776
kroA100.tsp	0.90	364428	364428	28359
kroA100.tsp	0.90	364428	364428	31952
kroA100.tsp	0.93	364428	364428	31000
kroA100.tsp	0.91	364428	364428	32969
kroA100.tsp	0.92	364428	364428	36250
kroA100.tsp	0.91	364428	364428	32997
kroA100.tsp	0.91	364428	364428	32957
kroA150.tsp	1.26	364428	364428	48819
kroA150.tsp	1.27	364428	364428	46394
kroA150.tsp	1.27	364428	364428	44702
kroA150.tsp	1.27	364428	364428	46028
kroA150.tsp	1.27	364428	364428	47448
kroA150.tsp	1.26	364428	364428	47494
kroA150.tsp	1.27	364428	364428	41856
kroA150.tsp	1.26	364428	364428	40391
kroA150.tsp	1.27	364428	364428	48282
kroA150.tsp	1.27	364428	364428	45455
kroA200.tsp	1.60	364428	364428	52367
kroA200.tsp	1.61	364428	364428	56316
kroA200.tsp	1.62	364428	364428	58366
kroA200.tsp	1.61	364428	364428	59931
kroA200.tsp	1.60	364428	364428	51508
kroA200.tsp	1.60	364428	364428	54169
kroA200.tsp	1.60	364428	364428	52764
kroA200.tsp	1.61	364428	364428	66372
kroA200.tsp	1.60	364428	364428	52656
kroA200.tsp	1.60	364428	364428	53716
kroB100.tsp	0.92	364428	364428	31603
kroB100.tsp	0.91	364428	364428	29953
kroB100.tsp	0.91	364428	364428	30696
kroB100.tsp	0.90	364428	364428	34898
kroB100.tsp	0.92	364428	364428	32029
kroB100.tsp	0.92	364428	364428	32784
kroB100.tsp	0.91	364428	364428	32174
kroB100.tsp	0.91	364428	364428	32164
kroB100.tsp	0.91	364428	364428	34752
kroB100.tsp	0.93	364428	364428	31788
kroB150.tsp	1.27	364428	364428	45033
kroB150.tsp	1.27	364428	364428	43222
kroB150.tsp	1.26	364428	364428	43142
kroB150.tsp	1.28	364428	364428	42987
kroB150.tsp	1.27	364428	364428	42928
kroB150.tsp	1.27	364428	364428	41530
kroB150.tsp	1.26	364428	364428	45695
kroB150.tsp	1.26	364428	364428	43086
kroB150.tsp	1.26	364428	364428	45471
kroB150.tsp	1.27	364428	364428	45968
kroB200.tsp	1.60	364428	364428	56050
kroB200.tsp	1.61	364428	364428	53063
kroB200.tsp	1.60	364428	364428	53353
kroB200.tsp	1.61	364428	364428	58037
kroB200.tsp	1.61	364428	364428	57462
kroB200.tsp	1.62	364428	364428	63143
kroB200.tsp	1.60	364428	364428	55456
kroB200.tsp	1.60	364428	364428	62563
kroB200.tsp	1.61	364428	364428	49711
kroB200.tsp	1.60	364428	364428	59607
kroC100.tsp	0.94	364428	364428	32016
kroC100.tsp	0.91	364428	364428	29542
kroC100.tsp	0.90	364428	364428	31438
kroC100.tsp	0.91	364428	364428	33116
kroC100.tsp	0.93	364428	364428	27366
kroC100.tsp	0.91	364428	364428	30293
kroC100.tsp	0.91	364428	364428	31631
kroC100.tsp	0.92	364428	364428	28974
kroC100.tsp	0.92	364428	364428	32069
kroC100.tsp	0.92	364428	364428	33652
kroD100.tsp	0.93	364428	364428	29984
kroD100.tsp	0.91	364428	364428	33167
kroD100.tsp	0.90	364428	364428	33688
kroD100.tsp	0.93	364428	364428	29945
kroD100.tsp	0.91	364428	364428	30539
kroD100.tsp	0.93	364428	364428	32194
kroD100.tsp	0.93	364428	364428	32370
kroD100.tsp	0.92	364428	364428	30478
kroD100.tsp	1.00	364428	364428	30627
kroD100.tsp	0.91	364428	364428	31925
kroE100.tsp	0.93	364428	364428	32398
kroE100.tsp	0.92	364428	364428	36155
kroE100.tsp	0.91	364428	364428	36611
kroE100.tsp	0.91	364428	364428	30295
kroE100.tsp	0.91	364428	364428	32626
kroE100.tsp	0.90	364428	364428	31373
kroE100.tsp	0.92	364428	364428	29941
kroE100.tsp	0.91	364428	364428	40047
kroE100.tsp	0.90	364428	364428	34194
kroE100.tsp	0.94	364428	364428	29021
lin105.tsp	0.94	364428	364428	22635
lin105.tsp	0.94	364428	364428	22994
lin105.tsp	0.94	364428	364428	21176
lin105.tsp	0.93	364428	364428	22586
lin105.tsp	0.94	364428	364428	21443
lin105.tsp	0.93	364428	364428	22013
lin105.tsp	0.94	364428	364428	23392
lin105.tsp	0.94	364428	364428	24095
lin105.tsp	0.95	364428	364428	21519
lin105.tsp	0.95	364428	364428	21942
lin318.tsp	2.40	364428	364428	97788
lin318.tsp	2.40	364428	364428	102440
lin318.tsp	2.39	364428	364428	102622
lin318.tsp	2.41	364428	364428	99210
lin318.tsp	2.40	364428	364428	104075
lin318.tsp	2.40	364428	364428	104478
lin318.tsp	2.40	364428	364428	111642
lin318.tsp	2.40	364428	364428	106762
lin318.tsp	2.48	364428	364428	107111
lin318.tsp	2.41	364428	364428	102259
linhp318.tsp	2.40	364428	364428	104838
linhp318.tsp	2.40	364428	364428	110498
linhp318.tsp	2.40	364428	364428	110348
linhp318.tsp	2.40	364428	364428	107718
linhp318.tsp	2.41	364428	364428	103659
linhp318.tsp	2.40	364428	364428	105306
linhp318.tsp	2.40	364428	364428	97783
linhp318.tsp	2.40	364428	364428	101795
linhp318.tsp	2.40	364428	364428	103404
linhp318.tsp	2.40	364428	364428	107399
pr107.tsp	0.96	364428	364428	88995
pr107.tsp	0.96	364428	364428	89273
pr107.tsp	0.96	364428	364428	68326
pr107.tsp	0.96	364428	364428	101719
pr107.tsp	0.95	364428	364428	96934
pr107.tsp	0.96	364428	364428	82967
pr107.tsp	0.96	364428	364428	94919
pr107.tsp	0.96	364428	364428	81207
pr107.tsp	1.08	364428	364428	82483
pr107.tsp	0.96	364428	364428	81573
pr124.tsp	1.07	364428	364428	111164
pr124.tsp	1.07	364428	364428	106652
pr124.tsp	1.08	364428	364428	118102
pr124.tsp	1.08	364428	364428	126879
pr124.tsp	1.07	364428	364428	107935
pr124.tsp	1.08	364428	364428	112776
pr124.tsp	1.08	364428	364428	132527
pr124.tsp	1.08	364428	364428	119674
pr124.tsp	1.35	364428	364428	102446
pr124.tsp	1.06	364428	364428	104804
pr136.tsp	1.16	364428	364428	153104
pr136.tsp	1.17	364428	364428	155436
pr136.tsp	1.17	364428	364428	163855
pr136.tsp	1.18	364428	364428	175414
pr136.tsp	1.18	364428	364428	156073
pr136.tsp	1.49	364428	364428	174059
pr136.tsp	1.17	364428	364428	142570
pr136.tsp	1.17	364428	364428	147664
pr136.tsp	1.17	364428	364428	151958
pr136.tsp	1.18	364428	364428	143854
pr144.tsp	1.23	364428	364428	143848
pr144.tsp	1.22	364428	364428	134710
pr144.tsp	1.22	364428	364428	134883
pr144.tsp	1.22	364428	364428	143560
pr144.tsp	1.22	364428	364428	131895
pr144.tsp	1.23	364428	364428	120616
pr144.tsp	1.22	364428	364428	129103
pr144.tsp	1.23	364428	364428	124166
pr144.tsp	1.22	364428	364428	139260
pr144.tsp	1.22	364428	364428	141739
pr152.tsp	1.28	364428	364428	168343
pr152.tsp	1.27	364428	364428	168878
pr152.tsp	1.28	364428	364428	142219
pr152.tsp	1.28	364428	364428	181887
pr152.tsp	1.28	364428	364428	166289
pr152.tsp	1.28	364428	364428	171200
pr152.tsp	1.28	364428	364428	153443
pr152.tsp	1.28	364428	364428	168027
pr152.tsp	1.28	364428	364428	167124
pr152.tsp	1.28	364428	364428	175261
pr226.tsp	1.78	364428	364428	280532
pr226.tsp	1.78	364428	364428	260333
pr226.tsp	1.79	364428	364428	254809
pr226.tsp	1.79	364428	364428	269573
pr226.tsp	1.78	364428	364428	268163
pr226.tsp	1.77	364428	364428	218452
pr226.tsp	1.78	364428	364428	275618
pr226.tsp	1.78	364428	364428	286709
pr226.tsp	1.80	364428	364428	264899
pr226.tsp	1.79	364428	364428	258175
pr264.tsp	2.02	364428	364428	178932
pr264.tsp	2.02	364428	364428	135686
pr264.tsp	2.02	364428	364428	151121
pr264.tsp	2.02	364428	364428	175609
pr264.tsp	2.02	364428	364428	163612
pr264.tsp	2.02	364428	364428	190989
pr264.tsp	2.01	364428	364428	188103
pr264.tsp	2.02	364428	364428	171034
pr264.tsp	2.01	364428	364428	140070
pr264.tsp	2.01	364428	364428	181106
pr299.tsp	2.26	364428	364428	115591
pr299.tsp	2.27	364428	364428	119925
pr299.tsp	2.27	364428	364428	125223
pr299.tsp	2.26	364428	364428	112713
pr299.tsp	2.27	364428	364428	119868
pr299.tsp	2.26	364428	364428	126568
pr299.tsp	2.26	364428	364428	118031
pr299.tsp	2.26	364428	364428	102862
pr299.tsp	2.26	364428	364428	121403
pr299.tsp	2.27	364428	364428	126576
pr439.tsp	3.31	364428	364428	358757
pr439.tsp	3.30	364428	364428	342784
pr439.tsp	3.28	364428	364428	367148
pr439.tsp	3.29	364428	364428	341062
pr439.tsp	3.30	364428	364428	319400
pr439.tsp	3.29	364428	364428	336654
pr439.tsp	3.30	364428	364428	334074
pr439.tsp	3.29	364428	364428	355937
pr439.tsp	3.29	364428	364428	301291
pr439.tsp	3.30	364428	364428	328328
pr76.tsp	0.76	364428	364428	140760
pr76.tsp	0.76	364428	364428	135494
pr76.tsp	0.76	364428	364428	139487
pr76.tsp	0.76	364428	364428	141887
pr76.tsp	0.76	364428	364428	121823
pr76.tsp	0.76	364428	364428	134039
pr76.tsp	0.76	364428	364428	144740
pr76.tsp	0.76	364428	364428	136078
pr76.tsp	0.76	364428	364428	145238
pr76.tsp	0.75	364428	364428	132294
rat575.tsp	4.51	364428	364428	19200
rat575.tsp	4.55	364428	364428	19337
rat575.tsp	4.56	364428	364428	20553
rat575.tsp	4.53	364428	364428	20950
rat575.tsp	4.53	364428	364428	19700
rat575.tsp	4.55	364428	364428	19930
rat575.tsp	4.52	364428	364428	18257
rat575.tsp	4.53	364428	364428	20696
rat575.tsp	4.54	364428	364428	20345
rat575.tsp	4.52	364428	364428	20249
rat783.tsp	6.42	364428	364428	33713
rat783.tsp	6.35	364428	364428	33750
rat783.tsp	6.34	364428	364428	34487
rat783.tsp	6.34	364428	364428	34074
rat783.tsp	6.34	364428	364428	33366
rat783.tsp	6.34	364428	364428	33600
rat783.tsp	6.33	364428	364428	32963
rat783.tsp	6.34	364428	364428	32869
rat783.tsp	6.31	364428	364428	33459
rat783.tsp	6.34	364428	364428	34152
rat99.tsp	0.92	364428	364428	1639
rat99.tsp	0.92	364428	364428	1770
rat99.tsp	0.91	364428	364428	1621
rat99.tsp	0.91	364428	364428	1624
rat99.tsp	0.91	364428	364428	1629
rat99.tsp	0.91	364428	364428	1657
rat99.tsp	0.92	364428	364428	1595
rat99.tsp	0.92	364428	364428	1633
rat99.tsp	0.92	364428	364428	1836
rat99.tsp	0.92	364428	364428	1733
