a280.tsp	1.86	316594	316594	5944
a280.tsp	1.87	316594	316594	6216
a280.tsp	1.86	316594	316594	6023
a280.tsp	1.87	316594	316594	6590
a280.tsp	1.87	316594	316594	5828
a280.tsp	1.86	316594	316594	5744
a280.tsp	1.87	316594	316594	5793
a280.tsp	1.88	316594	316594	5455
a280.tsp	1.88	316594	316594	6046
a280.tsp	1.87	316594	316594	6185
berlin52.tsp	0.52	316594	316594	9082
berlin52.tsp	0.52	316594	316594	8840
berlin52.tsp	0.53	316594	316594	9494
berlin52.tsp	0.52	316594	316594	8991
berlin52.tsp	0.53	316594	316594	9007
berlin52.tsp	0.52	316594	316594	8650
berlin52.tsp	0.52	316594	316594	8975
berlin52.tsp	0.52	316594	316594	8210
berlin52.tsp	0.52	316594	316594	8937
berlin52.tsp	0.52	316594	316594	8258
bier127.tsp	0.96	316594	316594	168120
bier127.tsp	0.97	316594	316594	157504
bier127.tsp	0.97	316594	316594	172491
bier127.tsp	0.97	316594	316594	155870
bier127.tsp	0.97	316594	316594	177084
bier127.tsp	0.97	316594	316594	164387
bier127.tsp	0.96	316594	316594	149433
bier127.tsp	0.97	316594	316594	167232
bier127.tsp	0.97	316594	316594	165269
bier127.tsp	0.96	316594	316594	156773
eil101.tsp	0.82	316594	316594	744
eil101.tsp	0.81	316594	316594	810
eil101.tsp	0.81	316594	316594	767
eil101.tsp	0.81	316594	316594	778
eil101.tsp	0.81	316594	316594	827
eil101.tsp	0.80	316594	316594	803
eil101.tsp	0.80	316594	316594	805
eil101.tsp	0.81	316594	316594	816
eil101.tsp	0.82	316594	316594	789
eil101.tsp	0.80	316594	316594	859
eil51.tsp	0.53	316594	316594	454
eil51.tsp	0.52	316594	316594	516
eil51.tsp	0.52	316594	316594	467
eil51.tsp	0.53	316594	316594	463
eil51.tsp	0.52	316594	316594	481
eil51.tsp	0.52	316594	316594	490
eil51.tsp	0.52	316594	316594	508
eil51.tsp	0.52	316594	316594	484
eil51.tsp	0.61	316594	316594	511
eil51.tsp	0.52	316594	316594	458
eil76.tsp	0.66	316594	316594	618
eil76.tsp	0.67	316594	316594	632
eil76.tsp	0.66	316594	316594	610
eil76.tsp	0.66	316594	316594	615
eil76.tsp	0.66	316594	316594	641
eil76.tsp	0.66	316594	316594	630
eil76.tsp	0.66	316594	316594	654
eil76.tsp	0.66	316594	316594	658
eil76.tsp	0.66	316594	316594	656
eil76.tsp	0.66	316594	316594	645
gil262.tsp	1.76	316594	316594	4577
gil262.tsp	1.75	316594	316594	4954
gil262.tsp	1.76	316594	316594	4935
gil262.tsp	1.76	316594	316594	5059
gil262.tsp	1.76	316594	316594	4796
gil262.tsp	1.76	316594	316594	4721
gil262.tsp	1.75	316594	316594	4708
gil262.tsp	1.76	316594	316594	4786
gil262.tsp	1.76	316594	316594	4922
gil262.tsp	1.76	316594	316594	4697
kroA100.tsp	0.79	316594	316594	33340
kroA100.tsp	0.80	316594	316594	32102
kroA100.tsp	0.80	316594	316594	33869
kroA100.tsp	0.79	316594	316594	30259
kroA100.tsp	0.81	316594	316594	32156
kroA100.tsp	0.81	316594	316594	31625
kroA100.tsp	0.79	316594	316594	33486
kroA100.tsp	0.80	316594	316594	34497
kroA100.tsp	0.80	316594	316594	30624
kroA100.tsp	0.79	316594	316594	32660
kroA150.tsp	1.11	316594	316594	44164
kroA150.tsp	1.11	316594	316594	44890
kroA150.tsp	1.11	316594	316594	47809
kroA150.tsp	1.10	316594	316594	45222
kroA150.tsp	1.10	316594	316594	45673
kroA150.tsp	1.10	316594	316594	48797
kroA150.tsp	1.10	316594	316594	48435
kroA150.tsp	1.10	316594	316594	42006
kroA150.tsp	1.10	316594	316594	41722
kroA150.tsp	1.10	316594	316594	42648
kroA200.tsp	1.40	316594	316594	61154
kroA200.tsp	1.40	316594	316594	63032
kroA200.tsp	1.39	316594	316594	58942
kroA200.tsp	1.40	316594	316594	52525
kroA200.tsp	1.39	316594	316594	58923
kroA200.tsp	1.40	316594	316594	59643
kroA200.tsp	1.39	316594	316594	55040
kroA200.tsp	1.39	316594	316594	57349
kroA200.tsp	1.40	316594	316594	62381
kroA200.tsp	1.40	316594	316594	54012
kroB100.tsp	0.79	316594	316594	32013
kroB100.tsp	0.80	316594	316594	32983
kroB100.tsp	0.79	316594	316594	31030
kroB100.tsp	0.80	316594	316594	36504
kroB100.tsp	0.79	316594	316594	31261
kroB100.tsp	0.80	316594	316594	31407
kroB100.tsp	0.80	316594	316594	32721
kroB100.tsp	0.80	316594	316594	31477
kroB100.tsp	0.82	316594	316594	34478
kroB100.tsp	0.79	316594	316594	31578
kroB150.tsp	1.10	316594	316594	43132
kroB150.tsp	1.10	316594	316594	47266
kroB150.tsp	1.10	316594	316594	45717
kroB150.tsp	1.10	316594	316594	44997
kroB150.tsp	1.10	316594	316594	46388
kroB150.tsp	1.10	316594	316594	46312
kroB150.tsp	1.11	316594	316594	44336
kroB150.tsp	1.10	316594	316594	43415
kroB150.tsp	1.10	316594	316594	43048
kroB150.tsp	1.10	316594	316594	45752
kroB200.tsp	1.39	316594	316594	58242
kroB200.tsp	1.40	316594	316594	63835
kroB200.tsp	1.38	316594	316594	58478
kroB200.tsp	1.39	316594	316594	56765
kroB200.tsp	1.40	316594	316594	54335
kroB200.tsp	1.40	316594	316594	57192
kroB200.tsp	1.40	316594	316594	57571
kroB200.tsp	1.40	316594	316594	56227
kroB200.tsp	1.39	316594	316594	60434
kroB200.tsp	1.40	316594	316594	50342
kroC100.tsp	0.80	316594	316594	35039
kroC100.tsp	0.79	316594	316594	30498
kroC100.tsp	0.79	316594	316594	31552
kroC100.tsp	0.80	316594	316594	35310
kroC100.tsp	0.80	316594	316594	30790
kroC100.tsp	0.80	316594	316594	33498
kroC100.tsp	0.80	316594	316594	35394
kroC100.tsp	0.80	316594	316594	32489
kroC100.tsp	0.79	316594	316594	31986
kroC100.tsp	0.80	316594	316594	29319
kroD100.tsp	0.78	316594	316594	36842
kroD100.tsp	0.78	316594	316594	30936
kroD100.tsp	0.80	316594	316594	32879
kroD100.tsp	0.81	316594	316594	31146
kroD100.tsp	0.80	316594	316594	31162
kroD100.tsp	0.79	316594	316594	31255
kroD100.tsp	0.81	316594	316594	29754
kroD100.tsp	0.80	316594	316594	29670
kroD100.tsp	0.80	316594	316594	29375
kroD100.tsp	0.78	316594	316594	33286
kroE100.tsp	0.80	316594	316594	28484
kroE100.tsp	0.80	316594	316594	28510
kroE100.tsp	0.81	316594	316594	29725
kroE100.tsp	0.80	316594	316594	30719
kroE100.tsp	0.79	316594	316594	31880
kroE100.tsp	0.81	316594	316594	30457
kroE100.tsp	0.78	316594	316594	32505
kroE100.tsp	0.81	316594	316594	31743
kroE100.tsp	0.90	316594	316594	34002
kroE100.tsp	0.79	316594	316594	34186
lin105.tsp	0.82	316594	316594	22364
lin105.tsp	0.82	316594	316594	23987
lin105.tsp	0.82	316594	316594	23158
lin105.tsp	0.82	316594	316594	23545
lin105.tsp	0.82	316594	316594	24635
lin105.tsp	0.82	316594	316594	21320
lin105.tsp	0.82	316594	316594	21358
lin105.tsp	0.82	316594	316594	21996
lin105.tsp	0.82	316594	316594	20795
lin105.tsp	0.82	316594	316594	20526
lin318.tsp	2.54	316594	316594	106731
lin318.tsp	2.09	316594	316594	108605
lin318.tsp	2.09	316594	316594	114052
lin318.tsp	2.09	316594	316594	106281
lin318.tsp	2.08	316594	316594	105901
lin318.tsp	2.08	316594	316594	116237
lin318.tsp	2.08	316594	316594	113929
lin318.tsp	2.09	316594	316594	110412
lin318.tsp	2.08	316594	316594	109177
lin318.tsp	2.09	316594	316594	111754
linhp318.tsp	2.10	316594	316594	110761
linhp318.tsp	2.08	316594	316594	109932
linhp318.tsp	2.09	316594	316594	105939
linhp318.tsp	2.09	316594	316594	103590
linhp318.tsp	2.09	316594	316594	108166
linhp318.tsp	2.09	316594	316594	108745
linhp318.tsp	2.08	316594	316594	101227
linhp318.tsp	2.08	316594	316594	102087
linhp318.tsp	2.09	316594	316594	103200
linhp318.tsp	2.08	316594	316594	109397
pr107.tsp	0.83	316594	316594	102093
pr107.tsp	0.83	316594	316594	95156
pr107.tsp	0.83	316594	316594	99537
pr107.tsp	0.83	316594	316594	84852
pr107.tsp	0.84	316594	316594	81109
pr107.tsp	0.83	316594	316594	98263
pr107.tsp	1.03	316594	316594	99142
pr107.tsp	0.83	316594	316594	84940
pr107.tsp	0.84	316594	316594	98798
pr107.tsp	0.84	316594	316594	94779
pr124.tsp	0.94	316594	316594	105965
pr124.tsp	0.94	316594	316594	102895
pr124.tsp	0.93	316594	316594	95242
pr124.tsp	0.94	316594	316594	106261
pr124.tsp	0.93	316594	316594	109785
pr124.tsp	0.93	316594	316594	117147
pr124.tsp	0.93	316594	316594	106352
pr124.tsp	0.94	316594	316594	117195
pr124.tsp	0.93	316594	316594	114029
pr124.tsp	0.94	316594	316594	122255
pr136.tsp	1.02	316594	316594	150053
pr136.tsp	1.02	316594	316594	161524
pr136.tsp	1.02	316594	316594	150882
pr136.tsp	1.02	316594	316594	163618
pr136.tsp	1.02	316594	316594	156302
pr136.tsp	1.02	316594	316594	163958
pr136.tsp	1.02	316594	316594	161693
pr136.tsp	1.52	316594	316594	142176
pr136.tsp	1.03	316594	316594	171366
pr136.tsp	1.02	316594	316594	160540
pr144.tsp	1.06	316594	316594	144568
pr144.tsp	1.07	316594	316594	140758
pr144.tsp	1.07	316594	316594	155188
pr144.tsp	1.06	316594	316594	134945
pr144.tsp	1.06	316594	316594	133725
pr144.tsp	1.06	316594	316594	130090
pr144.tsp	1.06	316594	316594	143338
pr144.tsp	1.07	316594	316594	121324
pr144.tsp	1.06	316594	316594	123399
pr144.tsp	1.07	316594	316594	158799
pr152.tsp	1.11	316594	316594	168492
pr152.tsp	1.12	316594	316594	174825
pr152.tsp	1.11	316594	316594	213492
pr152.tsp	1.11	316594	316594	167469
pr152.tsp	1.11	316594	316594	173666
pr152.tsp	1.11	316594	316594	148851
pr152.tsp	1.11	316594	316594	176483
pr152.tsp	1.11	316594	316594	178212
pr152.tsp	1.11	316594	316594	200144
pr152.tsp	1.11	316594	316594	177694
pr226.tsp	1.54	316594	316594	281002
pr226.tsp	1.55	316594	316594	232208
pr226.tsp	1.70	316594	316594	250358
pr226.tsp	1.54	316594	316594	280159
pr226.tsp	1.54	316594	316594	260318
pr226.tsp	1.55	316594	316594	286367
pr226.tsp	1.55	316594	316594	278888
pr226.tsp	1.55	316594	316594	270546
pr226.tsp	1.54	316594	316594	261376
pr226.tsp	1.56	316594	316594	281503
pr264.tsp	1.76	316594	316594	178946
pr264.tsp	1.76	316594	316594	148841
pr264.tsp	1.76	316594	316594	173011
pr264.tsp	1.76	316594	316594	170077
pr264.tsp	1.75	316594	316594	174270
pr264.tsp	1.75	316594	316594	179263
pr264.tsp	1.75	316594	316594	163197
pr264.tsp	1.75	316594	316594	199112
pr264.tsp	1.75	316594	316594	178493
pr264.tsp	1.75	316594	316594	187673
pr299.tsp	1.97	316594	316594	120032
pr299.tsp	1.97	316594	316594	121086
pr299.tsp	1.97	316594	316594	112425
pr299.tsp	1.97	316594	316594	121757
pr299.tsp	1.98	316594	316594	120686
pr299.tsp	1.96	316594	316594	118694
pr299.tsp	1.97	316594	316594	126511
pr299.tsp	1.97	316594	316594	125123
pr299.tsp	1.97	316594	316594	120869
pr299.tsp	1.97	316594	316594	113923
pr439.tsp	2.87	316594	316594	334811
pr439.tsp	2.86	316594	316594	342308
pr439.tsp	2.86	316594	316594	337190
pr439.tsp	2.86	316594	316594	319206
pr439.tsp	2.86	316594	316594	323290
pr439.tsp	2.85	316594	316594	353144
pr439.tsp	2.86	316594	316594	316928
pr439.tsp	2.85	316594	316594	336067
pr439.tsp	2.86	316594	316594	348742
pr439.tsp	2.86	316594	316594	358504
pr76.tsp	0.66	316594	316594	137677
pr76.tsp	0.66	316594	316594	139805
pr76.tsp	0.65	316594	316594	149543
pr76.tsp	0.66	316594	316594	132034
pr76.tsp	0.65	316594	316594	138741
pr76.tsp	0.67	316594	316594	138319
pr76.tsp	0.65	316594	316594	147719
pr76.tsp	0.65	316594	316594	136106
pr76.tsp	0.66	316594	316594	150141
pr76.tsp	0.65	316594	316594	147988
rat575.tsp	3.93	316594	316594	20847
rat575.tsp	3.96	316594	316594	19878
rat575.tsp	3.95	316594	316594	20231
rat575.tsp	3.96	316594	316594	19991
rat575.tsp	3.97	316594	316594	21227
rat575.tsp	3.97	316594	316594	20663
rat575.tsp	3.94	316594	316594	20524
rat575.tsp	3.94	316594	316594	21241
rat575.tsp	3.94	316594	316594	20892
rat575.tsp	3.93	316594	316594	21550
rat783.tsp	5.57	316594	316594	33582
rat783.tsp	5.54	316594	316594	34856
rat783.tsp	5.52	316594	316594	34791
rat783.tsp	5.52	316594	316594	33926
rat783.tsp	5.52	316594	316594	35763
rat783.tsp	5.52	316594	316594	33438
rat783.tsp	5.59	316594	316594	33998
rat783.tsp	5.50	316594	316594	34126
rat783.tsp	5.57	316594	316594	36343
rat783.tsp	5.50	316594	316594	34721
rat99.tsp	0.80	316594	316594	1681
rat99.tsp	0.81	316594	316594	1600
rat99.tsp	0.80	316594	316594	1619
rat99.tsp	0.79	316594	316594	1629
rat99.tsp	0.80	316594	316594	1551
rat99.tsp	0.80	316594	316594	1702
rat99.tsp	0.79	316594	316594	1570
rat99.tsp	0.79	316594	316594	1556
rat99.tsp	0.80	316594	316594	1795
rat99.tsp	0.80	316594	316594	1622
