a280.tsp	3.74	633200	633200	4868
a280.tsp	3.73	633200	633200	4972
a280.tsp	3.73	633200	633200	5601
a280.tsp	3.76	633200	633200	4887
a280.tsp	4.78	633200	633200	5493
a280.tsp	3.74	633200	633200	5656
a280.tsp	3.74	633200	633200	5313
a280.tsp	3.73	633200	633200	5361
a280.tsp	3.74	633200	633200	5116
a280.tsp	3.73	633200	633200	5097
berlin52.tsp	1.04	633200	633200	8748
berlin52.tsp	1.04	633200	633200	8277
berlin52.tsp	1.04	633200	633200	8576
berlin52.tsp	1.05	633200	633200	7922
berlin52.tsp	1.04	633200	633200	8384
berlin52.tsp	1.14	633200	633200	8122
berlin52.tsp	1.06	633200	633200	9091
berlin52.tsp	1.08	633200	633200	8823
berlin52.tsp	1.07	633200	633200	8223
berlin52.tsp	1.04	633200	633200	8645
bier127.tsp	1.92	633200	633200	155104
bier127.tsp	1.92	633200	633200	158577
bier127.tsp	1.94	633200	633200	156276
bier127.tsp	1.96	633200	633200	158388
bier127.tsp	1.94	633200	633200	148231
bier127.tsp	1.94	633200	633200	144130
bier127.tsp	1.94	633200	633200	152219
bier127.tsp	1.94	633200	633200	154072
bier127.tsp	1.93	633200	633200	147642
bier127.tsp	1.94	633200	633200	143661
eil101.tsp	1.64	633200	633200	764
eil101.tsp	1.62	633200	633200	722
eil101.tsp	1.62	633200	633200	783
eil101.tsp	1.62	633200	633200	725
eil101.tsp	1.62	633200	633200	743
eil101.tsp	1.62	633200	633200	748
eil101.tsp	1.62	633200	633200	763
eil101.tsp	1.62	633200	633200	747
eil101.tsp	1.60	633200	633200	723
eil101.tsp	1.62	633200	633200	744
eil51.tsp	1.05	633200	633200	464
eil51.tsp	1.04	633200	633200	449
eil51.tsp	1.03	633200	633200	505
eil51.tsp	1.05	633200	633200	440
eil51.tsp	1.06	633200	633200	463
eil51.tsp	1.07	633200	633200	442
eil51.tsp	1.06	633200	633200	473
eil51.tsp	1.06	633200	633200	465
eil51.tsp	1.05	633200	633200	485
eil51.tsp	1.06	633200	633200	430
eil76.tsp	1.33	633200	633200	595
eil76.tsp	1.34	633200	633200	594
eil76.tsp	1.33	633200	633200	625
eil76.tsp	1.33	633200	633200	604
eil76.tsp	1.33	633200	633200	637
eil76.tsp	1.33	633200	633200	694
eil76.tsp	1.33	633200	633200	621
eil76.tsp	1.33	633200	633200	668
eil76.tsp	1.33	633200	633200	625
eil76.tsp	1.33	633200	633200	626
gil262.tsp	3.50	633200	633200	4393
gil262.tsp	3.49	633200	633200	4520
gil262.tsp	3.51	633200	633200	4213
gil262.tsp	3.51	633200	633200	4737
gil262.tsp	3.51	633200	633200	4480
gil262.tsp	3.52	633200	633200	4360
gil262.tsp	3.50	633200	633200	4380
gil262.tsp	3.52	633200	633200	4250
gil262.tsp	3.50	633200	633200	4297
gil262.tsp	3.51	633200	633200	4712
kroA100.tsp	1.57	633200	633200	32800
kroA100.tsp	1.58	633200	633200	29364
kroA100.tsp	1.59	633200	633200	28227
kroA100.tsp	1.60	633200	633200	31011
kroA100.tsp	1.58	633200	633200	27731
kroA100.tsp	1.62	633200	633200	33766
kroA100.tsp	1.58	633200	633200	33836
kroA100.tsp	1.58	633200	633200	31042
kroA100.tsp	1.60	633200	633200	30818
kroA100.tsp	1.58	633200	633200	31148
kroA150.tsp	2.20	633200	633200	44107
kroA150.tsp	2.22	633200	633200	44609
kroA150.tsp	2.19	633200	633200	40069
kroA150.tsp	2.21	633200	633200	40750
kroA150.tsp	2.19	633200	633200	41755
kroA150.tsp	2.20	633200	633200	41716
kroA150.tsp	2.22	633200	633200	41932
kroA150.tsp	2.33	633200	633200	38136
kroA150.tsp	2.22	633200	633200	45569
kroA150.tsp	2.20	633200	633200	44003
kroA200.tsp	3.20	633200	633200	52592
kroA200.tsp	2.78	633200	633200	49178
kroA200.tsp	2.80	633200	633200	54926
kroA200.tsp	2.78	633200	633200	52821
kroA200.tsp	2.77	633200	633200	55212
kroA200.tsp	2.79	633200	633200	52713
kroA200.tsp	2.79	633200	633200	61906
kroA200.tsp	2.78	633200	633200	53859
kroA200.tsp	2.81	633200	633200	54790
kroA200.tsp	2.78	633200	633200	55056
kroB100.tsp	1.58	633200	633200	30684
kroB100.tsp	1.58	633200	633200	35690
kroB100.tsp	1.60	633200	633200	32099
kroB100.tsp	1.60	633200	633200	32287
kroB100.tsp	1.60	633200	633200	29087
kroB100.tsp	1.60	633200	633200	30435
kroB100.tsp	1.61	633200	633200	30100
kroB100.tsp	1.60	633200	633200	29124
kroB100.tsp	1.58	633200	633200	31735
kroB100.tsp	1.61	633200	633200	27768
kroB150.tsp	2.23	633200	633200	39303
kroB150.tsp	2.19	633200	633200	38972
kroB150.tsp	2.19	633200	633200	39945
kroB150.tsp	2.20	633200	633200	36654
kroB150.tsp	2.20	633200	633200	40272
kroB150.tsp	2.20	633200	633200	40894
kroB150.tsp	2.19	633200	633200	38557
kroB150.tsp	2.19	633200	633200	42131
kroB150.tsp	2.20	633200	633200	41276
kroB150.tsp	2.21	633200	633200	38376
kroB200.tsp	2.77	633200	633200	56224
kroB200.tsp	2.79	633200	633200	54821
kroB200.tsp	2.79	633200	633200	54745
kroB200.tsp	2.80	633200	633200	51636
kroB200.tsp	2.84	633200	633200	49148
kroB200.tsp	2.79	633200	633200	54168
kroB200.tsp	2.79	633200	633200	54038
kroB200.tsp	2.76	633200	633200	55305
kroB200.tsp	2.78	633200	633200	54019
kroB200.tsp	2.79	633200	633200	53811
kroC100.tsp	1.58	633200	633200	32998
kroC100.tsp	1.61	633200	633200	26035
kroC100.tsp	1.61	633200	633200	31439
kroC100.tsp	1.58	633200	633200	29771
kroC100.tsp	1.62	633200	633200	29453
kroC100.tsp	1.62	633200	633200	29404
kroC100.tsp	1.58	633200	633200	29114
kroC100.tsp	1.61	633200	633200	28537
kroC100.tsp	1.58	633200	633200	29426
kroC100.tsp	1.58	633200	633200	29227
kroD100.tsp	1.58	633200	633200	28733
kroD100.tsp	1.62	633200	633200	30747
kroD100.tsp	1.57	633200	633200	27400
kroD100.tsp	1.61	633200	633200	32201
kroD100.tsp	1.59	633200	633200	28610
kroD100.tsp	1.62	633200	633200	29598
kroD100.tsp	1.58	633200	633200	29866
kroD100.tsp	1.58	633200	633200	29335
kroD100.tsp	1.62	633200	633200	29898
kroD100.tsp	1.58	633200	633200	31982
kroE100.tsp	1.61	633200	633200	27944
kroE100.tsp	1.58	633200	633200	29278
kroE100.tsp	1.62	633200	633200	30749
kroE100.tsp	1.57	633200	633200	29967
kroE100.tsp	1.61	633200	633200	30357
kroE100.tsp	1.57	633200	633200	32964
kroE100.tsp	1.57	633200	633200	32403
kroE100.tsp	1.56	633200	633200	29399
kroE100.tsp	1.62	633200	633200	27919
kroE100.tsp	1.58	633200	633200	27298
lin105.tsp	1.65	633200	633200	20369
lin105.tsp	1.67	633200	633200	20155
lin105.tsp	1.62	633200	633200	21625
lin105.tsp	1.66	633200	633200	22662
lin105.tsp	1.65	633200	633200	18728
lin105.tsp	1.64	633200	633200	20235
lin105.tsp	1.66	633200	633200	22093
lin105.tsp	1.65	633200	633200	22027
lin105.tsp	1.64	633200	633200	21136
lin105.tsp	1.65	633200	633200	21843
lin318.tsp	4.17	633200	633200	101036
lin318.tsp	4.18	633200	633200	100884
lin318.tsp	4.17	633200	633200	97038
lin318.tsp	4.18	633200	633200	101279
lin318.tsp	4.29	633200	633200	94866
lin318.tsp	4.17	633200	633200	94919
lin318.tsp	4.18	633200	633200	101769
lin318.tsp	4.18	633200	633200	107013
lin318.tsp	4.17	633200	633200	92717
lin318.tsp	4.17	633200	633200	98694
linhp318.tsp	4.17	633200	633200	92326
linhp318.tsp	4.17	633200	633200	97421
linhp318.tsp	4.18	633200	633200	97103
linhp318.tsp	4.17	633200	633200	93978
linhp318.tsp	4.17	633200	633200	98086
linhp318.tsp	4.16	633200	633200	96363
linhp318.tsp	4.17	633200	633200	97914
linhp318.tsp	4.18	633200	633200	96914
linhp318.tsp	4.17	633200	633200	95630
linhp318.tsp	4.16	633200	633200	96337
pr107.tsp	1.68	633200	633200	72632
pr107.tsp	1.67	633200	633200	68180
pr107.tsp	1.67	633200	633200	69721
pr107.tsp	1.68	633200	633200	83392
pr107.tsp	1.69	633200	633200	70128
pr107.tsp	1.68	633200	633200	87012
pr107.tsp	1.67	633200	633200	83509
pr107.tsp	1.69	633200	633200	72806
pr107.tsp	1.66	633200	633200	53034
pr107.tsp	1.66	633200	633200	85443
pr124.tsp	1.85	633200	633200	99829
pr124.tsp	1.86	633200	633200	104459
pr124.tsp	1.87	633200	633200	109724
pr124.tsp	1.86	633200	633200	116683
pr124.tsp	1.86	633200	633200	120271
pr124.tsp	1.86	633200	633200	107176
pr124.tsp	1.86	633200	633200	123373
pr124.tsp	1.86	633200	633200	90249
pr124.tsp	1.85	633200	633200	89419
pr124.tsp	1.87	633200	633200	107644
pr136.tsp	2.03	633200	633200	155554
pr136.tsp	2.04	633200	633200	141693
pr136.tsp	2.04	633200	633200	143068
pr136.tsp	2.04	633200	633200	146146
pr136.tsp	2.02	633200	633200	146281
pr136.tsp	2.04	633200	633200	142682
pr136.tsp	2.03	633200	633200	139402
pr136.tsp	2.04	633200	633200	143920
pr136.tsp	2.03	633200	633200	147395
pr136.tsp	2.06	633200	633200	160817
pr144.tsp	2.12	633200	633200	117401
pr144.tsp	2.11	633200	633200	114464
pr144.tsp	2.15	633200	633200	124521
pr144.tsp	2.11	633200	633200	131447
pr144.tsp	2.13	633200	633200	126570
pr144.tsp	2.13	633200	633200	132046
pr144.tsp	2.12	633200	633200	134018
pr144.tsp	2.39	633200	633200	107956
pr144.tsp	2.13	633200	633200	118269
pr144.tsp	2.14	633200	633200	123378
pr152.tsp	2.22	633200	633200	162736
pr152.tsp	2.21	633200	633200	131173
pr152.tsp	2.21	633200	633200	147925
pr152.tsp	2.22	633200	633200	169640
pr152.tsp	2.21	633200	633200	152289
pr152.tsp	2.24	633200	633200	149336
pr152.tsp	2.21	633200	633200	161490
pr152.tsp	2.23	633200	633200	141638
pr152.tsp	2.22	633200	633200	173629
pr152.tsp	2.22	633200	633200	176337
pr226.tsp	3.11	633200	633200	233679
pr226.tsp	3.08	633200	633200	258816
pr226.tsp	3.10	633200	633200	266202
pr226.tsp	3.10	633200	633200	257558
pr226.tsp	3.12	633200	633200	220369
pr226.tsp	3.12	633200	633200	262620
pr226.tsp	3.08	633200	633200	219194
pr226.tsp	3.08	633200	633200	260592
pr226.tsp	3.10	633200	633200	211716
pr226.tsp	3.10	633200	633200	222160
pr264.tsp	3.50	633200	633200	149124
pr264.tsp	3.52	633200	633200	161615
pr264.tsp	3.50	633200	633200	147907
pr264.tsp	3.50	633200	633200	138426
pr264.tsp	3.51	633200	633200	144968
pr264.tsp	3.50	633200	633200	149465
pr264.tsp	3.50	633200	633200	148507
pr264.tsp	3.47	633200	633200	148281
pr264.tsp	3.53	633200	633200	141813
pr264.tsp	3.50	633200	633200	163999
pr299.tsp	3.94	633200	633200	105316
pr299.tsp	3.93	633200	633200	99631
pr299.tsp	3.94	633200	633200	105737
pr299.tsp	3.94	633200	633200	113083
pr299.tsp	3.92	633200	633200	107863
pr299.tsp	3.92	633200	633200	112092
pr299.tsp	3.94	633200	633200	123003
pr299.tsp	3.95	633200	633200	107340
pr299.tsp	3.93	633200	633200	108682
pr299.tsp	5.24	633200	633200	116010
pr439.tsp	5.72	633200	633200	299856
pr439.tsp	5.74	633200	633200	313615
pr439.tsp	5.73	633200	633200	313160
pr439.tsp	5.72	633200	633200	334532
pr439.tsp	5.74	633200	633200	300857
pr439.tsp	5.71	633200	633200	300545
pr439.tsp	5.73	633200	633200	309798
pr439.tsp	5.72	633200	633200	292784
pr439.tsp	5.70	633200	633200	280355
pr439.tsp	5.73	633200	633200	321052
pr76.tsp	1.30	633200	633200	143070
pr76.tsp	1.30	633200	633200	148726
pr76.tsp	1.30	633200	633200	134016
pr76.tsp	1.33	633200	633200	137584
pr76.tsp	1.30	633200	633200	132541
pr76.tsp	1.31	633200	633200	134589
pr76.tsp	1.31	633200	633200	135671
pr76.tsp	1.33	633200	633200	130860
pr76.tsp	1.30	633200	633200	128127
pr76.tsp	1.33	633200	633200	126976
rat575.tsp	7.91	633200	633200	18825
rat575.tsp	7.91	633200	633200	18414
rat575.tsp	7.89	633200	633200	16692
rat575.tsp	7.94	633200	633200	18098
rat575.tsp	7.93	633200	633200	19139
rat575.tsp	7.91	633200	633200	18107
rat575.tsp	7.86	633200	633200	17232
rat575.tsp	10.44	633200	633200	17211
rat575.tsp	7.94	633200	633200	17978
rat575.tsp	7.93	633200	633200	18240
rat783.tsp	11.08	633200	633200	29402
rat783.tsp	10.99	633200	633200	29700
rat783.tsp	11.00	633200	633200	29371
rat783.tsp	11.00	633200	633200	29775
rat783.tsp	11.16	633200	633200	29647
rat783.tsp	11.09	633200	633200	28715
rat783.tsp	15.04	633200	633200	29882
rat783.tsp	10.95	633200	633200	28701
rat783.tsp	10.99	633200	633200	29661
rat783.tsp	11.01	633200	633200	28079
rat99.tsp	1.60	633200	633200	1560
rat99.tsp	1.60	633200	633200	1728
rat99.tsp	1.59	633200	633200	1459
rat99.tsp	1.59	633200	633200	1612
rat99.tsp	1.59	633200	633200	1561
rat99.tsp	1.60	633200	633200	1564
rat99.tsp	1.60	633200	633200	1518
rat99.tsp	1.59	633200	633200	1504
rat99.tsp	1.59	633200	633200	1706
rat99.tsp	1.59	633200	633200	1561
