a280.tsp	7.64	1295800	1295800	4651
a280.tsp	7.73	1295800	1295800	5028
a280.tsp	7.71	1295800	1295800	4414
a280.tsp	7.66	1295800	1295800	4690
a280.tsp	7.78	1295800	1295800	4582
a280.tsp	7.68	1295800	1295800	4670
a280.tsp	7.75	1295800	1295800	4808
a280.tsp	7.73	1295800	1295800	4780
a280.tsp	7.69	1295800	1295800	4764
a280.tsp	7.68	1295800	1295800	4607
berlin52.tsp	2.19	1295800	1295800	8074
berlin52.tsp	2.18	1295800	1295800	8666
berlin52.tsp	2.15	1295800	1295800	8269
berlin52.tsp	2.13	1295800	1295800	9123
berlin52.tsp	2.18	1295800	1295800	8110
berlin52.tsp	2.18	1295800	1295800	8533
berlin52.tsp	2.13	1295800	1295800	8701
berlin52.tsp	2.14	1295800	1295800	8107
berlin52.tsp	2.16	1295800	1295800	8345
berlin52.tsp	2.18	1295800	1295800	8233
bier127.tsp	3.94	1295800	1295800	145481
bier127.tsp	3.97	1295800	1295800	144875
bier127.tsp	4.02	1295800	1295800	148163
bier127.tsp	3.94	1295800	1295800	141398
bier127.tsp	3.95	1295800	1295800	153073
bier127.tsp	4.00	1295800	1295800	146374
bier127.tsp	4.00	1295800	1295800	147104
bier127.tsp	4.01	1295800	1295800	149456
bier127.tsp	4.05	1295800	1295800	151201
bier127.tsp	3.97	1295800	1295800	148236
eil101.tsp	3.30	1295800	1295800	699
eil101.tsp	3.35	1295800	1295800	727
eil101.tsp	3.32	1295800	1295800	717
eil101.tsp	3.35	1295800	1295800	706
eil101.tsp	3.33	1295800	1295800	762
eil101.tsp	3.35	1295800	1295800	784
eil101.tsp	3.33	1295800	1295800	733
eil101.tsp	3.34	1295800	1295800	699
eil101.tsp	3.34	1295800	1295800	700
eil101.tsp	3.35	1295800	1295800	742
eil51.tsp	2.12	1295800	1295800	445
eil51.tsp	2.13	1295800	1295800	431
eil51.tsp	2.16	1295800	1295800	455
eil51.tsp	2.12	1295800	1295800	436
eil51.tsp	2.17	1295800	1295800	434
eil51.tsp	2.14	1295800	1295800	441
eil51.tsp	2.16	1295800	1295800	446
eil51.tsp	2.13	1295800	1295800	448
eil51.tsp	2.17	1295800	1295800	461
eil51.tsp	2.18	1295800	1295800	462
eil76.tsp	2.71	1295800	1295800	621
eil76.tsp	2.72	1295800	1295800	600
eil76.tsp	2.70	1295800	1295800	614
eil76.tsp	2.74	1295800	1295800	577
eil76.tsp	2.75	1295800	1295800	603
eil76.tsp	2.72	1295800	1295800	595
eil76.tsp	2.80	1295800	1295800	594
eil76.tsp	2.72	1295800	1295800	599
eil76.tsp	2.73	1295800	1295800	612
eil76.tsp	2.72	1295800	1295800	574
gil262.tsp	7.18	1295800	1295800	4134
gil262.tsp	7.21	1295800	1295800	4387
gil262.tsp	7.26	1295800	1295800	4133
gil262.tsp	7.22	1295800	1295800	4149
gil262.tsp	7.19	1295800	1295800	4072
gil262.tsp	7.18	1295800	1295800	4462
gil262.tsp	7.20	1295800	1295800	4114
gil262.tsp	7.21	1295800	1295800	4277
gil262.tsp	7.19	1295800	1295800	4216
gil262.tsp	7.19	1295800	1295800	4332
kroA100.tsp	3.22	1295800	1295800	29778
kroA100.tsp	3.30	1295800	1295800	27787
kroA100.tsp	3.31	1295800	1295800	29809
kroA100.tsp	3.22	1295800	1295800	27176
kroA100.tsp	3.25	1295800	1295800	28188
kroA100.tsp	3.24	1295800	1295800	29985
kroA100.tsp	3.22	1295800	1295800	28014
kroA100.tsp	3.24	1295800	1295800	30539
kroA100.tsp	3.22	1295800	1295800	26442
kroA100.tsp	3.30	1295800	1295800	26668
kroA150.tsp	4.54	1295800	1295800	42244
kroA150.tsp	4.55	1295800	1295800	38867
kroA150.tsp	4.51	1295800	1295800	41365
kroA150.tsp	4.51	1295800	1295800	38450
kroA150.tsp	4.62	1295800	1295800	39256
kroA150.tsp	4.56	1295800	1295800	39297
kroA150.tsp	4.53	1295800	1295800	38713
kroA150.tsp	4.48	1295800	1295800	38376
kroA150.tsp	4.53	1295800	1295800	39606
kroA150.tsp	4.54	1295800	1295800	37996
kroA200.tsp	5.72	1295800	1295800	50499
kroA200.tsp	5.72	1295800	1295800	49121
kroA200.tsp	5.68	1295800	1295800	47643
kroA200.tsp	5.82	1295800	1295800	50020
kroA200.tsp	5.68	1295800	1295800	50958
kroA200.tsp	5.77	1295800	1295800	47848
kroA200.tsp	5.68	1295800	1295800	47203
kroA200.tsp	5.71	1295800	1295800	49629
kroA200.tsp	5.77	1295800	1295800	50650
kroA200.tsp	5.77	1295800	1295800	45034
kroB100.tsp	3.27	1295800	1295800	27817
kroB100.tsp	3.36	1295800	1295800	28937
kroB100.tsp	3.22	1295800	1295800	29379
kroB100.tsp	3.23	1295800	1295800	29343
kroB100.tsp	3.23	1295800	1295800	27014
kroB100.tsp	3.33	1295800	1295800	28474
kroB100.tsp	3.22	1295800	1295800	26983
kroB100.tsp	3.31	1295800	1295800	28792
kroB100.tsp	3.32	1295800	1295800	28548
kroB100.tsp	3.30	1295800	1295800	29345
kroB150.tsp	4.53	1295800	1295800	39976
kroB150.tsp	4.54	1295800	1295800	37995
kroB150.tsp	4.49	1295800	1295800	38375
kroB150.tsp	4.55	1295800	1295800	39962
kroB150.tsp	4.50	1295800	1295800	40931
kroB150.tsp	4.51	1295800	1295800	39643
kroB150.tsp	4.51	1295800	1295800	38541
kroB150.tsp	4.52	1295800	1295800	38095
kroB150.tsp	4.54	1295800	1295800	40995
kroB150.tsp	4.49	1295800	1295800	33605
kroB200.tsp	5.70	1295800	1295800	49888
kroB200.tsp	5.78	1295800	1295800	43307
kroB200.tsp	5.76	1295800	1295800	51920
kroB200.tsp	5.74	1295800	1295800	49604
kroB200.tsp	5.74	1295800	1295800	52273
kroB200.tsp	5.72	1295800	1295800	54897
kroB200.tsp	5.76	1295800	1295800	48058
kroB200.tsp	5.71	1295800	1295800	45362
kroB200.tsp	5.73	1295800	1295800	47671
kroB200.tsp	5.73	1295800	1295800	49883
kroC100.tsp	3.29	1295800	1295800	25108
kroC100.tsp	3.28	1295800	1295800	24834
kroC100.tsp	3.32	1295800	1295800	30336
kroC100.tsp	3.31	1295800	1295800	25025
kroC100.tsp	3.24	1295800	1295800	27764
kroC100.tsp	3.26	1295800	1295800	30634
kroC100.tsp	3.25	1295800	1295800	26576
kroC100.tsp	3.29	1295800	1295800	28225
kroC100.tsp	3.33	1295800	1295800	29188
kroC100.tsp	3.33	1295800	1295800	24523
kroD100.tsp	3.35	1295800	1295800	29168
kroD100.tsp	3.30	1295800	1295800	28219
kroD100.tsp	3.28	1295800	1295800	25703
kroD100.tsp	3.29	1295800	1295800	29183
kroD100.tsp	3.39	1295800	1295800	29502
kroD100.tsp	3.25	1295800	1295800	28979
kroD100.tsp	3.26	1295800	1295800	31360
kroD100.tsp	3.26	1295800	1295800	29316
kroD100.tsp	3.22	1295800	1295800	26980
kroD100.tsp	3.23	1295800	1295800	26233
kroE100.tsp	3.32	1295800	1295800	29148
kroE100.tsp	3.25	1295800	1295800	31951
kroE100.tsp	3.34	1295800	1295800	28227
kroE100.tsp	3.28	1295800	1295800	30473
kroE100.tsp	3.23	1295800	1295800	31047
kroE100.tsp	3.29	1295800	1295800	28882
kroE100.tsp	3.28	1295800	1295800	29992
kroE100.tsp	3.25	1295800	1295800	26914
kroE100.tsp	3.33	1295800	1295800	27130
kroE100.tsp	3.32	1295800	1295800	28932
lin105.tsp	3.38	1295800	1295800	17457
lin105.tsp	3.36	1295800	1295800	19197
lin105.tsp	3.37	1295800	1295800	20108
lin105.tsp	3.36	1295800	1295800	18110
lin105.tsp	3.39	1295800	1295800	21112
lin105.tsp	3.36	1295800	1295800	19399
lin105.tsp	3.38	1295800	1295800	19437
lin105.tsp	3.37	1295800	1295800	18259
lin105.tsp	3.40	1295800	1295800	21234
lin105.tsp	3.34	1295800	1295800	18978
lin318.tsp	8.58	1295800	1295800	89486
lin318.tsp	8.56	1295800	1295800	90854
lin318.tsp	8.53	1295800	1295800	86565
lin318.tsp	8.58	1295800	1295800	95433
lin318.tsp	8.57	1295800	1295800	80948
lin318.tsp	8.55	1295800	1295800	94508
lin318.tsp	8.56	1295800	1295800	88541
lin318.tsp	8.54	1295800	1295800	92395
lin318.tsp	8.52	1295800	1295800	86240
lin318.tsp	8.69	1295800	1295800	90765
linhp318.tsp	8.58	1295800	1295800	86939
linhp318.tsp	8.56	1295800	1295800	85367
linhp318.tsp	8.54	1295800	1295800	90575
linhp318.tsp	8.56	1295800	1295800	89359
linhp318.tsp	8.53	1295800	1295800	85954
linhp318.tsp	8.52	1295800	1295800	90799
linhp318.tsp	8.54	1295800	1295800	85506
linhp318.tsp	8.57	1295800	1295800	83303
linhp318.tsp	8.56	1295800	1295800	100078
linhp318.tsp	8.62	1295800	1295800	81353
pr107.tsp	3.49	1295800	1295800	67749
pr107.tsp	3.44	1295800	1295800	68274
pr107.tsp	3.42	1295800	1295800	79508
pr107.tsp	3.41	1295800	1295800	82102
pr107.tsp	3.42	1295800	1295800	63726
pr107.tsp	3.46	1295800	1295800	79605
pr107.tsp	3.43	1295800	1295800	79828
pr107.tsp	3.42	1295800	1295800	68087
pr107.tsp	3.44	1295800	1295800	66242
pr107.tsp	3.47	1295800	1295800	67858
pr124.tsp	3.82	1295800	1295800	94393
pr124.tsp	3.87	1295800	1295800	84134
pr124.tsp	3.90	1295800	1295800	92621
pr124.tsp	3.87	1295800	1295800	101110
pr124.tsp	3.82	1295800	1295800	98638
pr124.tsp	3.86	1295800	1295800	82981
pr124.tsp	3.80	1295800	1295800	105811
pr124.tsp	3.87	1295800	1295800	96216
pr124.tsp	3.82	1295800	1295800	89186
pr124.tsp	3.88	1295800	1295800	94444
pr136.tsp	4.16	1295800	1295800	154478
pr136.tsp	4.22	1295800	1295800	140967
pr136.tsp	4.18	1295800	1295800	155382
pr136.tsp	4.16	1295800	1295800	131016
pr136.tsp	4.16	1295800	1295800	136750
pr136.tsp	4.72	1295800	1295800	142864
pr136.tsp	4.19	1295800	1295800	137919
pr136.tsp	4.18	1295800	1295800	143627
pr136.tsp	4.16	1295800	1295800	152809
pr136.tsp	4.19	1295800	1295800	163577
pr144.tsp	4.39	1295800	1295800	107134
pr144.tsp	4.39	1295800	1295800	124562
pr144.tsp	4.33	1295800	1295800	118249
pr144.tsp	4.74	1295800	1295800	117480
pr144.tsp	4.37	1295800	1295800	106006
pr144.tsp	4.34	1295800	1295800	102095
pr144.tsp	4.90	1295800	1295800	106831
pr144.tsp	4.40	1295800	1295800	114480
pr144.tsp	4.37	1295800	1295800	103333
pr144.tsp	4.36	1295800	1295800	109959
pr152.tsp	4.56	1295800	1295800	129770
pr152.tsp	5.13	1295800	1295800	135927
pr152.tsp	4.61	1295800	1295800	149751
pr152.tsp	4.55	1295800	1295800	157732
pr152.tsp	4.56	1295800	1295800	133275
pr152.tsp	4.53	1295800	1295800	131590
pr152.tsp	4.59	1295800	1295800	143240
pr152.tsp	4.55	1295800	1295800	158079
pr152.tsp	4.58	1295800	1295800	159092
pr152.tsp	4.54	1295800	1295800	137981
pr226.tsp	6.32	1295800	1295800	218978
pr226.tsp	6.31	1295800	1295800	172935
pr226.tsp	6.49	1295800	1295800	184046
pr226.tsp	6.34	1295800	1295800	214814
pr226.tsp	6.30	1295800	1295800	204296
pr226.tsp	6.32	1295800	1295800	206716
pr226.tsp	6.34	1295800	1295800	209748
pr226.tsp	6.36	1295800	1295800	212355
pr226.tsp	6.34	1295800	1295800	202695
pr226.tsp	6.35	1295800	1295800	233848
pr264.tsp	7.19	1295800	1295800	144685
pr264.tsp	7.19	1295800	1295800	151419
pr264.tsp	7.20	1295800	1295800	125163
pr264.tsp	7.21	1295800	1295800	132243
pr264.tsp	7.18	1295800	1295800	139159
pr264.tsp	7.19	1295800	1295800	160796
pr264.tsp	7.27	1295800	1295800	146220
pr264.tsp	7.20	1295800	1295800	148506
pr264.tsp	7.20	1295800	1295800	133901
pr264.tsp	7.15	1295800	1295800	122323
pr299.tsp	8.06	1295800	1295800	97459
pr299.tsp	8.05	1295800	1295800	103678
pr299.tsp	8.05	1295800	1295800	103573
pr299.tsp	8.07	1295800	1295800	103999
pr299.tsp	8.09	1295800	1295800	101026
pr299.tsp	8.00	1295800	1295800	100719
pr299.tsp	8.09	1295800	1295800	100745
pr299.tsp	8.05	1295800	1295800	102240
pr299.tsp	8.09	1295800	1295800	106289
pr299.tsp	8.18	1295800	1295800	103930
pr439.tsp	11.75	1295800	1295800	292579
pr439.tsp	11.86	1295800	1295800	287756
pr439.tsp	11.80	1295800	1295800	261035
pr439.tsp	11.72	1295800	1295800	281404
pr439.tsp	11.79	1295800	1295800	283003
pr439.tsp	11.68	1295800	1295800	280268
pr439.tsp	11.77	1295800	1295800	279876
pr439.tsp	11.78	1295800	1295800	269563
pr439.tsp	11.71	1295800	1295800	275510
pr439.tsp	11.75	1295800	1295800	285501
pr76.tsp	2.67	1295800	1295800	121500
pr76.tsp	2.73	1295800	1295800	128193
pr76.tsp	2.74	1295800	1295800	129624
pr76.tsp	2.71	1295800	1295800	134624
pr76.tsp	2.73	1295800	1295800	124711
pr76.tsp	2.67	1295800	1295800	132074
pr76.tsp	2.66	1295800	1295800	130476
pr76.tsp	2.89	1295800	1295800	126841
pr76.tsp	2.74	1295800	1295800	121421
pr76.tsp	2.66	1295800	1295800	129454
rat575.tsp	16.23	1295800	1295800	14502
rat575.tsp	16.25	1295800	1295800	15364
rat575.tsp	16.17	1295800	1295800	15517
rat575.tsp	16.14	1295800	1295800	15283
rat575.tsp	16.13	1295800	1295800	15373
rat575.tsp	16.21	1295800	1295800	14738
rat575.tsp	16.15	1295800	1295800	14832
rat575.tsp	16.11	1295800	1295800	16343
rat575.tsp	16.13	1295800	1295800	16421
rat575.tsp	16.13	1295800	1295800	16049
rat783.tsp	22.79	1295800	1295800	24591
rat783.tsp	22.79	1295800	1295800	26331
rat783.tsp	22.49	1295800	1295800	27190
rat783.tsp	22.68	1295800	1295800	26674
rat783.tsp	22.63	1295800	1295800	24563
rat783.tsp	22.87	1295800	1295800	24367
rat783.tsp	22.63	1295800	1295800	25719
rat783.tsp	22.52	1295800	1295800	23023
rat783.tsp	22.75	1295800	1295800	26157
rat783.tsp	22.59	1295800	1295800	25317
rat99.tsp	3.26	1295800	1295800	1466
rat99.tsp	3.29	1295800	1295800	1464
rat99.tsp	3.24	1295800	1295800	1548
rat99.tsp	3.31	1295800	1295800	1453
rat99.tsp	3.26	1295800	1295800	1494
rat99.tsp	3.26	1295800	1295800	1548
rat99.tsp	3.29	1295800	1295800	1497
rat99.tsp	3.28	1295800	1295800	1621
rat99.tsp	3.30	1295800	1295800	1591
rat99.tsp	3.28	1295800	1295800	1557
