a280.tsp	1.69	285154	285154	6189
a280.tsp	1.71	285154	285154	5836
a280.tsp	1.68	285154	285154	5701
a280.tsp	1.68	285154	285154	6113
a280.tsp	1.68	285154	285154	5483
a280.tsp	1.68	285154	285154	6100
a280.tsp	1.69	285154	285154	6228
a280.tsp	1.68	285154	285154	5845
a280.tsp	1.70	285154	285154	6384
a280.tsp	1.72	285154	285154	5873
berlin52.tsp	0.47	285154	285154	8501
berlin52.tsp	0.48	285154	285154	8093
berlin52.tsp	0.47	285154	285154	8524
berlin52.tsp	0.48	285154	285154	9493
berlin52.tsp	0.46	285154	285154	9306
berlin52.tsp	0.47	285154	285154	8594
berlin52.tsp	0.49	285154	285154	8703
berlin52.tsp	0.47	285154	285154	8716
berlin52.tsp	0.49	285154	285154	8888
berlin52.tsp	0.48	285154	285154	9116
bier127.tsp	0.91	285154	285154	161577
bier127.tsp	0.88	285154	285154	157852
bier127.tsp	0.88	285154	285154	166026
bier127.tsp	0.88	285154	285154	156075
bier127.tsp	0.88	285154	285154	175115
bier127.tsp	0.87	285154	285154	165908
bier127.tsp	0.88	285154	285154	150755
bier127.tsp	0.88	285154	285154	161422
bier127.tsp	0.87	285154	285154	174162
bier127.tsp	0.87	285154	285154	159367
eil101.tsp	0.76	285154	285154	768
eil101.tsp	0.73	285154	285154	854
eil101.tsp	0.73	285154	285154	842
eil101.tsp	0.73	285154	285154	814
eil101.tsp	0.74	285154	285154	764
eil101.tsp	0.73	285154	285154	825
eil101.tsp	0.73	285154	285154	740
eil101.tsp	0.70	285154	285154	786
eil101.tsp	0.73	285154	285154	818
eil101.tsp	0.73	285154	285154	758
eil51.tsp	0.46	285154	285154	448
eil51.tsp	0.46	285154	285154	452
eil51.tsp	0.48	285154	285154	440
eil51.tsp	0.48	285154	285154	505
eil51.tsp	0.47	285154	285154	508
eil51.tsp	0.46	285154	285154	488
eil51.tsp	0.47	285154	285154	464
eil51.tsp	0.47	285154	285154	466
eil51.tsp	0.46	285154	285154	483
eil51.tsp	0.48	285154	285154	494
eil76.tsp	0.60	285154	285154	671
eil76.tsp	0.61	285154	285154	620
eil76.tsp	0.60	285154	285154	636
eil76.tsp	0.60	285154	285154	634
eil76.tsp	0.61	285154	285154	638
eil76.tsp	0.62	285154	285154	631
eil76.tsp	0.60	285154	285154	672
eil76.tsp	0.60	285154	285154	637
eil76.tsp	0.60	285154	285154	649
eil76.tsp	0.74	285154	285154	629
gil262.tsp	1.58	285154	285154	4719
gil262.tsp	1.59	285154	285154	5210
gil262.tsp	1.59	285154	285154	4639
gil262.tsp	1.59	285154	285154	4784
gil262.tsp	1.58	285154	285154	4952
gil262.tsp	1.63	285154	285154	5426
gil262.tsp	1.59	285154	285154	5013
gil262.tsp	1.59	285154	285154	4700
gil262.tsp	1.59	285154	285154	5011
gil262.tsp	2.14	285154	285154	4465
kroA100.tsp	0.71	285154	285154	38068
kroA100.tsp	0.72	285154	285154	33872
kroA100.tsp	0.72	285154	285154	34427
kroA100.tsp	0.74	285154	285154	32101
kroA100.tsp	0.73	285154	285154	35160
kroA100.tsp	0.71	285154	285154	32208
kroA100.tsp	0.92	285154	285154	35145
kroA100.tsp	0.73	285154	285154	29052
kroA100.tsp	0.75	285154	285154	30754
kroA100.tsp	0.80	285154	285154	33187
kroA150.tsp	0.98	285154	285154	48260
kroA150.tsp	0.99	285154	285154	41385
kroA150.tsp	0.98	285154	285154	43472
kroA150.tsp	1.03	285154	285154	53610
kroA150.tsp	1.00	285154	285154	46390
kroA150.tsp	0.98	285154	285154	43560
kroA150.tsp	1.01	285154	285154	51440
kroA150.tsp	0.99	285154	285154	49799
kroA150.tsp	1.02	285154	285154	45329
kroA150.tsp	1.02	285154	285154	42588
kroA200.tsp	1.27	285154	285154	64516
kroA200.tsp	1.30	285154	285154	61701
kroA200.tsp	1.25	285154	285154	56178
kroA200.tsp	1.31	285154	285154	61089
kroA200.tsp	1.25	285154	285154	57852
kroA200.tsp	1.26	285154	285154	55702
kroA200.tsp	1.26	285154	285154	52449
kroA200.tsp	1.29	285154	285154	58149
kroA200.tsp	1.26	285154	285154	61551
kroA200.tsp	1.30	285154	285154	59816
kroB100.tsp	0.71	285154	285154	33542
kroB100.tsp	0.71	285154	285154	34863
kroB100.tsp	0.71	285154	285154	33733
kroB100.tsp	0.72	285154	285154	32697
kroB100.tsp	0.72	285154	285154	33230
kroB100.tsp	0.72	285154	285154	33782
kroB100.tsp	0.72	285154	285154	30218
kroB100.tsp	0.72	285154	285154	31528
kroB100.tsp	0.74	285154	285154	33134
kroB100.tsp	0.73	285154	285154	35872
kroB150.tsp	0.99	285154	285154	44027
kroB150.tsp	0.99	285154	285154	43091
kroB150.tsp	0.99	285154	285154	43774
kroB150.tsp	1.00	285154	285154	42704
kroB150.tsp	1.00	285154	285154	43243
kroB150.tsp	1.00	285154	285154	46514
kroB150.tsp	1.02	285154	285154	46628
kroB150.tsp	0.99	285154	285154	45550
kroB150.tsp	1.34	285154	285154	50358
kroB150.tsp	0.99	285154	285154	45162
kroB200.tsp	1.27	285154	285154	56055
kroB200.tsp	1.31	285154	285154	63910
kroB200.tsp	1.26	285154	285154	57413
kroB200.tsp	1.25	285154	285154	64659
kroB200.tsp	1.26	285154	285154	69851
kroB200.tsp	1.30	285154	285154	57520
kroB200.tsp	1.27	285154	285154	58464
kroB200.tsp	1.26	285154	285154	60419
kroB200.tsp	1.25	285154	285154	53270
kroB200.tsp	1.26	285154	285154	60583
kroC100.tsp	0.73	285154	285154	33898
kroC100.tsp	0.74	285154	285154	28982
kroC100.tsp	0.73	285154	285154	30344
kroC100.tsp	0.72	285154	285154	30828
kroC100.tsp	0.73	285154	285154	30134
kroC100.tsp	0.71	285154	285154	31688
kroC100.tsp	0.73	285154	285154	30452
kroC100.tsp	0.72	285154	285154	33715
kroC100.tsp	0.72	285154	285154	30799
kroC100.tsp	0.73	285154	285154	33506
kroD100.tsp	0.71	285154	285154	30405
kroD100.tsp	0.71	285154	285154	28480
kroD100.tsp	0.72	285154	285154	34089
kroD100.tsp	0.71	285154	285154	31561
kroD100.tsp	0.72	285154	285154	35500
kroD100.tsp	0.72	285154	285154	31663
kroD100.tsp	0.70	285154	285154	30292
kroD100.tsp	0.72	285154	285154	33304
kroD100.tsp	0.72	285154	285154	31790
kroD100.tsp	0.73	285154	285154	30870
kroE100.tsp	0.72	285154	285154	34365
kroE100.tsp	0.72	285154	285154	34774
kroE100.tsp	0.73	285154	285154	34918
kroE100.tsp	0.73	285154	285154	33168
kroE100.tsp	0.71	285154	285154	33779
kroE100.tsp	0.73	285154	285154	30969
kroE100.tsp	0.72	285154	285154	35591
kroE100.tsp	0.71	285154	285154	30324
kroE100.tsp	0.72	285154	285154	34444
kroE100.tsp	0.72	285154	285154	32416
lin105.tsp	0.74	285154	285154	23000
lin105.tsp	0.74	285154	285154	25135
lin105.tsp	0.74	285154	285154	23247
lin105.tsp	0.74	285154	285154	25240
lin105.tsp	0.74	285154	285154	22899
lin105.tsp	0.74	285154	285154	23989
lin105.tsp	0.74	285154	285154	23421
lin105.tsp	0.74	285154	285154	25257
lin105.tsp	0.74	285154	285154	23566
lin105.tsp	0.76	285154	285154	24701
lin318.tsp	1.90	285154	285154	110869
lin318.tsp	1.92	285154	285154	105516
lin318.tsp	1.92	285154	285154	114235
lin318.tsp	1.88	285154	285154	111113
lin318.tsp	1.89	285154	285154	104787
lin318.tsp	1.93	285154	285154	107734
lin318.tsp	1.99	285154	285154	104699
lin318.tsp	1.88	285154	285154	98418
lin318.tsp	1.93	285154	285154	117014
lin318.tsp	1.88	285154	285154	104359
linhp318.tsp	1.89	285154	285154	105740
linhp318.tsp	1.89	285154	285154	112140
linhp318.tsp	1.85	285154	285154	105679
linhp318.tsp	1.90	285154	285154	116419
linhp318.tsp	1.88	285154	285154	106272
linhp318.tsp	1.91	285154	285154	106373
linhp318.tsp	1.95	285154	285154	107830
linhp318.tsp	1.94	285154	285154	111924
linhp318.tsp	1.91	285154	285154	107097
linhp318.tsp	1.90	285154	285154	112649
pr107.tsp	0.78	285154	285154	96581
pr107.tsp	0.75	285154	285154	99569
pr107.tsp	0.78	285154	285154	96065
pr107.tsp	0.76	285154	285154	84074
pr107.tsp	0.75	285154	285154	100952
pr107.tsp	0.75	285154	285154	83930
pr107.tsp	0.75	285154	285154	92790
pr107.tsp	0.75	285154	285154	97195
pr107.tsp	0.75	285154	285154	84987
pr107.tsp	0.77	285154	285154	86779
pr124.tsp	0.84	285154	285154	116783
pr124.tsp	0.84	285154	285154	105860
pr124.tsp	0.84	285154	285154	116347
pr124.tsp	0.84	285154	285154	102293
pr124.tsp	0.84	285154	285154	117780
pr124.tsp	0.97	285154	285154	109892
pr124.tsp	0.83	285154	285154	103847
pr124.tsp	0.84	285154	285154	123211
pr124.tsp	0.84	285154	285154	120019
pr124.tsp	0.84	285154	285154	131373
pr136.tsp	0.92	285154	285154	176320
pr136.tsp	0.96	285154	285154	168206
pr136.tsp	0.91	285154	285154	178607
pr136.tsp	0.95	285154	285154	169299
pr136.tsp	0.91	285154	285154	171497
pr136.tsp	0.92	285154	285154	163042
pr136.tsp	0.92	285154	285154	150363
pr136.tsp	0.93	285154	285154	163810
pr136.tsp	0.93	285154	285154	167748
pr136.tsp	0.92	285154	285154	153946
pr144.tsp	0.96	285154	285154	134368
pr144.tsp	0.97	285154	285154	164311
pr144.tsp	0.94	285154	285154	141452
pr144.tsp	0.96	285154	285154	157527
pr144.tsp	0.98	285154	285154	139288
pr144.tsp	0.96	285154	285154	129657
pr144.tsp	0.96	285154	285154	140271
pr144.tsp	0.96	285154	285154	131536
pr144.tsp	0.92	285154	285154	142350
pr144.tsp	0.98	285154	285154	158960
pr152.tsp	1.00	285154	285154	180449
pr152.tsp	1.00	285154	285154	210633
pr152.tsp	1.00	285154	285154	161248
pr152.tsp	1.00	285154	285154	165061
pr152.tsp	1.00	285154	285154	169876
pr152.tsp	1.01	285154	285154	187021
pr152.tsp	1.01	285154	285154	191914
pr152.tsp	1.00	285154	285154	213866
pr152.tsp	1.00	285154	285154	218795
pr152.tsp	1.01	285154	285154	197164
pr226.tsp	1.39	285154	285154	266922
pr226.tsp	1.40	285154	285154	294242
pr226.tsp	1.40	285154	285154	287252
pr226.tsp	1.40	285154	285154	295517
pr226.tsp	1.40	285154	285154	235912
pr226.tsp	1.41	285154	285154	268536
pr226.tsp	1.41	285154	285154	301570
pr226.tsp	1.39	285154	285154	241689
pr226.tsp	1.40	285154	285154	283212
pr226.tsp	1.48	285154	285154	289935
pr264.tsp	1.58	285154	285154	175299
pr264.tsp	1.58	285154	285154	188184
pr264.tsp	1.58	285154	285154	149948
pr264.tsp	1.59	285154	285154	150713
pr264.tsp	1.58	285154	285154	180925
pr264.tsp	1.58	285154	285154	150939
pr264.tsp	1.58	285154	285154	171969
pr264.tsp	1.58	285154	285154	164702
pr264.tsp	1.57	285154	285154	153722
pr264.tsp	1.58	285154	285154	159250
pr299.tsp	1.78	285154	285154	127960
pr299.tsp	1.78	285154	285154	125524
pr299.tsp	1.78	285154	285154	125091
pr299.tsp	1.78	285154	285154	123162
pr299.tsp	1.78	285154	285154	122402
pr299.tsp	1.78	285154	285154	124752
pr299.tsp	1.88	285154	285154	120261
pr299.tsp	1.78	285154	285154	151704
pr299.tsp	1.78	285154	285154	135073
pr299.tsp	1.78	285154	285154	123871
pr439.tsp	2.58	285154	285154	375927
pr439.tsp	2.58	285154	285154	346169
pr439.tsp	2.59	285154	285154	364948
pr439.tsp	2.58	285154	285154	338389
pr439.tsp	2.58	285154	285154	339573
pr439.tsp	2.58	285154	285154	382047
pr439.tsp	2.57	285154	285154	351283
pr439.tsp	2.60	285154	285154	351497
pr439.tsp	2.59	285154	285154	346849
pr439.tsp	2.59	285154	285154	365230
pr76.tsp	0.58	285154	285154	135733
pr76.tsp	0.59	285154	285154	139966
pr76.tsp	0.60	285154	285154	140080
pr76.tsp	0.59	285154	285154	147019
pr76.tsp	0.59	285154	285154	134918
pr76.tsp	0.60	285154	285154	135101
pr76.tsp	0.58	285154	285154	131459
pr76.tsp	0.58	285154	285154	155120
pr76.tsp	0.58	285154	285154	141075
pr76.tsp	0.60	285154	285154	137612
rat575.tsp	3.55	285154	285154	20386
rat575.tsp	3.55	285154	285154	22834
rat575.tsp	3.55	285154	285154	21013
rat575.tsp	3.59	285154	285154	20681
rat575.tsp	3.57	285154	285154	21897
rat575.tsp	3.57	285154	285154	21684
rat575.tsp	3.57	285154	285154	21199
rat575.tsp	3.58	285154	285154	20594
rat575.tsp	3.57	285154	285154	19926
rat575.tsp	3.67	285154	285154	21270
rat783.tsp	5.02	285154	285154	34364
rat783.tsp	4.97	285154	285154	34727
rat783.tsp	4.95	285154	285154	34928
rat783.tsp	5.04	285154	285154	35215
rat783.tsp	4.95	285154	285154	33867
rat783.tsp	4.98	285154	285154	36175
rat783.tsp	4.97	285154	285154	36360
rat783.tsp	4.95	285154	285154	39621
rat783.tsp	5.06	285154	285154	35875
rat783.tsp	4.99	285154	285154	35910
rat99.tsp	0.71	285154	285154	1551
rat99.tsp	0.72	285154	285154	1664
rat99.tsp	0.72	285154	285154	1626
rat99.tsp	0.72	285154	285154	1646
rat99.tsp	0.72	285154	285154	1777
rat99.tsp	0.72	285154	285154	1774
rat99.tsp	0.72	285154	285154	1882
rat99.tsp	0.72	285154	285154	1732
rat99.tsp	0.72	285154	285154	1608
rat99.tsp	0.72	285154	285154	1742
