a280.tsp	1.90	322469	322469	5438
a280.tsp	1.91	322469	322469	5782
a280.tsp	1.91	322469	322469	5832
a280.tsp	1.92	322469	322469	5494
a280.tsp	1.92	322469	322469	5868
a280.tsp	1.90	322469	322469	5801
a280.tsp	1.90	322469	322469	5891
a280.tsp	1.90	322469	322469	5705
a280.tsp	1.90	322469	322469	6262
a280.tsp	1.91	322469	322469	5578
berlin52.tsp	0.54	322469	322469	9406
berlin52.tsp	0.55	322469	322469	8699
berlin52.tsp	0.53	322469	322469	8327
berlin52.tsp	0.53	322469	322469	8335
berlin52.tsp	0.54	322469	322469	8726
berlin52.tsp	0.53	322469	322469	8397
berlin52.tsp	0.53	322469	322469	8584
berlin52.tsp	0.64	322469	322469	9112
berlin52.tsp	0.53	322469	322469	9140
berlin52.tsp	0.55	322469	322469	9059
bier127.tsp	0.99	322469	322469	171161
bier127.tsp	0.99	322469	322469	159003
bier127.tsp	0.98	322469	322469	168254
bier127.tsp	1.00	322469	322469	156640
bier127.tsp	0.98	322469	322469	163803
bier127.tsp	0.98	322469	322469	153081
bier127.tsp	1.00	322469	322469	168390
bier127.tsp	1.02	322469	322469	145854
bier127.tsp	1.00	322469	322469	161613
bier127.tsp	1.01	322469	322469	166571
eil101.tsp	0.84	322469	322469	758
eil101.tsp	0.83	322469	322469	824
eil101.tsp	0.82	322469	322469	844
eil101.tsp	0.82	322469	322469	782
eil101.tsp	0.86	322469	322469	824
eil101.tsp	0.83	322469	322469	817
eil101.tsp	0.84	322469	322469	802
eil101.tsp	0.82	322469	322469	811
eil101.tsp	0.82	322469	322469	782
eil101.tsp	0.85	322469	322469	769
eil51.tsp	0.52	322469	322469	506
eil51.tsp	0.53	322469	322469	450
eil51.tsp	0.54	322469	322469	460
eil51.tsp	0.53	322469	322469	464
eil51.tsp	0.54	322469	322469	475
eil51.tsp	0.54	322469	322469	492
eil51.tsp	0.54	322469	322469	497
eil51.tsp	0.54	322469	322469	503
eil51.tsp	0.53	322469	322469	455
eil51.tsp	0.53	322469	322469	469
eil76.tsp	0.68	322469	322469	641
eil76.tsp	0.67	322469	322469	727
eil76.tsp	0.67	322469	322469	631
eil76.tsp	0.68	322469	322469	652
eil76.tsp	0.68	322469	322469	616
eil76.tsp	0.68	322469	322469	633
eil76.tsp	0.68	322469	322469	611
eil76.tsp	0.68	322469	322469	666
eil76.tsp	0.67	322469	322469	613
eil76.tsp	0.68	322469	322469	656
gil262.tsp	1.79	322469	322469	5289
gil262.tsp	1.79	322469	322469	5111
gil262.tsp	1.80	322469	322469	5015
gil262.tsp	1.79	322469	322469	5372
gil262.tsp	1.79	322469	322469	4715
gil262.tsp	1.79	322469	322469	4522
gil262.tsp	1.78	322469	322469	5058
gil262.tsp	1.79	322469	322469	4473
gil262.tsp	1.82	322469	322469	4965
gil262.tsp	1.80	322469	322469	5056
kroA100.tsp	0.82	322469	322469	30302
kroA100.tsp	0.82	322469	322469	30345
kroA100.tsp	0.82	322469	322469	30691
kroA100.tsp	0.83	322469	322469	29900
kroA100.tsp	0.84	322469	322469	37074
kroA100.tsp	0.87	322469	322469	33904
kroA100.tsp	0.81	322469	322469	35130
kroA100.tsp	0.82	322469	322469	33330
kroA100.tsp	0.82	322469	322469	35841
kroA100.tsp	0.82	322469	322469	33906
kroA150.tsp	1.18	322469	322469	45131
kroA150.tsp	1.12	322469	322469	47007
kroA150.tsp	1.12	322469	322469	46888
kroA150.tsp	1.17	322469	322469	48436
kroA150.tsp	1.12	322469	322469	47990
kroA150.tsp	1.13	322469	322469	44630
kroA150.tsp	1.12	322469	322469	48262
kroA150.tsp	1.12	322469	322469	43983
kroA150.tsp	1.12	322469	322469	44522
kroA150.tsp	1.14	322469	322469	43408
kroA200.tsp	1.43	322469	322469	60904
kroA200.tsp	1.74	322469	322469	60947
kroA200.tsp	1.42	322469	322469	53254
kroA200.tsp	1.42	322469	322469	61478
kroA200.tsp	1.42	322469	322469	55386
kroA200.tsp	1.43	322469	322469	56814
kroA200.tsp	1.43	322469	322469	65108
kroA200.tsp	1.42	322469	322469	56454
kroA200.tsp	1.42	322469	322469	57310
kroA200.tsp	1.42	322469	322469	53403
kroB100.tsp	0.82	322469	322469	33657
kroB100.tsp	0.82	322469	322469	28646
kroB100.tsp	0.81	322469	322469	36395
kroB100.tsp	0.80	322469	322469	31900
kroB100.tsp	0.81	322469	322469	31397
kroB100.tsp	0.80	322469	322469	33213
kroB100.tsp	0.84	322469	322469	33412
kroB100.tsp	0.83	322469	322469	35148
kroB100.tsp	0.82	322469	322469	33268
kroB100.tsp	0.83	322469	322469	33108
kroB150.tsp	1.12	322469	322469	46040
kroB150.tsp	1.13	322469	322469	45136
kroB150.tsp	1.13	322469	322469	39874
kroB150.tsp	1.12	322469	322469	46197
kroB150.tsp	1.13	322469	322469	47223
kroB150.tsp	1.12	322469	322469	41372
kroB150.tsp	1.12	322469	322469	44115
kroB150.tsp	1.17	322469	322469	51065
kroB150.tsp	1.14	322469	322469	46295
kroB150.tsp	1.16	322469	322469	48848
kroB200.tsp	1.43	322469	322469	63761
kroB200.tsp	1.42	322469	322469	63005
kroB200.tsp	1.43	322469	322469	62622
kroB200.tsp	1.46	322469	322469	59493
kroB200.tsp	1.44	322469	322469	53141
kroB200.tsp	1.42	322469	322469	56483
kroB200.tsp	1.46	322469	322469	60592
kroB200.tsp	1.43	322469	322469	58707
kroB200.tsp	1.42	322469	322469	56817
kroB200.tsp	1.44	322469	322469	57607
kroC100.tsp	0.81	322469	322469	32832
kroC100.tsp	0.82	322469	322469	26727
kroC100.tsp	0.82	322469	322469	30260
kroC100.tsp	0.84	322469	322469	35497
kroC100.tsp	0.80	322469	322469	29231
kroC100.tsp	0.83	322469	322469	33826
kroC100.tsp	0.80	322469	322469	31894
kroC100.tsp	0.82	322469	322469	33708
kroC100.tsp	0.81	322469	322469	32914
kroC100.tsp	0.80	322469	322469	34976
kroD100.tsp	0.60	322469	322469	31658
kroD100.tsp	0.80	322469	322469	33438
kroD100.tsp	0.80	322469	322469	30782
kroD100.tsp	0.82	322469	322469	38991
kroD100.tsp	0.80	322469	322469	31439
kroD100.tsp	0.82	322469	322469	32643
kroD100.tsp	0.82	322469	322469	35942
kroD100.tsp	0.82	322469	322469	29113
kroD100.tsp	0.83	322469	322469	29889
kroD100.tsp	0.80	322469	322469	34027
kroE100.tsp	0.81	322469	322469	31233
kroE100.tsp	0.80	322469	322469	33228
kroE100.tsp	0.81	322469	322469	37477
kroE100.tsp	0.82	322469	322469	34120
kroE100.tsp	0.82	322469	322469	32784
kroE100.tsp	0.80	322469	322469	30625
kroE100.tsp	0.80	322469	322469	33102
kroE100.tsp	0.83	322469	322469	32673
kroE100.tsp	0.80	322469	322469	32394
kroE100.tsp	0.80	322469	322469	32982
lin105.tsp	0.84	322469	322469	19892
lin105.tsp	0.87	322469	322469	22793
lin105.tsp	0.84	322469	322469	24414
lin105.tsp	0.85	322469	322469	24096
lin105.tsp	0.83	322469	322469	20007
lin105.tsp	0.84	322469	322469	24010
lin105.tsp	0.83	322469	322469	24242
lin105.tsp	0.84	322469	322469	20108
lin105.tsp	0.84	322469	322469	24038
lin105.tsp	0.84	322469	322469	23890
lin318.tsp	2.19	322469	322469	103926
lin318.tsp	2.13	322469	322469	92743
lin318.tsp	2.14	322469	322469	101726
lin318.tsp	2.13	322469	322469	104166
lin318.tsp	2.13	322469	322469	92889
lin318.tsp	2.13	322469	322469	106275
lin318.tsp	2.13	322469	322469	111692
lin318.tsp	2.13	322469	322469	101686
lin318.tsp	2.12	322469	322469	112143
lin318.tsp	2.13	322469	322469	95847
linhp318.tsp	2.16	322469	322469	99547
linhp318.tsp	2.13	322469	322469	104820
linhp318.tsp	2.12	322469	322469	112986
linhp318.tsp	2.16	322469	322469	97344
linhp318.tsp	2.17	322469	322469	118610
linhp318.tsp	2.15	322469	322469	108734
linhp318.tsp	2.16	322469	322469	113855
linhp318.tsp	2.13	322469	322469	102755
linhp318.tsp	2.16	322469	322469	106648
linhp318.tsp	2.13	322469	322469	112980
pr107.tsp	0.86	322469	322469	84213
pr107.tsp	0.86	322469	322469	73578
pr107.tsp	0.88	322469	322469	74427
pr107.tsp	0.85	322469	322469	72894
pr107.tsp	0.85	322469	322469	75481
pr107.tsp	0.85	322469	322469	86950
pr107.tsp	0.86	322469	322469	82972
pr107.tsp	0.86	322469	322469	77734
pr107.tsp	0.86	322469	322469	93032
pr107.tsp	0.85	322469	322469	90318
pr124.tsp	0.99	322469	322469	90851
pr124.tsp	0.95	322469	322469	116292
pr124.tsp	0.95	322469	322469	115525
pr124.tsp	0.94	322469	322469	124112
pr124.tsp	0.95	322469	322469	103712
pr124.tsp	0.95	322469	322469	120883
pr124.tsp	0.95	322469	322469	132734
pr124.tsp	0.97	322469	322469	98931
pr124.tsp	0.96	322469	322469	119753
pr124.tsp	0.94	322469	322469	112121
pr136.tsp	1.06	322469	322469	150177
pr136.tsp	1.05	322469	322469	165379
pr136.tsp	1.09	322469	322469	150413
pr136.tsp	1.06	322469	322469	163380
pr136.tsp	1.04	322469	322469	165112
pr136.tsp	1.04	322469	322469	161979
pr136.tsp	1.04	322469	322469	166050
pr136.tsp	1.04	322469	322469	142770
pr136.tsp	1.03	322469	322469	156006
pr136.tsp	1.04	322469	322469	158221
pr144.tsp	1.08	322469	322469	130521
pr144.tsp	1.08	322469	322469	139510
pr144.tsp	1.08	322469	322469	122889
pr144.tsp	1.09	322469	322469	129751
pr144.tsp	1.14	322469	322469	151683
pr144.tsp	1.10	322469	322469	136580
pr144.tsp	1.08	322469	322469	160200
pr144.tsp	1.08	322469	322469	136369
pr144.tsp	1.08	322469	322469	144172
pr144.tsp	1.06	322469	322469	140103
pr152.tsp	1.14	322469	322469	180199
pr152.tsp	1.13	322469	322469	180470
pr152.tsp	1.13	322469	322469	161911
pr152.tsp	1.12	322469	322469	195869
pr152.tsp	1.14	322469	322469	156382
pr152.tsp	1.12	322469	322469	183067
pr152.tsp	1.14	322469	322469	168479
pr152.tsp	1.14	322469	322469	181090
pr152.tsp	1.13	322469	322469	206977
pr152.tsp	1.13	322469	322469	183072
pr226.tsp	1.58	322469	322469	236990
pr226.tsp	1.61	322469	322469	291604
pr226.tsp	1.58	322469	322469	293635
pr226.tsp	1.60	322469	322469	237470
pr226.tsp	1.57	322469	322469	275031
pr226.tsp	1.58	322469	322469	285519
pr226.tsp	1.59	322469	322469	252826
pr226.tsp	1.58	322469	322469	269736
pr226.tsp	1.98	322469	322469	263517
pr226.tsp	1.58	322469	322469	282255
pr264.tsp	1.80	322469	322469	165796
pr264.tsp	1.79	322469	322469	193691
pr264.tsp	1.78	322469	322469	152312
pr264.tsp	1.80	322469	322469	199462
pr264.tsp	1.79	322469	322469	163090
pr264.tsp	1.79	322469	322469	159853
pr264.tsp	1.79	322469	322469	166817
pr264.tsp	1.79	322469	322469	165482
pr264.tsp	1.79	322469	322469	140631
pr264.tsp	1.79	322469	322469	171813
pr299.tsp	2.01	322469	322469	122217
pr299.tsp	2.00	322469	322469	117799
pr299.tsp	2.01	322469	322469	121522
pr299.tsp	2.00	322469	322469	115315
pr299.tsp	2.01	322469	322469	112886
pr299.tsp	2.01	322469	322469	124759
pr299.tsp	2.01	322469	322469	140925
pr299.tsp	2.00	322469	322469	129663
pr299.tsp	2.01	322469	322469	127861
pr299.tsp	2.01	322469	322469	116259
pr439.tsp	2.91	322469	322469	356983
pr439.tsp	2.92	322469	322469	359146
pr439.tsp	2.92	322469	322469	345582
pr439.tsp	2.91	322469	322469	330799
pr439.tsp	2.92	322469	322469	328348
pr439.tsp	2.93	322469	322469	335866
pr439.tsp	2.94	322469	322469	351314
pr439.tsp	2.94	322469	322469	371778
pr439.tsp	2.94	322469	322469	385373
pr439.tsp	2.94	322469	322469	366965
pr76.tsp	0.67	322469	322469	135156
pr76.tsp	0.68	322469	322469	141080
pr76.tsp	0.68	322469	322469	142142
pr76.tsp	0.67	322469	322469	131757
pr76.tsp	0.67	322469	322469	139540
pr76.tsp	0.68	322469	322469	146071
pr76.tsp	0.66	322469	322469	138004
pr76.tsp	0.68	322469	322469	136380
pr76.tsp	0.67	322469	322469	133754
pr76.tsp	0.66	322469	322469	143314
rat575.tsp	4.13	322469	322469	20866
rat575.tsp	4.15	322469	322469	20943
rat575.tsp	4.05	322469	322469	19776
rat575.tsp	4.05	322469	322469	21661
rat575.tsp	4.04	322469	322469	22078
rat575.tsp	4.05	322469	322469	20518
rat575.tsp	4.05	322469	322469	20620
rat575.tsp	4.07	322469	322469	21548
rat575.tsp	4.03	322469	322469	18836
rat575.tsp	4.04	322469	322469	20346
rat783.tsp	5.67	322469	322469	34721
rat783.tsp	5.64	322469	322469	33894
rat783.tsp	5.64	322469	322469	34860
rat783.tsp	5.65	322469	322469	34130
rat783.tsp	5.65	322469	322469	33537
rat783.tsp	5.62	322469	322469	36241
rat783.tsp	5.62	322469	322469	33421
rat783.tsp	5.60	322469	322469	33741
rat783.tsp	5.66	322469	322469	34303
rat783.tsp	5.67	322469	322469	36277
rat99.tsp	0.81	322469	322469	1685
rat99.tsp	0.81	322469	322469	1714
rat99.tsp	0.82	322469	322469	1697
rat99.tsp	0.81	322469	322469	1580
rat99.tsp	0.81	322469	322469	1573
rat99.tsp	0.81	322469	322469	1545
rat99.tsp	0.81	322469	322469	1608
rat99.tsp	0.81	322469	322469	1641
rat99.tsp	0.81	322469	322469	1566
rat99.tsp	0.81	322469	322469	1732
