a280.tsp	15.23	2579833	2579833	4475
a280.tsp	15.32	2579833	2579833	4790
a280.tsp	15.33	2579833	2579833	4520
a280.tsp	15.30	2579833	2579833	4986
a280.tsp	15.21	2579833	2579833	4245
a280.tsp	15.30	2579833	2579833	4292
a280.tsp	15.24	2579833	2579833	4652
a280.tsp	15.20	2579833	2579833	4536
a280.tsp	15.28	2579833	2579833	4477
a280.tsp	15.31	2579833	2579833	4430
berlin52.tsp	4.28	2579833	2579833	8067
berlin52.tsp	4.30	2579833	2579833	8405
berlin52.tsp	4.27	2579833	2579833	9044
berlin52.tsp	4.31	2579833	2579833	8192
berlin52.tsp	4.29	2579833	2579833	8237
berlin52.tsp	4.30	2579833	2579833	7776
berlin52.tsp	4.26	2579833	2579833	8300
berlin52.tsp	4.25	2579833	2579833	7963
berlin52.tsp	4.29	2579833	2579833	8206
berlin52.tsp	4.28	2579833	2579833	8052
bier127.tsp	7.86	2579833	2579833	141496
bier127.tsp	7.94	2579833	2579833	146491
bier127.tsp	7.96	2579833	2579833	145488
bier127.tsp	7.86	2579833	2579833	153676
bier127.tsp	7.92	2579833	2579833	136840
bier127.tsp	8.01	2579833	2579833	142803
bier127.tsp	7.92	2579833	2579833	145239
bier127.tsp	7.96	2579833	2579833	147472
bier127.tsp	7.87	2579833	2579833	146082
bier127.tsp	7.98	2579833	2579833	141889
eil101.tsp	6.66	2579833	2579833	671
eil101.tsp	6.62	2579833	2579833	692
eil101.tsp	6.62	2579833	2579833	675
eil101.tsp	6.57	2579833	2579833	716
eil101.tsp	6.66	2579833	2579833	685
eil101.tsp	6.64	2579833	2579833	669
eil101.tsp	6.60	2579833	2579833	690
eil101.tsp	6.65	2579833	2579833	708
eil101.tsp	6.66	2579833	2579833	699
eil101.tsp	6.65	2579833	2579833	706
eil51.tsp	4.28	2579833	2579833	448
eil51.tsp	4.29	2579833	2579833	445
eil51.tsp	4.22	2579833	2579833	450
eil51.tsp	4.24	2579833	2579833	446
eil51.tsp	4.25	2579833	2579833	445
eil51.tsp	4.28	2579833	2579833	452
eil51.tsp	4.25	2579833	2579833	450
eil51.tsp	4.28	2579833	2579833	454
eil51.tsp	4.28	2579833	2579833	444
eil51.tsp	4.28	2579833	2579833	456
eil76.tsp	5.44	2579833	2579833	576
eil76.tsp	5.47	2579833	2579833	561
eil76.tsp	5.44	2579833	2579833	598
eil76.tsp	5.44	2579833	2579833	602
eil76.tsp	5.45	2579833	2579833	581
eil76.tsp	5.43	2579833	2579833	594
eil76.tsp	5.49	2579833	2579833	627
eil76.tsp	5.45	2579833	2579833	571
eil76.tsp	5.42	2579833	2579833	580
eil76.tsp	5.46	2579833	2579833	580
gil262.tsp	14.29	2579833	2579833	3806
gil262.tsp	15.94	2579833	2579833	3537
gil262.tsp	14.30	2579833	2579833	3935
gil262.tsp	14.28	2579833	2579833	3705
gil262.tsp	14.29	2579833	2579833	3926
gil262.tsp	14.34	2579833	2579833	3731
gil262.tsp	14.38	2579833	2579833	3856
gil262.tsp	14.47	2579833	2579833	3702
gil262.tsp	14.40	2579833	2579833	3916
gil262.tsp	14.40	2579833	2579833	4012
kroA100.tsp	6.47	2579833	2579833	27616
kroA100.tsp	6.48	2579833	2579833	26045
kroA100.tsp	6.48	2579833	2579833	27364
kroA100.tsp	6.43	2579833	2579833	25222
kroA100.tsp	6.50	2579833	2579833	31524
kroA100.tsp	6.62	2579833	2579833	25806
kroA100.tsp	6.52	2579833	2579833	27731
kroA100.tsp	6.44	2579833	2579833	26430
kroA100.tsp	6.47	2579833	2579833	27932
kroA100.tsp	6.46	2579833	2579833	27621
kroA150.tsp	9.06	2579833	2579833	34944
kroA150.tsp	9.08	2579833	2579833	38442
kroA150.tsp	9.08	2579833	2579833	40964
kroA150.tsp	9.04	2579833	2579833	34546
kroA150.tsp	8.92	2579833	2579833	35847
kroA150.tsp	9.06	2579833	2579833	34023
kroA150.tsp	9.02	2579833	2579833	35470
kroA150.tsp	8.97	2579833	2579833	38974
kroA150.tsp	9.00	2579833	2579833	34114
kroA150.tsp	9.03	2579833	2579833	36249
kroA200.tsp	11.43	2579833	2579833	44164
kroA200.tsp	11.44	2579833	2579833	43215
kroA200.tsp	11.39	2579833	2579833	44169
kroA200.tsp	11.35	2579833	2579833	48717
kroA200.tsp	11.30	2579833	2579833	47009
kroA200.tsp	11.35	2579833	2579833	48687
kroA200.tsp	11.29	2579833	2579833	46524
kroA200.tsp	11.38	2579833	2579833	44389
kroA200.tsp	11.29	2579833	2579833	42616
kroA200.tsp	11.50	2579833	2579833	47739
kroB100.tsp	6.65	2579833	2579833	27109
kroB100.tsp	6.59	2579833	2579833	27090
kroB100.tsp	6.56	2579833	2579833	30276
kroB100.tsp	6.60	2579833	2579833	28170
kroB100.tsp	6.46	2579833	2579833	26490
kroB100.tsp	6.42	2579833	2579833	28547
kroB100.tsp	6.64	2579833	2579833	27777
kroB100.tsp	6.62	2579833	2579833	27503
kroB100.tsp	6.50	2579833	2579833	27728
kroB100.tsp	6.55	2579833	2579833	26353
kroB150.tsp	9.02	2579833	2579833	35141
kroB150.tsp	8.96	2579833	2579833	34309
kroB150.tsp	9.02	2579833	2579833	39795
kroB150.tsp	9.02	2579833	2579833	40153
kroB150.tsp	8.94	2579833	2579833	32101
kroB150.tsp	9.12	2579833	2579833	40596
kroB150.tsp	9.06	2579833	2579833	35777
kroB150.tsp	9.05	2579833	2579833	35729
kroB150.tsp	8.98	2579833	2579833	33461
kroB150.tsp	9.04	2579833	2579833	36195
kroB200.tsp	11.34	2579833	2579833	49462
kroB200.tsp	11.43	2579833	2579833	44665
kroB200.tsp	11.31	2579833	2579833	43472
kroB200.tsp	11.38	2579833	2579833	42405
kroB200.tsp	11.43	2579833	2579833	44586
kroB200.tsp	11.52	2579833	2579833	47127
kroB200.tsp	11.51	2579833	2579833	41535
kroB200.tsp	11.43	2579833	2579833	46943
kroB200.tsp	11.58	2579833	2579833	46288
kroB200.tsp	11.41	2579833	2579833	44433
kroC100.tsp	6.43	2579833	2579833	27952
kroC100.tsp	6.61	2579833	2579833	25336
kroC100.tsp	6.60	2579833	2579833	28970
kroC100.tsp	6.50	2579833	2579833	22713
kroC100.tsp	6.42	2579833	2579833	24837
kroC100.tsp	6.48	2579833	2579833	27259
kroC100.tsp	6.56	2579833	2579833	25751
kroC100.tsp	6.46	2579833	2579833	26707
kroC100.tsp	6.59	2579833	2579833	25789
kroC100.tsp	6.45	2579833	2579833	26756
kroD100.tsp	6.53	2579833	2579833	27351
kroD100.tsp	6.57	2579833	2579833	29422
kroD100.tsp	6.42	2579833	2579833	26166
kroD100.tsp	6.44	2579833	2579833	26863
kroD100.tsp	6.58	2579833	2579833	26096
kroD100.tsp	6.52	2579833	2579833	24981
kroD100.tsp	6.62	2579833	2579833	27956
kroD100.tsp	6.65	2579833	2579833	27431
kroD100.tsp	6.59	2579833	2579833	25856
kroD100.tsp	6.52	2579833	2579833	26068
kroE100.tsp	6.62	2579833	2579833	27876
kroE100.tsp	6.43	2579833	2579833	25301
kroE100.tsp	6.62	2579833	2579833	26778
kroE100.tsp	6.50	2579833	2579833	26743
kroE100.tsp	6.60	2579833	2579833	29698
kroE100.tsp	6.66	2579833	2579833	27795
kroE100.tsp	6.63	2579833	2579833	26619
kroE100.tsp	7.09	2579833	2579833	27108
kroE100.tsp	6.47	2579833	2579833	27816
kroE100.tsp	6.58	2579833	2579833	27160
lin105.tsp	6.76	2579833	2579833	18091
lin105.tsp	6.72	2579833	2579833	18115
lin105.tsp	6.68	2579833	2579833	18035
lin105.tsp	6.72	2579833	2579833	18308
lin105.tsp	6.64	2579833	2579833	19824
lin105.tsp	6.74	2579833	2579833	17675
lin105.tsp	6.73	2579833	2579833	19127
lin105.tsp	6.68	2579833	2579833	18367
lin105.tsp	6.75	2579833	2579833	18577
lin105.tsp	6.87	2579833	2579833	19270
lin318.tsp	16.97	2579833	2579833	78259
lin318.tsp	17.03	2579833	2579833	76407
lin318.tsp	17.12	2579833	2579833	84007
lin318.tsp	17.06	2579833	2579833	79243
lin318.tsp	17.04	2579833	2579833	78376
lin318.tsp	17.02	2579833	2579833	77872
lin318.tsp	16.96	2579833	2579833	82969
lin318.tsp	17.08	2579833	2579833	80687
lin318.tsp	16.97	2579833	2579833	78125
lin318.tsp	17.08	2579833	2579833	81079
linhp318.tsp	17.13	2579833	2579833	84368
linhp318.tsp	22.42	2579833	2579833	81258
linhp318.tsp	17.00	2579833	2579833	81495
linhp318.tsp	17.23	2579833	2579833	79893
linhp318.tsp	17.07	2579833	2579833	78182
linhp318.tsp	17.00	2579833	2579833	75847
linhp318.tsp	17.15	2579833	2579833	76329
linhp318.tsp	17.00	2579833	2579833	81473
linhp318.tsp	17.00	2579833	2579833	78817
linhp318.tsp	16.99	2579833	2579833	76239
pr107.tsp	6.86	2579833	2579833	78747
pr107.tsp	6.81	2579833	2579833	61227
pr107.tsp	6.80	2579833	2579833	64973
pr107.tsp	6.83	2579833	2579833	76171
pr107.tsp	6.83	2579833	2579833	65273
pr107.tsp	6.80	2579833	2579833	50610
pr107.tsp	6.82	2579833	2579833	75683
pr107.tsp	6.89	2579833	2579833	60785
pr107.tsp	6.82	2579833	2579833	67832
pr107.tsp	6.80	2579833	2579833	55764
pr124.tsp	7.68	2579833	2579833	87350
pr124.tsp	7.58	2579833	2579833	79207
pr124.tsp	7.67	2579833	2579833	83603
pr124.tsp	7.60	2579833	2579833	77847
pr124.tsp	7.62	2579833	2579833	82402
pr124.tsp	7.67	2579833	2579833	82760
pr124.tsp	7.60	2579833	2579833	78215
pr124.tsp	7.66	2579833	2579833	90812
pr124.tsp	7.66	2579833	2579833	98421
pr124.tsp	7.59	2579833	2579833	84621
pr136.tsp	8.33	2579833	2579833	132868
pr136.tsp	8.34	2579833	2579833	126987
pr136.tsp	8.35	2579833	2579833	121301
pr136.tsp	8.32	2579833	2579833	114470
pr136.tsp	8.28	2579833	2579833	139595
pr136.tsp	8.32	2579833	2579833	131244
pr136.tsp	8.33	2579833	2579833	119428
pr136.tsp	8.33	2579833	2579833	124198
pr136.tsp	8.28	2579833	2579833	134099
pr136.tsp	8.35	2579833	2579833	129554
pr144.tsp	8.71	2579833	2579833	103718
pr144.tsp	8.74	2579833	2579833	110274
pr144.tsp	8.71	2579833	2579833	94905
pr144.tsp	8.68	2579833	2579833	116374
pr144.tsp	8.65	2579833	2579833	115565
pr144.tsp	8.61	2579833	2579833	98834
pr144.tsp	9.77	2579833	2579833	97635
pr144.tsp	8.62	2579833	2579833	106896
pr144.tsp	8.68	2579833	2579833	84209
pr144.tsp	8.76	2579833	2579833	98967
pr152.tsp	9.13	2579833	2579833	124883
pr152.tsp	9.02	2579833	2579833	123290
pr152.tsp	9.12	2579833	2579833	126116
pr152.tsp	9.20	2579833	2579833	125478
pr152.tsp	9.09	2579833	2579833	134823
pr152.tsp	9.01	2579833	2579833	142229
pr152.tsp	12.02	2579833	2579833	122617
pr152.tsp	9.02	2579833	2579833	128250
pr152.tsp	9.03	2579833	2579833	123999
pr152.tsp	9.02	2579833	2579833	115725
pr226.tsp	12.64	2579833	2579833	191995
pr226.tsp	12.69	2579833	2579833	183504
pr226.tsp	12.61	2579833	2579833	193304
pr226.tsp	12.78	2579833	2579833	191126
pr226.tsp	12.58	2579833	2579833	189938
pr226.tsp	12.60	2579833	2579833	171878
pr226.tsp	12.64	2579833	2579833	161148
pr226.tsp	12.69	2579833	2579833	204168
pr226.tsp	12.60	2579833	2579833	170373
pr226.tsp	12.59	2579833	2579833	201599
pr264.tsp	14.32	2579833	2579833	132027
pr264.tsp	14.29	2579833	2579833	117016
pr264.tsp	18.81	2579833	2579833	118955
pr264.tsp	14.34	2579833	2579833	139041
pr264.tsp	14.30	2579833	2579833	120732
pr264.tsp	14.29	2579833	2579833	121534
pr264.tsp	14.30	2579833	2579833	121233
pr264.tsp	14.38	2579833	2579833	108744
pr264.tsp	14.31	2579833	2579833	136253
pr264.tsp	14.33	2579833	2579833	117637
pr299.tsp	16.05	2579833	2579833	96893
pr299.tsp	16.09	2579833	2579833	84357
pr299.tsp	16.05	2579833	2579833	84336
pr299.tsp	16.05	2579833	2579833	91027
pr299.tsp	16.02	2579833	2579833	95883
pr299.tsp	16.01	2579833	2579833	82396
pr299.tsp	16.06	2579833	2579833	95405
pr299.tsp	16.03	2579833	2579833	98171
pr299.tsp	16.06	2579833	2579833	93088
pr299.tsp	16.08	2579833	2579833	91312
pr439.tsp	23.42	2579833	2579833	263143
pr439.tsp	23.45	2579833	2579833	264402
pr439.tsp	23.35	2579833	2579833	245262
pr439.tsp	23.40	2579833	2579833	253790
pr439.tsp	23.30	2579833	2579833	258458
pr439.tsp	23.32	2579833	2579833	256515
pr439.tsp	23.26	2579833	2579833	244786
pr439.tsp	23.55	2579833	2579833	238225
pr439.tsp	23.37	2579833	2579833	246027
pr439.tsp	23.51	2579833	2579833	257956
pr76.tsp	5.43	2579833	2579833	121528
pr76.tsp	5.42	2579833	2579833	115747
pr76.tsp	5.44	2579833	2579833	119207
pr76.tsp	5.41	2579833	2579833	128627
pr76.tsp	5.44	2579833	2579833	129103
pr76.tsp	5.46	2579833	2579833	116547
pr76.tsp	5.41	2579833	2579833	124432
pr76.tsp	5.32	2579833	2579833	126610
pr76.tsp	5.34	2579833	2579833	119144
pr76.tsp	5.30	2579833	2579833	132217
rat575.tsp	32.44	2579833	2579833	12904
rat575.tsp	32.39	2579833	2579833	13177
rat575.tsp	32.44	2579833	2579833	15049
rat575.tsp	32.40	2579833	2579833	13830
rat575.tsp	32.56	2579833	2579833	13670
rat575.tsp	32.38	2579833	2579833	13764
rat575.tsp	32.35	2579833	2579833	14105
rat575.tsp	32.17	2579833	2579833	13464
rat575.tsp	38.26	2579833	2579833	14643
rat575.tsp	32.49	2579833	2579833	14356
rat783.tsp	45.38	2579833	2579833	23526
rat783.tsp	45.50	2579833	2579833	22886
rat783.tsp	45.47	2579833	2579833	22865
rat783.tsp	45.43	2579833	2579833	22271
rat783.tsp	44.84	2579833	2579833	22718
rat783.tsp	44.91	2579833	2579833	21015
rat783.tsp	44.94	2579833	2579833	23302
rat783.tsp	44.88	2579833	2579833	21527
rat783.tsp	45.14	2579833	2579833	22085
rat783.tsp	45.48	2579833	2579833	21921
rat99.tsp	6.50	2579833	2579833	1411
rat99.tsp	6.53	2579833	2579833	1425
rat99.tsp	6.50	2579833	2579833	1469
rat99.tsp	6.50	2579833	2579833	1414
rat99.tsp	6.51	2579833	2579833	1363
rat99.tsp	6.50	2579833	2579833	1443
rat99.tsp	6.52	2579833	2579833	1389
rat99.tsp	6.54	2579833	2579833	1415
rat99.tsp	6.52	2579833	2579833	1409
rat99.tsp	6.52	2579833	2579833	1457
