a280.tsp	1.91	323941	323941	5844
a280.tsp	1.92	323941	323941	5983
a280.tsp	1.92	323941	323941	5752
a280.tsp	1.93	323941	323941	5534
a280.tsp	1.94	323941	323941	5876
a280.tsp	1.98	323941	323941	5755
a280.tsp	1.98	323941	323941	5671
a280.tsp	2.00	323941	323941	6075
a280.tsp	1.91	323941	323941	6263
a280.tsp	1.91	323941	323941	5429
berlin52.tsp	0.55	323941	323941	9374
berlin52.tsp	0.54	323941	323941	9474
berlin52.tsp	0.53	323941	323941	8733
berlin52.tsp	0.54	323941	323941	8567
berlin52.tsp	0.54	323941	323941	8634
berlin52.tsp	0.53	323941	323941	9325
berlin52.tsp	0.53	323941	323941	8055
berlin52.tsp	0.54	323941	323941	8561
berlin52.tsp	0.55	323941	323941	8979
berlin52.tsp	0.53	323941	323941	9254
bier127.tsp	0.98	323941	323941	166556
bier127.tsp	0.99	323941	323941	168135
bier127.tsp	1.02	323941	323941	155158
bier127.tsp	0.99	323941	323941	168975
bier127.tsp	0.99	323941	323941	157600
bier127.tsp	1.01	323941	323941	166416
bier127.tsp	1.01	323941	323941	175538
bier127.tsp	1.02	323941	323941	161547
bier127.tsp	1.02	323941	323941	179971
bier127.tsp	0.98	323941	323941	168503
eil101.tsp	0.83	323941	323941	795
eil101.tsp	0.83	323941	323941	804
eil101.tsp	0.83	323941	323941	878
eil101.tsp	0.83	323941	323941	835
eil101.tsp	0.84	323941	323941	774
eil101.tsp	0.84	323941	323941	830
eil101.tsp	0.83	323941	323941	788
eil101.tsp	0.85	323941	323941	807
eil101.tsp	0.83	323941	323941	800
eil101.tsp	0.83	323941	323941	752
eil51.tsp	0.53	323941	323941	481
eil51.tsp	0.53	323941	323941	484
eil51.tsp	0.54	323941	323941	471
eil51.tsp	0.54	323941	323941	457
eil51.tsp	0.54	323941	323941	482
eil51.tsp	0.55	323941	323941	489
eil51.tsp	0.54	323941	323941	467
eil51.tsp	0.53	323941	323941	474
eil51.tsp	0.53	323941	323941	466
eil51.tsp	0.54	323941	323941	499
eil76.tsp	0.68	323941	323941	655
eil76.tsp	0.68	323941	323941	619
eil76.tsp	0.68	323941	323941	666
eil76.tsp	0.68	323941	323941	626
eil76.tsp	0.68	323941	323941	634
eil76.tsp	0.68	323941	323941	637
eil76.tsp	0.68	323941	323941	609
eil76.tsp	0.68	323941	323941	628
eil76.tsp	0.68	323941	323941	639
eil76.tsp	0.68	323941	323941	627
gil262.tsp	1.80	323941	323941	5422
gil262.tsp	1.86	323941	323941	5007
gil262.tsp	1.83	323941	323941	4615
gil262.tsp	1.80	323941	323941	4806
gil262.tsp	1.80	323941	323941	5162
gil262.tsp	1.80	323941	323941	4983
gil262.tsp	1.85	323941	323941	5084
gil262.tsp	1.81	323941	323941	4871
gil262.tsp	1.80	323941	323941	4918
gil262.tsp	1.79	323941	323941	5313
kroA100.tsp	0.81	323941	323941	31354
kroA100.tsp	0.82	323941	323941	28119
kroA100.tsp	0.83	323941	323941	30690
kroA100.tsp	0.83	323941	323941	33425
kroA100.tsp	0.82	323941	323941	29791
kroA100.tsp	0.83	323941	323941	30944
kroA100.tsp	0.80	323941	323941	35034
kroA100.tsp	0.82	323941	323941	33004
kroA100.tsp	0.82	323941	323941	31807
kroA100.tsp	0.80	323941	323941	34143
kroA150.tsp	1.12	323941	323941	48388
kroA150.tsp	1.16	323941	323941	42742
kroA150.tsp	1.12	323941	323941	47669
kroA150.tsp	1.12	323941	323941	44410
kroA150.tsp	1.13	323941	323941	48103
kroA150.tsp	1.12	323941	323941	52362
kroA150.tsp	1.12	323941	323941	47030
kroA150.tsp	1.13	323941	323941	47425
kroA150.tsp	1.13	323941	323941	46190
kroA150.tsp	1.14	323941	323941	47963
kroA200.tsp	1.42	323941	323941	59359
kroA200.tsp	1.44	323941	323941	54227
kroA200.tsp	1.44	323941	323941	56291
kroA200.tsp	1.49	323941	323941	57010
kroA200.tsp	1.43	323941	323941	55714
kroA200.tsp	1.43	323941	323941	55700
kroA200.tsp	1.43	323941	323941	58039
kroA200.tsp	1.45	323941	323941	53905
kroA200.tsp	1.45	323941	323941	52479
kroA200.tsp	1.42	323941	323941	58978
kroB100.tsp	0.85	323941	323941	31526
kroB100.tsp	0.85	323941	323941	31850
kroB100.tsp	0.82	323941	323941	34322
kroB100.tsp	0.82	323941	323941	33403
kroB100.tsp	0.82	323941	323941	34728
kroB100.tsp	0.82	323941	323941	31868
kroB100.tsp	0.92	323941	323941	34094
kroB100.tsp	0.80	323941	323941	35845
kroB100.tsp	0.82	323941	323941	35355
kroB100.tsp	0.82	323941	323941	35060
kroB150.tsp	1.13	323941	323941	45662
kroB150.tsp	1.14	323941	323941	45605
kroB150.tsp	1.13	323941	323941	40026
kroB150.tsp	1.15	323941	323941	45390
kroB150.tsp	1.14	323941	323941	48580
kroB150.tsp	1.12	323941	323941	47576
kroB150.tsp	1.13	323941	323941	49715
kroB150.tsp	1.13	323941	323941	40779
kroB150.tsp	1.15	323941	323941	45783
kroB150.tsp	1.13	323941	323941	46922
kroB200.tsp	1.44	323941	323941	58542
kroB200.tsp	1.45	323941	323941	52758
kroB200.tsp	1.43	323941	323941	54669
kroB200.tsp	1.43	323941	323941	56580
kroB200.tsp	1.42	323941	323941	56052
kroB200.tsp	1.42	323941	323941	53049
kroB200.tsp	1.42	323941	323941	52723
kroB200.tsp	1.43	323941	323941	54703
kroB200.tsp	1.42	323941	323941	56286
kroB200.tsp	1.47	323941	323941	57946
kroC100.tsp	0.81	323941	323941	30784
kroC100.tsp	0.80	323941	323941	32860
kroC100.tsp	0.84	323941	323941	27093
kroC100.tsp	0.81	323941	323941	33838
kroC100.tsp	0.85	323941	323941	31696
kroC100.tsp	0.82	323941	323941	33023
kroC100.tsp	0.82	323941	323941	29856
kroC100.tsp	0.83	323941	323941	31956
kroC100.tsp	0.83	323941	323941	32220
kroC100.tsp	0.86	323941	323941	29935
kroD100.tsp	0.82	323941	323941	30929
kroD100.tsp	0.81	323941	323941	27308
kroD100.tsp	0.86	323941	323941	31058
kroD100.tsp	0.81	323941	323941	29713
kroD100.tsp	0.82	323941	323941	35003
kroD100.tsp	0.82	323941	323941	32940
kroD100.tsp	0.82	323941	323941	33639
kroD100.tsp	0.81	323941	323941	31217
kroD100.tsp	0.82	323941	323941	28934
kroD100.tsp	0.83	323941	323941	36708
kroE100.tsp	0.83	323941	323941	33568
kroE100.tsp	0.81	323941	323941	32960
kroE100.tsp	0.83	323941	323941	34051
kroE100.tsp	0.83	323941	323941	34249
kroE100.tsp	0.80	323941	323941	27298
kroE100.tsp	0.81	323941	323941	33735
kroE100.tsp	0.83	323941	323941	33954
kroE100.tsp	0.82	323941	323941	40116
kroE100.tsp	0.82	323941	323941	29758
kroE100.tsp	0.82	323941	323941	32686
lin105.tsp	0.86	323941	323941	23105
lin105.tsp	0.84	323941	323941	21894
lin105.tsp	0.84	323941	323941	23082
lin105.tsp	0.87	323941	323941	22553
lin105.tsp	0.84	323941	323941	21481
lin105.tsp	0.84	323941	323941	23054
lin105.tsp	0.84	323941	323941	21438
lin105.tsp	0.83	323941	323941	22764
lin105.tsp	0.84	323941	323941	24398
lin105.tsp	0.84	323941	323941	25260
lin318.tsp	2.19	323941	323941	103099
lin318.tsp	2.13	323941	323941	114760
lin318.tsp	2.14	323941	323941	96112
lin318.tsp	2.16	323941	323941	94052
lin318.tsp	2.14	323941	323941	108202
lin318.tsp	2.14	323941	323941	108726
lin318.tsp	2.14	323941	323941	106101
lin318.tsp	2.14	323941	323941	110236
lin318.tsp	2.18	323941	323941	111383
lin318.tsp	2.16	323941	323941	104922
linhp318.tsp	2.14	323941	323941	99532
linhp318.tsp	2.14	323941	323941	98889
linhp318.tsp	2.14	323941	323941	112457
linhp318.tsp	2.14	323941	323941	102816
linhp318.tsp	2.14	323941	323941	99483
linhp318.tsp	2.14	323941	323941	102769
linhp318.tsp	2.14	323941	323941	109969
linhp318.tsp	2.14	323941	323941	114251
linhp318.tsp	2.14	323941	323941	105457
linhp318.tsp	2.14	323941	323941	106692
pr107.tsp	0.86	323941	323941	64880
pr107.tsp	0.85	323941	323941	78731
pr107.tsp	0.84	323941	323941	77477
pr107.tsp	0.86	323941	323941	109275
pr107.tsp	0.86	323941	323941	81010
pr107.tsp	0.86	323941	323941	61188
pr107.tsp	0.85	323941	323941	84090
pr107.tsp	0.87	323941	323941	95956
pr107.tsp	0.86	323941	323941	85861
pr107.tsp	0.85	323941	323941	85989
pr124.tsp	0.96	323941	323941	117680
pr124.tsp	0.95	323941	323941	122320
pr124.tsp	0.96	323941	323941	111270
pr124.tsp	0.98	323941	323941	125128
pr124.tsp	1.00	323941	323941	130390
pr124.tsp	0.95	323941	323941	117748
pr124.tsp	0.96	323941	323941	129369
pr124.tsp	0.96	323941	323941	130645
pr124.tsp	0.99	323941	323941	106391
pr124.tsp	0.98	323941	323941	140283
pr136.tsp	1.04	323941	323941	162616
pr136.tsp	1.04	323941	323941	159252
pr136.tsp	1.08	323941	323941	146636
pr136.tsp	1.05	323941	323941	144934
pr136.tsp	1.04	323941	323941	147018
pr136.tsp	1.04	323941	323941	150340
pr136.tsp	1.04	323941	323941	159333
pr136.tsp	1.06	323941	323941	162080
pr136.tsp	1.04	323941	323941	162063
pr136.tsp	1.04	323941	323941	167348
pr144.tsp	1.63	323941	323941	136736
pr144.tsp	1.09	323941	323941	137830
pr144.tsp	1.09	323941	323941	112961
pr144.tsp	1.09	323941	323941	124015
pr144.tsp	1.10	323941	323941	134277
pr144.tsp	1.09	323941	323941	138135
pr144.tsp	1.08	323941	323941	123275
pr144.tsp	1.24	323941	323941	144560
pr144.tsp	1.09	323941	323941	142501
pr144.tsp	1.09	323941	323941	140864
pr152.tsp	1.14	323941	323941	176196
pr152.tsp	1.14	323941	323941	188248
pr152.tsp	1.14	323941	323941	167262
pr152.tsp	1.13	323941	323941	190126
pr152.tsp	1.13	323941	323941	171154
pr152.tsp	1.14	323941	323941	200603
pr152.tsp	1.14	323941	323941	153894
pr152.tsp	1.14	323941	323941	148917
pr152.tsp	1.14	323941	323941	181525
pr152.tsp	1.13	323941	323941	208041
pr226.tsp	1.59	323941	323941	257586
pr226.tsp	1.58	323941	323941	303860
pr226.tsp	1.59	323941	323941	242969
pr226.tsp	1.58	323941	323941	251085
pr226.tsp	1.60	323941	323941	278120
pr226.tsp	1.58	323941	323941	271720
pr226.tsp	1.61	323941	323941	245434
pr226.tsp	1.60	323941	323941	296198
pr226.tsp	1.59	323941	323941	254249
pr226.tsp	1.60	323941	323941	264364
pr264.tsp	1.80	323941	323941	176870
pr264.tsp	1.80	323941	323941	190190
pr264.tsp	1.80	323941	323941	156616
pr264.tsp	1.80	323941	323941	172179
pr264.tsp	1.80	323941	323941	163196
pr264.tsp	1.80	323941	323941	164681
pr264.tsp	1.80	323941	323941	176440
pr264.tsp	1.80	323941	323941	177819
pr264.tsp	1.79	323941	323941	209494
pr264.tsp	1.80	323941	323941	169264
pr299.tsp	2.02	323941	323941	126595
pr299.tsp	2.02	323941	323941	138312
pr299.tsp	2.02	323941	323941	135965
pr299.tsp	2.01	323941	323941	128121
pr299.tsp	2.03	323941	323941	114234
pr299.tsp	2.02	323941	323941	130227
pr299.tsp	2.65	323941	323941	125785
pr299.tsp	2.02	323941	323941	126097
pr299.tsp	2.02	323941	323941	122670
pr299.tsp	2.02	323941	323941	109367
pr439.tsp	2.93	323941	323941	357348
pr439.tsp	2.94	323941	323941	344683
pr439.tsp	3.01	323941	323941	381661
pr439.tsp	2.93	323941	323941	358162
pr439.tsp	2.96	323941	323941	341260
pr439.tsp	2.95	323941	323941	353580
pr439.tsp	2.95	323941	323941	333643
pr439.tsp	2.96	323941	323941	343767
pr439.tsp	2.94	323941	323941	349698
pr439.tsp	2.93	323941	323941	363865
pr76.tsp	0.67	323941	323941	130809
pr76.tsp	0.68	323941	323941	146757
pr76.tsp	0.66	323941	323941	140285
pr76.tsp	0.67	323941	323941	132119
pr76.tsp	0.67	323941	323941	140241
pr76.tsp	0.68	323941	323941	143427
pr76.tsp	0.66	323941	323941	140771
pr76.tsp	0.68	323941	323941	138405
pr76.tsp	0.68	323941	323941	142306
pr76.tsp	0.68	323941	323941	143556
rat575.tsp	4.06	323941	323941	21491
rat575.tsp	4.06	323941	323941	21267
rat575.tsp	4.04	323941	323941	21203
rat575.tsp	4.04	323941	323941	20426
rat575.tsp	4.04	323941	323941	20669
rat575.tsp	4.04	323941	323941	21135
rat575.tsp	4.05	323941	323941	19826
rat575.tsp	4.04	323941	323941	19649
rat575.tsp	4.05	323941	323941	20144
rat575.tsp	4.03	323941	323941	20819
rat783.tsp	5.68	323941	323941	35226
rat783.tsp	5.68	323941	323941	34673
rat783.tsp	5.62	323941	323941	35419
rat783.tsp	5.70	323941	323941	34715
rat783.tsp	5.75	323941	323941	33643
rat783.tsp	5.70	323941	323941	33087
rat783.tsp	5.64	323941	323941	35427
rat783.tsp	5.69	323941	323941	35538
rat783.tsp	5.61	323941	323941	34451
rat783.tsp	5.64	323941	323941	34260
rat99.tsp	0.82	323941	323941	1662
rat99.tsp	0.81	323941	323941	1675
rat99.tsp	0.82	323941	323941	1711
rat99.tsp	0.82	323941	323941	1624
rat99.tsp	0.82	323941	323941	1754
rat99.tsp	0.82	323941	323941	1607
rat99.tsp	0.81	323941	323941	1899
rat99.tsp	0.82	323941	323941	1604
rat99.tsp	0.82	323941	323941	1582
rat99.tsp	0.82	323941	323941	1732
