a280.tsp	5.02	850347	850347	5072
a280.tsp	5.02	850347	850347	5168
a280.tsp	5.03	850347	850347	5132
a280.tsp	5.04	850347	850347	5381
a280.tsp	5.02	850347	850347	5251
a280.tsp	5.04	850347	850347	4826
a280.tsp	5.02	850347	850347	5838
a280.tsp	5.02	850347	850347	5613
a280.tsp	5.05	850347	850347	5629
a280.tsp	5.02	850347	850347	5285
berlin52.tsp	1.42	850347	850347	8061
berlin52.tsp	1.40	850347	850347	8678
berlin52.tsp	1.41	850347	850347	8451
berlin52.tsp	1.41	850347	850347	8499
berlin52.tsp	1.42	850347	850347	8392
berlin52.tsp	1.42	850347	850347	8766
berlin52.tsp	1.42	850347	850347	8275
berlin52.tsp	1.39	850347	850347	8531
berlin52.tsp	1.43	850347	850347	8608
berlin52.tsp	1.42	850347	850347	8142
bier127.tsp	2.60	850347	850347	151870
bier127.tsp	2.59	850347	850347	154732
bier127.tsp	2.58	850347	850347	155926
bier127.tsp	2.60	850347	850347	152505
bier127.tsp	2.61	850347	850347	142973
bier127.tsp	2.58	850347	850347	148518
bier127.tsp	2.58	850347	850347	152078
bier127.tsp	2.60	850347	850347	156695
bier127.tsp	2.59	850347	850347	151102
bier127.tsp	2.61	850347	850347	155590
eil101.tsp	2.17	850347	850347	747
eil101.tsp	2.18	850347	850347	813
eil101.tsp	2.19	850347	850347	707
eil101.tsp	2.18	850347	850347	738
eil101.tsp	2.60	850347	850347	746
eil101.tsp	2.18	850347	850347	773
eil101.tsp	2.18	850347	850347	787
eil101.tsp	2.16	850347	850347	760
eil101.tsp	2.18	850347	850347	759
eil101.tsp	2.18	850347	850347	708
eil51.tsp	1.42	850347	850347	492
eil51.tsp	1.39	850347	850347	440
eil51.tsp	1.39	850347	850347	438
eil51.tsp	1.41	850347	850347	453
eil51.tsp	1.44	850347	850347	461
eil51.tsp	1.42	850347	850347	462
eil51.tsp	1.42	850347	850347	460
eil51.tsp	1.42	850347	850347	470
eil51.tsp	1.43	850347	850347	446
eil51.tsp	1.43	850347	850347	447
eil76.tsp	1.79	850347	850347	635
eil76.tsp	1.79	850347	850347	603
eil76.tsp	1.78	850347	850347	603
eil76.tsp	1.79	850347	850347	587
eil76.tsp	1.79	850347	850347	606
eil76.tsp	1.79	850347	850347	587
eil76.tsp	1.80	850347	850347	597
eil76.tsp	1.78	850347	850347	656
eil76.tsp	1.80	850347	850347	585
eil76.tsp	1.80	850347	850347	591
gil262.tsp	4.71	850347	850347	4227
gil262.tsp	4.70	850347	850347	4458
gil262.tsp	4.74	850347	850347	4230
gil262.tsp	4.73	850347	850347	4575
gil262.tsp	4.72	850347	850347	4255
gil262.tsp	4.73	850347	850347	4549
gil262.tsp	4.71	850347	850347	4127
gil262.tsp	4.72	850347	850347	4768
gil262.tsp	4.71	850347	850347	4388
gil262.tsp	4.72	850347	850347	4281
kroA100.tsp	2.12	850347	850347	28138
kroA100.tsp	2.12	850347	850347	28766
kroA100.tsp	2.19	850347	850347	31489
kroA100.tsp	2.16	850347	850347	30113
kroA100.tsp	2.14	850347	850347	30261
kroA100.tsp	2.14	850347	850347	29065
kroA100.tsp	2.13	850347	850347	28465
kroA100.tsp	2.13	850347	850347	32928
kroA100.tsp	2.16	850347	850347	33039
kroA100.tsp	2.16	850347	850347	32077
kroA150.tsp	2.96	850347	850347	37879
kroA150.tsp	2.95	850347	850347	46604
kroA150.tsp	2.94	850347	850347	44783
kroA150.tsp	2.97	850347	850347	43355
kroA150.tsp	2.95	850347	850347	41205
kroA150.tsp	2.95	850347	850347	39885
kroA150.tsp	2.96	850347	850347	40620
kroA150.tsp	2.97	850347	850347	39197
kroA150.tsp	2.94	850347	850347	41860
kroA150.tsp	2.96	850347	850347	42042
kroA200.tsp	3.77	850347	850347	53799
kroA200.tsp	3.76	850347	850347	49609
kroA200.tsp	3.74	850347	850347	56489
kroA200.tsp	3.73	850347	850347	54537
kroA200.tsp	3.72	850347	850347	54289
kroA200.tsp	3.73	850347	850347	52110
kroA200.tsp	3.75	850347	850347	46736
kroA200.tsp	3.74	850347	850347	52305
kroA200.tsp	3.76	850347	850347	53262
kroA200.tsp	3.72	850347	850347	53444
kroB100.tsp	2.16	850347	850347	26362
kroB100.tsp	2.17	850347	850347	31666
kroB100.tsp	2.14	850347	850347	30146
kroB100.tsp	2.12	850347	850347	27943
kroB100.tsp	2.17	850347	850347	30224
kroB100.tsp	2.14	850347	850347	28814
kroB100.tsp	2.12	850347	850347	27567
kroB100.tsp	2.16	850347	850347	31822
kroB100.tsp	2.12	850347	850347	30299
kroB100.tsp	2.17	850347	850347	27685
kroB150.tsp	2.95	850347	850347	38392
kroB150.tsp	2.97	850347	850347	38329
kroB150.tsp	2.96	850347	850347	39014
kroB150.tsp	2.96	850347	850347	38830
kroB150.tsp	2.95	850347	850347	39033
kroB150.tsp	2.95	850347	850347	40860
kroB150.tsp	2.94	850347	850347	40817
kroB150.tsp	2.98	850347	850347	36639
kroB150.tsp	2.96	850347	850347	44039
kroB150.tsp	2.95	850347	850347	42260
kroB200.tsp	3.72	850347	850347	48748
kroB200.tsp	3.75	850347	850347	54782
kroB200.tsp	3.76	850347	850347	55614
kroB200.tsp	3.76	850347	850347	47972
kroB200.tsp	3.76	850347	850347	56333
kroB200.tsp	3.74	850347	850347	54416
kroB200.tsp	3.76	850347	850347	50476
kroB200.tsp	3.77	850347	850347	52627
kroB200.tsp	3.75	850347	850347	50269
kroB200.tsp	3.74	850347	850347	56532
kroC100.tsp	2.17	850347	850347	29747
kroC100.tsp	2.14	850347	850347	29030
kroC100.tsp	2.16	850347	850347	28902
kroC100.tsp	2.18	850347	850347	27348
kroC100.tsp	2.12	850347	850347	27577
kroC100.tsp	2.12	850347	850347	30745
kroC100.tsp	2.18	850347	850347	26877
kroC100.tsp	2.12	850347	850347	30663
kroC100.tsp	2.15	850347	850347	31440
kroC100.tsp	2.12	850347	850347	27978
kroD100.tsp	2.18	850347	850347	28512
kroD100.tsp	2.12	850347	850347	27990
kroD100.tsp	2.16	850347	850347	28174
kroD100.tsp	2.12	850347	850347	27211
kroD100.tsp	2.16	850347	850347	31157
kroD100.tsp	2.16	850347	850347	28380
kroD100.tsp	2.16	850347	850347	28516
kroD100.tsp	2.11	850347	850347	27331
kroD100.tsp	2.12	850347	850347	28513
kroD100.tsp	2.13	850347	850347	29166
kroE100.tsp	2.16	850347	850347	33767
kroE100.tsp	2.11	850347	850347	28789
kroE100.tsp	2.80	850347	850347	28627
kroE100.tsp	2.12	850347	850347	33522
kroE100.tsp	2.16	850347	850347	28951
kroE100.tsp	2.12	850347	850347	31046
kroE100.tsp	2.17	850347	850347	29550
kroE100.tsp	2.11	850347	850347	28049
kroE100.tsp	2.17	850347	850347	28982
kroE100.tsp	2.18	850347	850347	30296
lin105.tsp	2.22	850347	850347	19693
lin105.tsp	2.22	850347	850347	20584
lin105.tsp	2.21	850347	850347	20873
lin105.tsp	2.23	850347	850347	20630
lin105.tsp	2.18	850347	850347	20739
lin105.tsp	2.22	850347	850347	21566
lin105.tsp	2.24	850347	850347	22322
lin105.tsp	2.20	850347	850347	19253
lin105.tsp	2.50	850347	850347	23497
lin105.tsp	2.23	850347	850347	19525
lin318.tsp	5.61	850347	850347	98871
lin318.tsp	5.59	850347	850347	99647
lin318.tsp	5.60	850347	850347	96039
lin318.tsp	5.62	850347	850347	88393
lin318.tsp	5.59	850347	850347	99899
lin318.tsp	5.61	850347	850347	96413
lin318.tsp	5.60	850347	850347	81057
lin318.tsp	5.62	850347	850347	92753
lin318.tsp	5.59	850347	850347	96597
lin318.tsp	5.61	850347	850347	96925
linhp318.tsp	5.61	850347	850347	100785
linhp318.tsp	5.60	850347	850347	95534
linhp318.tsp	5.59	850347	850347	90973
linhp318.tsp	5.61	850347	850347	100402
linhp318.tsp	5.60	850347	850347	92003
linhp318.tsp	5.61	850347	850347	99535
linhp318.tsp	5.60	850347	850347	97512
linhp318.tsp	5.60	850347	850347	93977
linhp318.tsp	5.60	850347	850347	84208
linhp318.tsp	5.60	850347	850347	87561
pr107.tsp	2.24	850347	850347	65312
pr107.tsp	2.24	850347	850347	69651
pr107.tsp	2.24	850347	850347	72202
pr107.tsp	2.26	850347	850347	73667
pr107.tsp	2.24	850347	850347	82674
pr107.tsp	2.24	850347	850347	70756
pr107.tsp	2.25	850347	850347	81907
pr107.tsp	2.23	850347	850347	67332
pr107.tsp	2.25	850347	850347	83151
pr107.tsp	2.26	850347	850347	88060
pr124.tsp	2.50	850347	850347	114146
pr124.tsp	2.49	850347	850347	107158
pr124.tsp	2.50	850347	850347	99709
pr124.tsp	2.50	850347	850347	97357
pr124.tsp	2.51	850347	850347	117342
pr124.tsp	2.50	850347	850347	95383
pr124.tsp	2.50	850347	850347	105501
pr124.tsp	2.50	850347	850347	98440
pr124.tsp	2.50	850347	850347	120570
pr124.tsp	2.50	850347	850347	110682
pr136.tsp	2.73	850347	850347	151967
pr136.tsp	2.74	850347	850347	149286
pr136.tsp	2.76	850347	850347	154745
pr136.tsp	2.76	850347	850347	142177
pr136.tsp	2.75	850347	850347	142105
pr136.tsp	2.74	850347	850347	166351
pr136.tsp	2.74	850347	850347	136894
pr136.tsp	2.74	850347	850347	137756
pr136.tsp	2.72	850347	850347	137739
pr136.tsp	2.73	850347	850347	150213
pr144.tsp	2.86	850347	850347	121544
pr144.tsp	2.85	850347	850347	143553
pr144.tsp	2.86	850347	850347	127810
pr144.tsp	2.89	850347	850347	112852
pr144.tsp	2.88	850347	850347	118551
pr144.tsp	3.78	850347	850347	120721
pr144.tsp	2.84	850347	850347	108075
pr144.tsp	2.87	850347	850347	112797
pr144.tsp	2.85	850347	850347	130595
pr144.tsp	2.84	850347	850347	132836
pr152.tsp	3.00	850347	850347	124641
pr152.tsp	2.98	850347	850347	153652
pr152.tsp	2.99	850347	850347	120219
pr152.tsp	2.97	850347	850347	127492
pr152.tsp	2.96	850347	850347	153277
pr152.tsp	2.99	850347	850347	146191
pr152.tsp	2.97	850347	850347	172243
pr152.tsp	2.99	850347	850347	158479
pr152.tsp	2.96	850347	850347	142866
pr152.tsp	3.00	850347	850347	161741
pr226.tsp	4.14	850347	850347	215463
pr226.tsp	4.14	850347	850347	204272
pr226.tsp	4.16	850347	850347	263426
pr226.tsp	4.14	850347	850347	249151
pr226.tsp	4.16	850347	850347	217676
pr226.tsp	4.16	850347	850347	227812
pr226.tsp	4.14	850347	850347	229318
pr226.tsp	4.14	850347	850347	207977
pr226.tsp	4.16	850347	850347	230191
pr226.tsp	4.16	850347	850347	227281
pr264.tsp	4.71	850347	850347	174739
pr264.tsp	4.71	850347	850347	120966
pr264.tsp	4.72	850347	850347	133717
pr264.tsp	4.72	850347	850347	127156
pr264.tsp	4.71	850347	850347	140038
pr264.tsp	4.71	850347	850347	142229
pr264.tsp	4.72	850347	850347	163798
pr264.tsp	4.72	850347	850347	139813
pr264.tsp	4.70	850347	850347	143506
pr264.tsp	4.72	850347	850347	152784
pr299.tsp	5.28	850347	850347	110784
pr299.tsp	5.28	850347	850347	115531
pr299.tsp	5.28	850347	850347	109078
pr299.tsp	5.29	850347	850347	113954
pr299.tsp	5.28	850347	850347	106371
pr299.tsp	5.28	850347	850347	110776
pr299.tsp	5.28	850347	850347	109409
pr299.tsp	5.30	850347	850347	106064
pr299.tsp	5.28	850347	850347	108964
pr299.tsp	5.28	850347	850347	108855
pr439.tsp	7.71	850347	850347	295711
pr439.tsp	7.71	850347	850347	282385
pr439.tsp	7.69	850347	850347	274178
pr439.tsp	7.70	850347	850347	296169
pr439.tsp	7.73	850347	850347	264774
pr439.tsp	7.67	850347	850347	317897
pr439.tsp	7.69	850347	850347	295638
pr439.tsp	7.69	850347	850347	320943
pr439.tsp	7.70	850347	850347	293604
pr439.tsp	7.65	850347	850347	300477
pr76.tsp	1.78	850347	850347	126351
pr76.tsp	1.78	850347	850347	122485
pr76.tsp	1.78	850347	850347	135104
pr76.tsp	1.76	850347	850347	140571
pr76.tsp	1.79	850347	850347	137771
pr76.tsp	1.80	850347	850347	135326
pr76.tsp	1.78	850347	850347	126263
pr76.tsp	1.76	850347	850347	129524
pr76.tsp	1.80	850347	850347	130047
pr76.tsp	1.76	850347	850347	132997
rat575.tsp	10.63	850347	850347	16633
rat575.tsp	10.55	850347	850347	17328
rat575.tsp	10.63	850347	850347	17841
rat575.tsp	10.61	850347	850347	16516
rat575.tsp	10.67	850347	850347	17275
rat575.tsp	10.58	850347	850347	16636
rat575.tsp	10.55	850347	850347	16754
rat575.tsp	10.56	850347	850347	17729
rat575.tsp	10.59	850347	850347	15735
rat575.tsp	10.66	850347	850347	15366
rat783.tsp	14.82	850347	850347	27602
rat783.tsp	14.75	850347	850347	27004
rat783.tsp	14.79	850347	850347	28392
rat783.tsp	14.78	850347	850347	28343
rat783.tsp	14.80	850347	850347	27232
rat783.tsp	14.72	850347	850347	27141
rat783.tsp	14.77	850347	850347	27253
rat783.tsp	14.73	850347	850347	27861
rat783.tsp	14.75	850347	850347	27700
rat783.tsp	14.79	850347	850347	28133
rat99.tsp	2.14	850347	850347	1480
rat99.tsp	2.15	850347	850347	1457
rat99.tsp	2.15	850347	850347	1529
rat99.tsp	2.12	850347	850347	1555
rat99.tsp	2.14	850347	850347	1477
rat99.tsp	2.17	850347	850347	1521
rat99.tsp	2.14	850347	850347	1542
rat99.tsp	2.16	850347	850347	1510
rat99.tsp	2.12	850347	850347	1548
rat99.tsp	2.14	850347	850347	1508
