a280.tsp	2.24	366630	366630	5917
a280.tsp	2.20	366630	366630	6071
a280.tsp	2.19	366630	366630	5783
a280.tsp	2.16	366630	366630	5330
a280.tsp	2.17	366630	366630	5827
a280.tsp	2.18	366630	366630	5949
a280.tsp	2.17	366630	366630	5550
a280.tsp	2.17	366630	366630	5624
a280.tsp	2.21	366630	366630	6083
a280.tsp	2.18	366630	366630	5684
berlin52.tsp	0.63	366630	366630	8169
berlin52.tsp	0.61	366630	366630	8622
berlin52.tsp	0.62	366630	366630	8724
berlin52.tsp	0.61	366630	366630	8510
berlin52.tsp	0.62	366630	366630	8495
berlin52.tsp	0.60	366630	366630	8306
berlin52.tsp	0.61	366630	366630	8584
berlin52.tsp	0.60	366630	366630	8658
berlin52.tsp	0.60	366630	366630	9534
berlin52.tsp	0.60	366630	366630	8567
bier127.tsp	1.12	366630	366630	151877
bier127.tsp	1.14	366630	366630	159195
bier127.tsp	1.14	366630	366630	145123
bier127.tsp	1.28	366630	366630	159635
bier127.tsp	1.17	366630	366630	171557
bier127.tsp	1.14	366630	366630	178154
bier127.tsp	1.12	366630	366630	149861
bier127.tsp	1.13	366630	366630	163132
bier127.tsp	1.12	366630	366630	171364
bier127.tsp	1.11	366630	366630	158861
eil101.tsp	0.94	366630	366630	857
eil101.tsp	0.94	366630	366630	811
eil101.tsp	0.98	366630	366630	856
eil101.tsp	0.94	366630	366630	772
eil101.tsp	0.94	366630	366630	767
eil101.tsp	0.94	366630	366630	713
eil101.tsp	0.94	366630	366630	743
eil101.tsp	0.94	366630	366630	770
eil101.tsp	0.98	366630	366630	850
eil101.tsp	0.95	366630	366630	805
eil51.tsp	0.60	366630	366630	478
eil51.tsp	0.62	366630	366630	480
eil51.tsp	0.60	366630	366630	447
eil51.tsp	0.60	366630	366630	475
eil51.tsp	0.61	366630	366630	464
eil51.tsp	0.61	366630	366630	461
eil51.tsp	0.61	366630	366630	465
eil51.tsp	0.61	366630	366630	485
eil51.tsp	0.60	366630	366630	464
eil51.tsp	0.61	366630	366630	469
eil76.tsp	0.78	366630	366630	612
eil76.tsp	0.81	366630	366630	620
eil76.tsp	0.80	366630	366630	640
eil76.tsp	0.77	366630	366630	678
eil76.tsp	0.77	366630	366630	645
eil76.tsp	0.77	366630	366630	635
eil76.tsp	0.77	366630	366630	637
eil76.tsp	0.77	366630	366630	629
eil76.tsp	0.77	366630	366630	666
eil76.tsp	0.80	366630	366630	623
gil262.tsp	2.04	366630	366630	4446
gil262.tsp	2.05	366630	366630	4982
gil262.tsp	2.04	366630	366630	5267
gil262.tsp	2.03	366630	366630	4894
gil262.tsp	2.10	366630	366630	4909
gil262.tsp	2.05	366630	366630	4670
gil262.tsp	2.04	366630	366630	5502
gil262.tsp	2.04	366630	366630	4688
gil262.tsp	2.12	366630	366630	4133
gil262.tsp	2.07	366630	366630	4579
kroA100.tsp	0.95	366630	366630	31653
kroA100.tsp	0.92	366630	366630	31676
kroA100.tsp	0.94	366630	366630	35079
kroA100.tsp	0.91	366630	366630	30676
kroA100.tsp	0.95	366630	366630	34145
kroA100.tsp	0.96	366630	366630	27996
kroA100.tsp	0.97	366630	366630	32495
kroA100.tsp	0.91	366630	366630	36466
kroA100.tsp	0.92	366630	366630	29438
kroA100.tsp	0.92	366630	366630	31293
kroA150.tsp	1.28	366630	366630	44722
kroA150.tsp	1.31	366630	366630	46835
kroA150.tsp	1.28	366630	366630	45842
kroA150.tsp	1.29	366630	366630	42714
kroA150.tsp	1.27	366630	366630	45920
kroA150.tsp	1.28	366630	366630	47151
kroA150.tsp	1.27	366630	366630	47021
kroA150.tsp	1.28	366630	366630	44757
kroA150.tsp	1.28	366630	366630	43558
kroA150.tsp	1.34	366630	366630	43131
kroA200.tsp	1.79	366630	366630	55300
kroA200.tsp	1.62	366630	366630	54151
kroA200.tsp	1.62	366630	366630	62826
kroA200.tsp	1.66	366630	366630	58315
kroA200.tsp	1.62	366630	366630	52743
kroA200.tsp	1.62	366630	366630	53852
kroA200.tsp	1.61	366630	366630	57880
kroA200.tsp	1.62	366630	366630	54337
kroA200.tsp	1.63	366630	366630	52374
kroA200.tsp	1.65	366630	366630	57662
kroB100.tsp	0.92	366630	366630	34788
kroB100.tsp	0.92	366630	366630	30847
kroB100.tsp	0.93	366630	366630	34793
kroB100.tsp	0.92	366630	366630	34069
kroB100.tsp	0.93	366630	366630	30546
kroB100.tsp	0.94	366630	366630	34996
kroB100.tsp	0.93	366630	366630	32196
kroB100.tsp	0.93	366630	366630	31850
kroB100.tsp	0.93	366630	366630	33118
kroB100.tsp	0.93	366630	366630	34011
kroB150.tsp	1.28	366630	366630	48649
kroB150.tsp	1.28	366630	366630	47773
kroB150.tsp	1.28	366630	366630	41892
kroB150.tsp	1.27	366630	366630	43158
kroB150.tsp	1.28	366630	366630	42716
kroB150.tsp	1.28	366630	366630	44393
kroB150.tsp	1.30	366630	366630	43440
kroB150.tsp	1.28	366630	366630	43762
kroB150.tsp	1.32	366630	366630	44024
kroB150.tsp	1.29	366630	366630	39980
kroB200.tsp	1.61	366630	366630	58607
kroB200.tsp	1.66	366630	366630	52822
kroB200.tsp	1.65	366630	366630	55353
kroB200.tsp	1.61	366630	366630	63295
kroB200.tsp	1.61	366630	366630	56137
kroB200.tsp	1.63	366630	366630	56321
kroB200.tsp	1.68	366630	366630	56003
kroB200.tsp	1.61	366630	366630	60770
kroB200.tsp	1.62	366630	366630	50716
kroB200.tsp	1.62	366630	366630	57810
kroC100.tsp	0.92	366630	366630	30033
kroC100.tsp	0.94	366630	366630	32795
kroC100.tsp	0.93	366630	366630	30515
kroC100.tsp	0.94	366630	366630	32395
kroC100.tsp	0.92	366630	366630	33994
kroC100.tsp	0.93	366630	366630	33589
kroC100.tsp	0.92	366630	366630	34704
kroC100.tsp	0.94	366630	366630	27370
kroC100.tsp	0.93	366630	366630	31271
kroC100.tsp	0.92	366630	366630	32062
kroD100.tsp	0.94	366630	366630	30466
kroD100.tsp	0.91	366630	366630	32323
kroD100.tsp	0.92	366630	366630	29342
kroD100.tsp	0.91	366630	366630	34010
kroD100.tsp	0.93	366630	366630	33406
kroD100.tsp	0.92	366630	366630	29775
kroD100.tsp	0.93	366630	366630	28756
kroD100.tsp	0.93	366630	366630	30645
kroD100.tsp	0.93	366630	366630	32044
kroD100.tsp	0.97	366630	366630	31543
kroE100.tsp	0.94	366630	366630	33934
kroE100.tsp	0.93	366630	366630	31261
kroE100.tsp	0.94	366630	366630	30986
kroE100.tsp	0.94	366630	366630	31072
kroE100.tsp	0.95	366630	366630	32185
kroE100.tsp	0.94	366630	366630	34762
kroE100.tsp	1.20	366630	366630	31380
kroE100.tsp	0.93	366630	366630	36204
kroE100.tsp	0.94	366630	366630	33216
kroE100.tsp	0.91	366630	366630	34113
lin105.tsp	0.94	366630	366630	22250
lin105.tsp	0.95	366630	366630	19680
lin105.tsp	0.96	366630	366630	22467
lin105.tsp	0.95	366630	366630	21591
lin105.tsp	0.95	366630	366630	21194
lin105.tsp	0.96	366630	366630	22457
lin105.tsp	0.94	366630	366630	24640
lin105.tsp	0.95	366630	366630	22523
lin105.tsp	0.95	366630	366630	24288
lin105.tsp	0.95	366630	366630	26512
lin318.tsp	2.45	366630	366630	107206
lin318.tsp	2.47	366630	366630	111272
lin318.tsp	2.42	366630	366630	110038
lin318.tsp	2.48	366630	366630	106191
lin318.tsp	2.42	366630	366630	95029
lin318.tsp	2.46	366630	366630	100178
lin318.tsp	2.42	366630	366630	111330
lin318.tsp	2.48	366630	366630	108707
lin318.tsp	2.47	366630	366630	106085
lin318.tsp	2.43	366630	366630	96196
linhp318.tsp	2.42	366630	366630	104343
linhp318.tsp	2.42	366630	366630	108369
linhp318.tsp	2.42	366630	366630	107570
linhp318.tsp	2.44	366630	366630	99529
linhp318.tsp	2.44	366630	366630	105985
linhp318.tsp	2.47	366630	366630	97999
linhp318.tsp	2.49	366630	366630	115996
linhp318.tsp	2.42	366630	366630	109057
linhp318.tsp	2.42	366630	366630	106011
linhp318.tsp	2.46	366630	366630	108450
pr107.tsp	0.96	366630	366630	86844
pr107.tsp	0.97	366630	366630	84885
pr107.tsp	0.96	366630	366630	81845
pr107.tsp	0.99	366630	366630	88953
pr107.tsp	0.97	366630	366630	81726
pr107.tsp	0.97	366630	366630	98055
pr107.tsp	0.97	366630	366630	98920
pr107.tsp	0.98	366630	366630	88526
pr107.tsp	0.96	366630	366630	81617
pr107.tsp	0.96	366630	366630	82800
pr124.tsp	1.08	366630	366630	103186
pr124.tsp	1.08	366630	366630	111863
pr124.tsp	1.08	366630	366630	117151
pr124.tsp	1.09	366630	366630	100746
pr124.tsp	1.10	366630	366630	138787
pr124.tsp	1.08	366630	366630	97663
pr124.tsp	1.08	366630	366630	92740
pr124.tsp	1.08	366630	366630	84711
pr124.tsp	1.08	366630	366630	113482
pr124.tsp	1.07	366630	366630	121506
pr136.tsp	1.20	366630	366630	154178
pr136.tsp	1.23	366630	366630	155554
pr136.tsp	1.19	366630	366630	157981
pr136.tsp	1.18	366630	366630	142657
pr136.tsp	1.18	366630	366630	147140
pr136.tsp	1.17	366630	366630	137119
pr136.tsp	1.45	366630	366630	145766
pr136.tsp	1.20	366630	366630	161588
pr136.tsp	1.23	366630	366630	151926
pr136.tsp	1.23	366630	366630	150197
pr144.tsp	1.24	366630	366630	153565
pr144.tsp	1.23	366630	366630	120979
pr144.tsp	1.24	366630	366630	133775
pr144.tsp	1.22	366630	366630	139756
pr144.tsp	1.22	366630	366630	133688
pr144.tsp	1.24	366630	366630	126107
pr144.tsp	1.28	366630	366630	132456
pr144.tsp	1.28	366630	366630	138970
pr144.tsp	1.24	366630	366630	130725
pr144.tsp	1.29	366630	366630	149026
pr152.tsp	1.30	366630	366630	187163
pr152.tsp	1.28	366630	366630	174809
pr152.tsp	1.29	366630	366630	171356
pr152.tsp	1.30	366630	366630	186829
pr152.tsp	1.28	366630	366630	178418
pr152.tsp	1.29	366630	366630	162418
pr152.tsp	1.28	366630	366630	178175
pr152.tsp	1.32	366630	366630	203325
pr152.tsp	1.28	366630	366630	189193
pr152.tsp	1.29	366630	366630	170482
pr226.tsp	1.78	366630	366630	286011
pr226.tsp	1.79	366630	366630	283402
pr226.tsp	2.06	366630	366630	259899
pr226.tsp	1.79	366630	366630	240939
pr226.tsp	1.80	366630	366630	291673
pr226.tsp	1.80	366630	366630	273731
pr226.tsp	1.79	366630	366630	234038
pr226.tsp	1.80	366630	366630	229552
pr226.tsp	1.80	366630	366630	245854
pr226.tsp	1.80	366630	366630	252171
pr264.tsp	2.03	366630	366630	161796
pr264.tsp	2.03	366630	366630	161107
pr264.tsp	2.03	366630	366630	159968
pr264.tsp	2.04	366630	366630	169553
pr264.tsp	2.03	366630	366630	171615
pr264.tsp	2.04	366630	366630	162005
pr264.tsp	2.04	366630	366630	186537
pr264.tsp	2.04	366630	366630	175180
pr264.tsp	2.04	366630	366630	168950
pr264.tsp	2.04	366630	366630	167920
pr299.tsp	2.28	366630	366630	112430
pr299.tsp	2.29	366630	366630	114273
pr299.tsp	2.28	366630	366630	119830
pr299.tsp	2.28	366630	366630	123074
pr299.tsp	2.29	366630	366630	127663
pr299.tsp	2.29	366630	366630	121078
pr299.tsp	2.29	366630	366630	109253
pr299.tsp	2.29	366630	366630	112057
pr299.tsp	2.32	366630	366630	127551
pr299.tsp	2.30	366630	366630	132469
pr439.tsp	3.34	366630	366630	329589
pr439.tsp	3.32	366630	366630	349567
pr439.tsp	3.33	366630	366630	354497
pr439.tsp	3.31	366630	366630	340426
pr439.tsp	3.31	366630	366630	336022
pr439.tsp	3.32	366630	366630	377894
pr439.tsp	3.31	366630	366630	346524
pr439.tsp	3.33	366630	366630	349406
pr439.tsp	3.33	366630	366630	359503
pr439.tsp	3.32	366630	366630	326500
pr76.tsp	0.76	366630	366630	139186
pr76.tsp	0.77	366630	366630	141059
pr76.tsp	0.77	366630	366630	148612
pr76.tsp	0.84	366630	366630	145261
pr76.tsp	0.77	366630	366630	150717
pr76.tsp	0.77	366630	366630	146526
pr76.tsp	0.77	366630	366630	128280
pr76.tsp	0.76	366630	366630	151529
pr76.tsp	0.76	366630	366630	138689
pr76.tsp	0.76	366630	366630	141854
rat575.tsp	4.57	366630	366630	19285
rat575.tsp	4.56	366630	366630	20434
rat575.tsp	4.55	366630	366630	20255
rat575.tsp	4.60	366630	366630	20607
rat575.tsp	4.60	366630	366630	20759
rat575.tsp	4.61	366630	366630	20814
rat575.tsp	4.58	366630	366630	20250
rat575.tsp	4.60	366630	366630	19658
rat575.tsp	4.60	366630	366630	20272
rat575.tsp	4.62	366630	366630	19466
rat783.tsp	6.39	366630	366630	35295
rat783.tsp	6.41	366630	366630	33223
rat783.tsp	6.37	366630	366630	34217
rat783.tsp	6.43	366630	366630	32604
rat783.tsp	6.37	366630	366630	33853
rat783.tsp	6.39	366630	366630	34034
rat783.tsp	6.38	366630	366630	35242
rat783.tsp	6.45	366630	366630	33719
rat783.tsp	6.39	366630	366630	33927
rat783.tsp	6.53	366630	366630	33421
rat99.tsp	0.94	366630	366630	1476
rat99.tsp	0.93	366630	366630	1596
rat99.tsp	0.92	366630	366630	1496
rat99.tsp	0.92	366630	366630	1557
rat99.tsp	0.93	366630	366630	1774
rat99.tsp	0.93	366630	366630	1698
rat99.tsp	0.93	366630	366630	1714
rat99.tsp	0.93	366630	366630	1651
rat99.tsp	0.93	366630	366630	1617
rat99.tsp	0.92	366630	366630	1674
