a280.tsp	1.52	257973	257973	6215
a280.tsp	1.52	257973	257973	5615
a280.tsp	1.52	257973	257973	5221
a280.tsp	1.57	257973	257973	6482
a280.tsp	1.52	257973	257973	6406
a280.tsp	1.52	257973	257973	5938
a280.tsp	1.52	257973	257973	5770
a280.tsp	1.53	257973	257973	5529
a280.tsp	1.52	257973	257973	6663
a280.tsp	1.52	257973	257973	5719
berlin52.tsp	0.44	257973	257973	8924
berlin52.tsp	0.42	257973	257973	9172
berlin52.tsp	0.43	257973	257973	8339
berlin52.tsp	0.42	257973	257973	9303
berlin52.tsp	0.43	257973	257973	8677
berlin52.tsp	0.42	257973	257973	8198
berlin52.tsp	0.42	257973	257973	9006
berlin52.tsp	0.42	257973	257973	8526
berlin52.tsp	0.42	257973	257973	9130
berlin52.tsp	0.44	257973	257973	9209
bier127.tsp	0.79	257973	257973	156887
bier127.tsp	0.80	257973	257973	162506
bier127.tsp	0.78	257973	257973	178100
bier127.tsp	0.79	257973	257973	173122
bier127.tsp	0.79	257973	257973	160964
bier127.tsp	0.79	257973	257973	173716
bier127.tsp	0.78	257973	257973	174379
bier127.tsp	0.81	257973	257973	157843
bier127.tsp	0.78	257973	257973	163253
bier127.tsp	0.80	257973	257973	174226
eil101.tsp	0.65	257973	257973	791
eil101.tsp	0.68	257973	257973	853
eil101.tsp	0.66	257973	257973	780
eil101.tsp	0.66	257973	257973	813
eil101.tsp	0.66	257973	257973	763
eil101.tsp	0.66	257973	257973	820
eil101.tsp	0.67	257973	257973	790
eil101.tsp	0.66	257973	257973	797
eil101.tsp	0.66	257973	257973	825
eil101.tsp	0.69	257973	257973	763
eil51.tsp	0.43	257973	257973	461
eil51.tsp	0.45	257973	257973	484
eil51.tsp	0.43	257973	257973	467
eil51.tsp	0.43	257973	257973	478
eil51.tsp	0.43	257973	257973	463
eil51.tsp	0.44	257973	257973	468
eil51.tsp	0.42	257973	257973	514
eil51.tsp	0.42	257973	257973	500
eil51.tsp	0.43	257973	257973	506
eil51.tsp	0.42	257973	257973	492
eil76.tsp	0.54	257973	257973	588
eil76.tsp	0.57	257973	257973	713
eil76.tsp	0.54	257973	257973	619
eil76.tsp	0.54	257973	257973	652
eil76.tsp	0.54	257973	257973	644
eil76.tsp	0.54	257973	257973	642
eil76.tsp	0.54	257973	257973	746
eil76.tsp	0.64	257973	257973	673
eil76.tsp	0.55	257973	257973	640
eil76.tsp	0.54	257973	257973	640
gil262.tsp	1.43	257973	257973	4844
gil262.tsp	1.43	257973	257973	5306
gil262.tsp	1.43	257973	257973	4876
gil262.tsp	1.45	257973	257973	4989
gil262.tsp	1.43	257973	257973	4924
gil262.tsp	1.43	257973	257973	4755
gil262.tsp	1.43	257973	257973	4821
gil262.tsp	1.44	257973	257973	5193
gil262.tsp	1.43	257973	257973	5216
gil262.tsp	1.43	257973	257973	5193
kroA100.tsp	0.65	257973	257973	30485
kroA100.tsp	0.66	257973	257973	33891
kroA100.tsp	0.66	257973	257973	34626
kroA100.tsp	0.64	257973	257973	36979
kroA100.tsp	0.65	257973	257973	32296
kroA100.tsp	0.64	257973	257973	35264
kroA100.tsp	0.66	257973	257973	35548
kroA100.tsp	0.67	257973	257973	34664
kroA100.tsp	0.64	257973	257973	31495
kroA100.tsp	0.65	257973	257973	33489
kroA150.tsp	0.93	257973	257973	40453
kroA150.tsp	0.93	257973	257973	47251
kroA150.tsp	0.92	257973	257973	48721
kroA150.tsp	0.92	257973	257973	52415
kroA150.tsp	0.90	257973	257973	48647
kroA150.tsp	0.90	257973	257973	43259
kroA150.tsp	0.90	257973	257973	52817
kroA150.tsp	0.90	257973	257973	44239
kroA150.tsp	0.90	257973	257973	44378
kroA150.tsp	0.92	257973	257973	43589
kroA200.tsp	1.14	257973	257973	60697
kroA200.tsp	1.26	257973	257973	50439
kroA200.tsp	1.13	257973	257973	59392
kroA200.tsp	1.14	257973	257973	51689
kroA200.tsp	1.14	257973	257973	61205
kroA200.tsp	1.13	257973	257973	62410
kroA200.tsp	1.14	257973	257973	62094
kroA200.tsp	1.14	257973	257973	58067
kroA200.tsp	1.13	257973	257973	56128
kroA200.tsp	1.14	257973	257973	62197
kroB100.tsp	0.66	257973	257973	33014
kroB100.tsp	0.69	257973	257973	33281
kroB100.tsp	0.62	257973	257973	32696
kroB100.tsp	0.65	257973	257973	35101
kroB100.tsp	0.65	257973	257973	35526
kroB100.tsp	0.64	257973	257973	34228
kroB100.tsp	0.67	257973	257973	35393
kroB100.tsp	0.67	257973	257973	30791
kroB100.tsp	0.65	257973	257973	34102
kroB100.tsp	0.65	257973	257973	34673
kroB150.tsp	0.90	257973	257973	46426
kroB150.tsp	0.92	257973	257973	47919
kroB150.tsp	0.90	257973	257973	44007
kroB150.tsp	0.90	257973	257973	45150
kroB150.tsp	0.90	257973	257973	40796
kroB150.tsp	0.90	257973	257973	46580
kroB150.tsp	0.90	257973	257973	45744
kroB150.tsp	0.92	257973	257973	44054
kroB150.tsp	0.90	257973	257973	49276
kroB150.tsp	0.90	257973	257973	45133
kroB200.tsp	1.14	257973	257973	63546
kroB200.tsp	1.14	257973	257973	61591
kroB200.tsp	1.14	257973	257973	60509
kroB200.tsp	1.14	257973	257973	60102
kroB200.tsp	1.13	257973	257973	60834
kroB200.tsp	1.14	257973	257973	60525
kroB200.tsp	1.13	257973	257973	64505
kroB200.tsp	1.15	257973	257973	65312
kroB200.tsp	1.13	257973	257973	59728
kroB200.tsp	1.14	257973	257973	55715
kroC100.tsp	0.66	257973	257973	32540
kroC100.tsp	0.65	257973	257973	35548
kroC100.tsp	0.66	257973	257973	35005
kroC100.tsp	0.64	257973	257973	33789
kroC100.tsp	0.65	257973	257973	34425
kroC100.tsp	0.64	257973	257973	35271
kroC100.tsp	0.66	257973	257973	33588
kroC100.tsp	0.66	257973	257973	33558
kroC100.tsp	0.65	257973	257973	34341
kroC100.tsp	0.64	257973	257973	34686
kroD100.tsp	0.65	257973	257973	34256
kroD100.tsp	0.65	257973	257973	33500
kroD100.tsp	0.72	257973	257973	32790
kroD100.tsp	0.67	257973	257973	33238
kroD100.tsp	0.65	257973	257973	33650
kroD100.tsp	0.66	257973	257973	31873
kroD100.tsp	0.66	257973	257973	32357
kroD100.tsp	0.65	257973	257973	29853
kroD100.tsp	0.65	257973	257973	28287
kroD100.tsp	0.66	257973	257973	33227
kroE100.tsp	0.67	257973	257973	32605
kroE100.tsp	0.65	257973	257973	32675
kroE100.tsp	0.66	257973	257973	34663
kroE100.tsp	0.66	257973	257973	38060
kroE100.tsp	0.66	257973	257973	39050
kroE100.tsp	0.66	257973	257973	33638
kroE100.tsp	0.65	257973	257973	31464
kroE100.tsp	0.66	257973	257973	33793
kroE100.tsp	0.64	257973	257973	31622
kroE100.tsp	0.66	257973	257973	34498
lin105.tsp	0.67	257973	257973	24417
lin105.tsp	0.69	257973	257973	21588
lin105.tsp	0.70	257973	257973	21127
lin105.tsp	0.67	257973	257973	21420
lin105.tsp	0.68	257973	257973	23234
lin105.tsp	0.67	257973	257973	22660
lin105.tsp	0.66	257973	257973	20736
lin105.tsp	0.67	257973	257973	25093
lin105.tsp	0.67	257973	257973	23345
lin105.tsp	0.67	257973	257973	22026
lin318.tsp	1.71	257973	257973	114035
lin318.tsp	1.70	257973	257973	110900
lin318.tsp	1.70	257973	257973	105034
lin318.tsp	1.70	257973	257973	108002
lin318.tsp	1.71	257973	257973	110972
lin318.tsp	1.72	257973	257973	107290
lin318.tsp	1.71	257973	257973	117357
lin318.tsp	1.70	257973	257973	103021
lin318.tsp	2.06	257973	257973	110064
lin318.tsp	1.70	257973	257973	110336
linhp318.tsp	1.72	257973	257973	112884
linhp318.tsp	1.70	257973	257973	112984
linhp318.tsp	1.70	257973	257973	110874
linhp318.tsp	1.70	257973	257973	112466
linhp318.tsp	1.70	257973	257973	109226
linhp318.tsp	1.72	257973	257973	99139
linhp318.tsp	1.71	257973	257973	105886
linhp318.tsp	1.70	257973	257973	109739
linhp318.tsp	1.76	257973	257973	114881
linhp318.tsp	1.71	257973	257973	110798
pr107.tsp	0.68	257973	257973	92596
pr107.tsp	0.68	257973	257973	98042
pr107.tsp	0.72	257973	257973	98622
pr107.tsp	0.68	257973	257973	85207
pr107.tsp	0.68	257973	257973	104059
pr107.tsp	0.68	257973	257973	99805
pr107.tsp	0.68	257973	257973	83601
pr107.tsp	0.68	257973	257973	71831
pr107.tsp	0.68	257973	257973	85410
pr107.tsp	0.68	257973	257973	83962
pr124.tsp	0.76	257973	257973	131827
pr124.tsp	0.76	257973	257973	109918
pr124.tsp	0.76	257973	257973	115063
pr124.tsp	0.76	257973	257973	133684
pr124.tsp	0.76	257973	257973	115614
pr124.tsp	0.76	257973	257973	115947
pr124.tsp	0.77	257973	257973	107119
pr124.tsp	0.76	257973	257973	123282
pr124.tsp	0.76	257973	257973	128613
pr124.tsp	0.78	257973	257973	112345
pr136.tsp	0.83	257973	257973	163724
pr136.tsp	0.83	257973	257973	163976
pr136.tsp	0.84	257973	257973	151399
pr136.tsp	0.86	257973	257973	170386
pr136.tsp	0.83	257973	257973	152465
pr136.tsp	0.83	257973	257973	162880
pr136.tsp	0.84	257973	257973	166523
pr136.tsp	0.83	257973	257973	170468
pr136.tsp	0.83	257973	257973	158991
pr136.tsp	0.84	257973	257973	171861
pr144.tsp	0.87	257973	257973	168276
pr144.tsp	0.86	257973	257973	132427
pr144.tsp	0.87	257973	257973	150643
pr144.tsp	0.92	257973	257973	140622
pr144.tsp	0.86	257973	257973	126598
pr144.tsp	0.87	257973	257973	144291
pr144.tsp	0.87	257973	257973	139677
pr144.tsp	0.87	257973	257973	157988
pr144.tsp	0.87	257973	257973	135382
pr144.tsp	0.86	257973	257973	132405
pr152.tsp	0.90	257973	257973	180795
pr152.tsp	0.90	257973	257973	201829
pr152.tsp	0.91	257973	257973	175544
pr152.tsp	0.90	257973	257973	177372
pr152.tsp	0.90	257973	257973	195877
pr152.tsp	0.90	257973	257973	193575
pr152.tsp	0.91	257973	257973	197561
pr152.tsp	0.91	257973	257973	168045
pr152.tsp	0.90	257973	257973	209534
pr152.tsp	0.90	257973	257973	182599
pr226.tsp	1.26	257973	257973	250258
pr226.tsp	1.26	257973	257973	290791
pr226.tsp	1.32	257973	257973	280251
pr226.tsp	1.26	257973	257973	277392
pr226.tsp	1.26	257973	257973	285187
pr226.tsp	1.26	257973	257973	264389
pr226.tsp	1.26	257973	257973	281706
pr226.tsp	1.26	257973	257973	287633
pr226.tsp	1.26	257973	257973	258855
pr226.tsp	1.26	257973	257973	269668
pr264.tsp	1.44	257973	257973	193081
pr264.tsp	1.43	257973	257973	174426
pr264.tsp	1.43	257973	257973	155623
pr264.tsp	1.44	257973	257973	198701
pr264.tsp	1.44	257973	257973	189837
pr264.tsp	1.43	257973	257973	155499
pr264.tsp	1.44	257973	257973	147430
pr264.tsp	1.44	257973	257973	182680
pr264.tsp	1.44	257973	257973	189662
pr264.tsp	1.44	257973	257973	162804
pr299.tsp	1.61	257973	257973	128883
pr299.tsp	1.61	257973	257973	139006
pr299.tsp	1.61	257973	257973	116101
pr299.tsp	1.60	257973	257973	128480
pr299.tsp	1.61	257973	257973	120637
pr299.tsp	1.61	257973	257973	133822
pr299.tsp	1.61	257973	257973	130866
pr299.tsp	1.61	257973	257973	121023
pr299.tsp	1.61	257973	257973	119862
pr299.tsp	1.60	257973	257973	130761
pr439.tsp	2.33	257973	257973	387014
pr439.tsp	2.34	257973	257973	359293
pr439.tsp	2.35	257973	257973	368232
pr439.tsp	2.33	257973	257973	359521
pr439.tsp	3.04	257973	257973	373530
pr439.tsp	2.34	257973	257973	349288
pr439.tsp	2.34	257973	257973	369272
pr439.tsp	2.34	257973	257973	370420
pr439.tsp	2.34	257973	257973	350592
pr439.tsp	2.43	257973	257973	355095
pr76.tsp	0.53	257973	257973	140506
pr76.tsp	0.54	257973	257973	139805
pr76.tsp	0.60	257973	257973	135845
pr76.tsp	0.54	257973	257973	147303
pr76.tsp	0.53	257973	257973	150167
pr76.tsp	0.54	257973	257973	145602
pr76.tsp	0.54	257973	257973	143629
pr76.tsp	0.55	257973	257973	134148
pr76.tsp	0.54	257973	257973	134998
pr76.tsp	0.53	257973	257973	131161
rat575.tsp	3.23	257973	257973	21857
rat575.tsp	3.24	257973	257973	20110
rat575.tsp	3.23	257973	257973	23552
rat575.tsp	3.23	257973	257973	23169
rat575.tsp	3.23	257973	257973	20768
rat575.tsp	3.24	257973	257973	21705
rat575.tsp	3.23	257973	257973	21553
rat575.tsp	3.23	257973	257973	21835
rat575.tsp	3.20	257973	257973	21918
rat575.tsp	3.25	257973	257973	22930
rat783.tsp	4.47	257973	257973	38389
rat783.tsp	4.52	257973	257973	35914
rat783.tsp	4.54	257973	257973	35109
rat783.tsp	5.59	257973	257973	34140
rat783.tsp	4.53	257973	257973	37236
rat783.tsp	4.48	257973	257973	37541
rat783.tsp	4.50	257973	257973	37761
rat783.tsp	4.50	257973	257973	35748
rat783.tsp	4.52	257973	257973	37210
rat783.tsp	4.54	257973	257973	37078
rat99.tsp	0.74	257973	257973	1669
rat99.tsp	0.65	257973	257973	1786
rat99.tsp	0.65	257973	257973	1716
rat99.tsp	0.65	257973	257973	1755
rat99.tsp	0.65	257973	257973	1817
rat99.tsp	0.65	257973	257973	1710
rat99.tsp	0.65	257973	257973	1712
rat99.tsp	0.65	257973	257973	1644
rat99.tsp	0.65	257973	257973	1651
rat99.tsp	0.70	257973	257973	1728
