a280.tsp	5.09	859937	859937	5407
a280.tsp	5.08	859937	859937	4806
a280.tsp	5.09	859937	859937	4869
a280.tsp	5.10	859937	859937	5062
a280.tsp	5.09	859937	859937	5502
a280.tsp	5.09	859937	859937	4868
a280.tsp	5.10	859937	859937	4879
a280.tsp	5.08	859937	859937	5481
a280.tsp	5.07	859937	859937	5226
a280.tsp	5.06	859937	859937	5297
berlin52.tsp	1.43	859937	859937	8191
berlin52.tsp	1.44	859937	859937	8160
berlin52.tsp	1.43	859937	859937	8272
berlin52.tsp	1.43	859937	859937	8627
berlin52.tsp	1.44	859937	859937	8312
berlin52.tsp	1.47	859937	859937	8188
berlin52.tsp	1.42	859937	859937	8644
berlin52.tsp	1.43	859937	859937	8062
berlin52.tsp	1.43	859937	859937	8599
berlin52.tsp	1.42	859937	859937	9166
bier127.tsp	2.63	859937	859937	144241
bier127.tsp	2.61	859937	859937	148342
bier127.tsp	2.63	859937	859937	155968
bier127.tsp	2.68	859937	859937	156880
bier127.tsp	2.64	859937	859937	152334
bier127.tsp	2.65	859937	859937	151249
bier127.tsp	2.63	859937	859937	153489
bier127.tsp	2.70	859937	859937	148653
bier127.tsp	2.61	859937	859937	159841
bier127.tsp	2.65	859937	859937	156373
eil101.tsp	2.22	859937	859937	724
eil101.tsp	2.20	859937	859937	763
eil101.tsp	2.22	859937	859937	709
eil101.tsp	2.22	859937	859937	741
eil101.tsp	2.25	859937	859937	755
eil101.tsp	2.20	859937	859937	715
eil101.tsp	2.20	859937	859937	754
eil101.tsp	2.20	859937	859937	762
eil101.tsp	2.21	859937	859937	800
eil101.tsp	2.22	859937	859937	759
eil51.tsp	1.44	859937	859937	473
eil51.tsp	1.45	859937	859937	462
eil51.tsp	1.44	859937	859937	453
eil51.tsp	1.43	859937	859937	447
eil51.tsp	1.40	859937	859937	441
eil51.tsp	1.44	859937	859937	477
eil51.tsp	1.42	859937	859937	452
eil51.tsp	1.45	859937	859937	454
eil51.tsp	1.43	859937	859937	457
eil51.tsp	1.38	859937	859937	455
eil76.tsp	1.82	859937	859937	636
eil76.tsp	2.13	859937	859937	633
eil76.tsp	1.82	859937	859937	599
eil76.tsp	1.83	859937	859937	605
eil76.tsp	1.81	859937	859937	624
eil76.tsp	1.80	859937	859937	620
eil76.tsp	1.81	859937	859937	618
eil76.tsp	1.82	859937	859937	625
eil76.tsp	1.81	859937	859937	625
eil76.tsp	1.80	859937	859937	635
gil262.tsp	4.78	859937	859937	4135
gil262.tsp	4.78	859937	859937	4488
gil262.tsp	4.77	859937	859937	4285
gil262.tsp	4.77	859937	859937	4114
gil262.tsp	4.76	859937	859937	4327
gil262.tsp	4.78	859937	859937	4379
gil262.tsp	4.78	859937	859937	4509
gil262.tsp	4.78	859937	859937	4473
gil262.tsp	4.86	859937	859937	4406
gil262.tsp	4.80	859937	859937	4532
kroA100.tsp	2.21	859937	859937	28563
kroA100.tsp	2.17	859937	859937	27996
kroA100.tsp	2.19	859937	859937	31133
kroA100.tsp	2.16	859937	859937	27107
kroA100.tsp	2.28	859937	859937	23339
kroA100.tsp	2.21	859937	859937	30002
kroA100.tsp	2.16	859937	859937	28530
kroA100.tsp	2.14	859937	859937	31202
kroA100.tsp	2.20	859937	859937	28815
kroA100.tsp	2.16	859937	859937	30850
kroA150.tsp	3.04	859937	859937	43583
kroA150.tsp	3.05	859937	859937	39016
kroA150.tsp	3.02	859937	859937	41343
kroA150.tsp	3.02	859937	859937	42086
kroA150.tsp	3.00	859937	859937	42779
kroA150.tsp	2.99	859937	859937	44051
kroA150.tsp	2.98	859937	859937	40544
kroA150.tsp	3.01	859937	859937	41155
kroA150.tsp	3.01	859937	859937	42177
kroA150.tsp	3.04	859937	859937	39602
kroA200.tsp	3.82	859937	859937	50994
kroA200.tsp	3.78	859937	859937	52110
kroA200.tsp	3.78	859937	859937	53536
kroA200.tsp	3.79	859937	859937	52412
kroA200.tsp	3.78	859937	859937	52886
kroA200.tsp	3.78	859937	859937	53442
kroA200.tsp	3.81	859937	859937	54454
kroA200.tsp	3.80	859937	859937	49826
kroA200.tsp	3.79	859937	859937	50323
kroA200.tsp	4.20	859937	859937	48727
kroB100.tsp	2.17	859937	859937	29934
kroB100.tsp	2.21	859937	859937	29541
kroB100.tsp	2.17	859937	859937	32312
kroB100.tsp	2.16	859937	859937	28363
kroB100.tsp	2.15	859937	859937	30394
kroB100.tsp	2.18	859937	859937	28115
kroB100.tsp	2.25	859937	859937	29429
kroB100.tsp	2.19	859937	859937	28310
kroB100.tsp	2.20	859937	859937	33160
kroB100.tsp	2.15	859937	859937	32996
kroB150.tsp	3.00	859937	859937	42863
kroB150.tsp	3.03	859937	859937	42060
kroB150.tsp	3.00	859937	859937	38059
kroB150.tsp	3.01	859937	859937	40286
kroB150.tsp	2.99	859937	859937	41696
kroB150.tsp	3.00	859937	859937	43630
kroB150.tsp	2.98	859937	859937	40982
kroB150.tsp	3.02	859937	859937	42790
kroB150.tsp	3.02	859937	859937	39559
kroB150.tsp	3.04	859937	859937	38740
kroB200.tsp	3.78	859937	859937	52832
kroB200.tsp	3.80	859937	859937	51994
kroB200.tsp	3.80	859937	859937	45980
kroB200.tsp	3.83	859937	859937	48033
kroB200.tsp	3.84	859937	859937	52523
kroB200.tsp	3.79	859937	859937	52640
kroB200.tsp	3.79	859937	859937	55512
kroB200.tsp	3.82	859937	859937	53761
kroB200.tsp	3.82	859937	859937	60103
kroB200.tsp	3.79	859937	859937	49211
kroC100.tsp	2.19	859937	859937	29188
kroC100.tsp	2.21	859937	859937	27800
kroC100.tsp	2.20	859937	859937	27757
kroC100.tsp	2.16	859937	859937	30258
kroC100.tsp	2.16	859937	859937	30739
kroC100.tsp	2.20	859937	859937	29199
kroC100.tsp	2.35	859937	859937	33078
kroC100.tsp	2.17	859937	859937	28143
kroC100.tsp	2.18	859937	859937	29347
kroC100.tsp	2.14	859937	859937	28835
kroD100.tsp	2.25	859937	859937	29821
kroD100.tsp	2.20	859937	859937	30621
kroD100.tsp	2.19	859937	859937	24796
kroD100.tsp	2.21	859937	859937	31411
kroD100.tsp	2.20	859937	859937	27805
kroD100.tsp	2.22	859937	859937	29098
kroD100.tsp	2.18	859937	859937	32405
kroD100.tsp	2.20	859937	859937	28999
kroD100.tsp	2.21	859937	859937	31445
kroD100.tsp	2.20	859937	859937	28468
kroE100.tsp	2.14	859937	859937	29681
kroE100.tsp	2.13	859937	859937	27869
kroE100.tsp	2.14	859937	859937	32324
kroE100.tsp	2.19	859937	859937	33028
kroE100.tsp	2.17	859937	859937	29092
kroE100.tsp	2.13	859937	859937	28785
kroE100.tsp	2.20	859937	859937	32031
kroE100.tsp	2.20	859937	859937	32723
kroE100.tsp	2.14	859937	859937	30555
kroE100.tsp	2.20	859937	859937	28753
lin105.tsp	2.21	859937	859937	21101
lin105.tsp	2.29	859937	859937	20983
lin105.tsp	2.26	859937	859937	20361
lin105.tsp	2.25	859937	859937	20706
lin105.tsp	2.21	859937	859937	19019
lin105.tsp	2.22	859937	859937	19409
lin105.tsp	2.22	859937	859937	21443
lin105.tsp	2.21	859937	859937	18091
lin105.tsp	2.26	859937	859937	18110
lin105.tsp	2.26	859937	859937	18991
lin318.tsp	5.67	859937	859937	90265
lin318.tsp	5.67	859937	859937	90478
lin318.tsp	5.72	859937	859937	92887
lin318.tsp	5.66	859937	859937	87675
lin318.tsp	5.67	859937	859937	90389
lin318.tsp	5.68	859937	859937	94169
lin318.tsp	5.67	859937	859937	88810
lin318.tsp	5.69	859937	859937	88623
lin318.tsp	5.66	859937	859937	100466
lin318.tsp	5.68	859937	859937	89853
linhp318.tsp	5.73	859937	859937	84580
linhp318.tsp	5.68	859937	859937	97659
linhp318.tsp	5.67	859937	859937	86339
linhp318.tsp	5.71	859937	859937	90911
linhp318.tsp	5.76	859937	859937	92163
linhp318.tsp	5.72	859937	859937	91459
linhp318.tsp	5.72	859937	859937	87821
linhp318.tsp	5.66	859937	859937	95349
linhp318.tsp	5.67	859937	859937	89684
linhp318.tsp	5.68	859937	859937	90548
pr107.tsp	2.27	859937	859937	86041
pr107.tsp	2.26	859937	859937	67452
pr107.tsp	2.28	859937	859937	72737
pr107.tsp	2.27	859937	859937	71428
pr107.tsp	2.27	859937	859937	64814
pr107.tsp	2.26	859937	859937	84179
pr107.tsp	2.27	859937	859937	80558
pr107.tsp	2.26	859937	859937	68871
pr107.tsp	2.28	859937	859937	80163
pr107.tsp	2.28	859937	859937	67768
pr124.tsp	2.56	859937	859937	105380
pr124.tsp	2.54	859937	859937	99588
pr124.tsp	2.58	859937	859937	114278
pr124.tsp	2.55	859937	859937	81320
pr124.tsp	2.53	859937	859937	87184
pr124.tsp	2.54	859937	859937	105470
pr124.tsp	2.52	859937	859937	94048
pr124.tsp	2.57	859937	859937	100313
pr124.tsp	2.52	859937	859937	86946
pr124.tsp	2.55	859937	859937	92096
pr136.tsp	2.77	859937	859937	147535
pr136.tsp	2.82	859937	859937	130622
pr136.tsp	2.82	859937	859937	158658
pr136.tsp	2.78	859937	859937	138048
pr136.tsp	2.76	859937	859937	143340
pr136.tsp	2.79	859937	859937	138360
pr136.tsp	2.77	859937	859937	131165
pr136.tsp	2.80	859937	859937	147799
pr136.tsp	2.76	859937	859937	151755
pr136.tsp	2.77	859937	859937	147547
pr144.tsp	2.89	859937	859937	112839
pr144.tsp	2.90	859937	859937	117782
pr144.tsp	2.92	859937	859937	129902
pr144.tsp	2.91	859937	859937	120644
pr144.tsp	2.90	859937	859937	117684
pr144.tsp	2.92	859937	859937	119377
pr144.tsp	2.90	859937	859937	107883
pr144.tsp	2.88	859937	859937	108120
pr144.tsp	2.90	859937	859937	112989
pr144.tsp	2.91	859937	859937	118362
pr152.tsp	3.05	859937	859937	135938
pr152.tsp	3.05	859937	859937	163716
pr152.tsp	3.04	859937	859937	150048
pr152.tsp	3.03	859937	859937	168776
pr152.tsp	3.02	859937	859937	180851
pr152.tsp	3.03	859937	859937	123019
pr152.tsp	3.00	859937	859937	141267
pr152.tsp	3.02	859937	859937	161459
pr152.tsp	3.03	859937	859937	154303
pr152.tsp	3.03	859937	859937	164112
pr226.tsp	4.22	859937	859937	207778
pr226.tsp	4.25	859937	859937	190675
pr226.tsp	4.34	859937	859937	236479
pr226.tsp	4.20	859937	859937	225403
pr226.tsp	4.20	859937	859937	238154
pr226.tsp	4.24	859937	859937	226681
pr226.tsp	4.20	859937	859937	209059
pr226.tsp	4.21	859937	859937	221790
pr226.tsp	4.23	859937	859937	224046
pr226.tsp	4.23	859937	859937	218306
pr264.tsp	4.76	859937	859937	141844
pr264.tsp	4.76	859937	859937	158738
pr264.tsp	4.79	859937	859937	135810
pr264.tsp	4.77	859937	859937	117408
pr264.tsp	4.78	859937	859937	132474
pr264.tsp	4.75	859937	859937	132651
pr264.tsp	4.77	859937	859937	170261
pr264.tsp	4.78	859937	859937	147754
pr264.tsp	4.78	859937	859937	148493
pr264.tsp	4.78	859937	859937	157360
pr299.tsp	5.34	859937	859937	105551
pr299.tsp	5.33	859937	859937	112497
pr299.tsp	5.36	859937	859937	101541
pr299.tsp	5.36	859937	859937	113849
pr299.tsp	5.36	859937	859937	109263
pr299.tsp	5.87	859937	859937	93492
pr299.tsp	5.36	859937	859937	109176
pr299.tsp	5.36	859937	859937	95334
pr299.tsp	5.37	859937	859937	105285
pr299.tsp	5.35	859937	859937	116449
pr439.tsp	7.81	859937	859937	289245
pr439.tsp	7.83	859937	859937	279056
pr439.tsp	7.78	859937	859937	324542
pr439.tsp	7.82	859937	859937	308452
pr439.tsp	7.76	859937	859937	321737
pr439.tsp	7.79	859937	859937	282928
pr439.tsp	7.76	859937	859937	289440
pr439.tsp	7.84	859937	859937	283711
pr439.tsp	7.76	859937	859937	298950
pr439.tsp	7.81	859937	859937	262604
pr76.tsp	1.78	859937	859937	133535
pr76.tsp	1.81	859937	859937	125129
pr76.tsp	1.82	859937	859937	126486
pr76.tsp	2.11	859937	859937	128562
pr76.tsp	1.80	859937	859937	126806
pr76.tsp	1.81	859937	859937	132832
pr76.tsp	1.80	859937	859937	141592
pr76.tsp	1.77	859937	859937	139771
pr76.tsp	1.82	859937	859937	137096
pr76.tsp	1.78	859937	859937	123507
rat575.tsp	10.81	859937	859937	17424
rat575.tsp	10.78	859937	859937	17263
rat575.tsp	10.79	859937	859937	16441
rat575.tsp	10.81	859937	859937	16204
rat575.tsp	10.81	859937	859937	16925
rat575.tsp	10.72	859937	859937	15901
rat575.tsp	10.78	859937	859937	15692
rat575.tsp	10.76	859937	859937	17663
rat575.tsp	10.74	859937	859937	15815
rat575.tsp	10.79	859937	859937	16198
rat783.tsp	15.10	859937	859937	27490
rat783.tsp	15.14	859937	859937	28807
rat783.tsp	15.09	859937	859937	28289
rat783.tsp	15.13	859937	859937	30385
rat783.tsp	15.11	859937	859937	27376
rat783.tsp	15.00	859937	859937	26806
rat783.tsp	14.96	859937	859937	28890
rat783.tsp	15.06	859937	859937	27682
rat783.tsp	15.17	859937	859937	28888
rat783.tsp	15.10	859937	859937	26735
rat99.tsp	2.24	859937	859937	1487
rat99.tsp	2.17	859937	859937	1606
rat99.tsp	2.16	859937	859937	1485
rat99.tsp	2.16	859937	859937	1420
rat99.tsp	2.16	859937	859937	1530
rat99.tsp	2.19	859937	859937	1432
rat99.tsp	2.15	859937	859937	1646
rat99.tsp	2.16	859937	859937	1496
rat99.tsp	2.17	859937	859937	1462
rat99.tsp	2.17	859937	859937	1559
