a280.tsp	14.90	2532832	2532832	4315
a280.tsp	14.97	2532832	2532832	4525
a280.tsp	14.92	2532832	2532832	4397
a280.tsp	14.91	2532832	2532832	4320
a280.tsp	14.93	2532832	2532832	4351
a280.tsp	15.01	2532832	2532832	4522
a280.tsp	14.97	2532832	2532832	4514
a280.tsp	14.91	2532832	2532832	4252
a280.tsp	14.92	2532832	2532832	4757
a280.tsp	14.92	2532832	2532832	4639
berlin52.tsp	4.18	2532832	2532832	7930
berlin52.tsp	4.20	2532832	2532832	8188
berlin52.tsp	4.26	2532832	2532832	8170
berlin52.tsp	4.18	2532832	2532832	8357
berlin52.tsp	4.24	2532832	2532832	8362
berlin52.tsp	4.21	2532832	2532832	7761
berlin52.tsp	4.20	2532832	2532832	8212
berlin52.tsp	4.27	2532832	2532832	8395
berlin52.tsp	4.17	2532832	2532832	8130
berlin52.tsp	4.21	2532832	2532832	8196
bier127.tsp	7.72	2532832	2532832	146737
bier127.tsp	7.70	2532832	2532832	144030
bier127.tsp	7.74	2532832	2532832	137407
bier127.tsp	7.73	2532832	2532832	148254
bier127.tsp	7.75	2532832	2532832	144324
bier127.tsp	7.78	2532832	2532832	145928
bier127.tsp	7.72	2532832	2532832	143452
bier127.tsp	7.77	2532832	2532832	134263
bier127.tsp	7.70	2532832	2532832	138571
bier127.tsp	8.38	2532832	2532832	138794
eil101.tsp	6.40	2532832	2532832	707
eil101.tsp	6.48	2532832	2532832	713
eil101.tsp	6.48	2532832	2532832	697
eil101.tsp	6.48	2532832	2532832	766
eil101.tsp	6.50	2532832	2532832	735
eil101.tsp	6.48	2532832	2532832	664
eil101.tsp	6.53	2532832	2532832	693
eil101.tsp	6.49	2532832	2532832	721
eil101.tsp	6.46	2532832	2532832	705
eil101.tsp	6.47	2532832	2532832	704
eil51.tsp	4.16	2532832	2532832	455
eil51.tsp	4.23	2532832	2532832	453
eil51.tsp	5.16	2532832	2532832	454
eil51.tsp	4.15	2532832	2532832	448
eil51.tsp	4.21	2532832	2532832	428
eil51.tsp	4.23	2532832	2532832	438
eil51.tsp	4.18	2532832	2532832	435
eil51.tsp	4.16	2532832	2532832	460
eil51.tsp	4.20	2532832	2532832	437
eil51.tsp	4.12	2532832	2532832	437
eil76.tsp	5.34	2532832	2532832	550
eil76.tsp	5.36	2532832	2532832	561
eil76.tsp	5.36	2532832	2532832	593
eil76.tsp	5.32	2532832	2532832	603
eil76.tsp	5.33	2532832	2532832	588
eil76.tsp	5.28	2532832	2532832	582
eil76.tsp	5.36	2532832	2532832	581
eil76.tsp	5.33	2532832	2532832	597
eil76.tsp	5.34	2532832	2532832	573
eil76.tsp	5.34	2532832	2532832	597
gil262.tsp	14.00	2532832	2532832	3797
gil262.tsp	14.07	2532832	2532832	3817
gil262.tsp	14.07	2532832	2532832	3716
gil262.tsp	13.98	2532832	2532832	3850
gil262.tsp	14.07	2532832	2532832	3731
gil262.tsp	13.99	2532832	2532832	3344
gil262.tsp	14.06	2532832	2532832	3717
gil262.tsp	14.00	2532832	2532832	3861
gil262.tsp	14.06	2532832	2532832	3656
gil262.tsp	14.04	2532832	2532832	3544
kroA100.tsp	6.46	2532832	2532832	25863
kroA100.tsp	6.38	2532832	2532832	26668
kroA100.tsp	6.31	2532832	2532832	27690
kroA100.tsp	6.32	2532832	2532832	27998
kroA100.tsp	6.44	2532832	2532832	27826
kroA100.tsp	6.28	2532832	2532832	25875
kroA100.tsp	6.45	2532832	2532832	25397
kroA100.tsp	6.33	2532832	2532832	26295
kroA100.tsp	6.32	2532832	2532832	27654
kroA100.tsp	6.30	2532832	2532832	27731
kroA150.tsp	8.82	2532832	2532832	35250
kroA150.tsp	8.86	2532832	2532832	36486
kroA150.tsp	8.82	2532832	2532832	37905
kroA150.tsp	8.84	2532832	2532832	39314
kroA150.tsp	8.86	2532832	2532832	38476
kroA150.tsp	8.78	2532832	2532832	35679
kroA150.tsp	8.82	2532832	2532832	36633
kroA150.tsp	8.88	2532832	2532832	36209
kroA150.tsp	8.80	2532832	2532832	39133
kroA150.tsp	8.79	2532832	2532832	36774
kroA200.tsp	11.15	2532832	2532832	44907
kroA200.tsp	11.30	2532832	2532832	47478
kroA200.tsp	11.07	2532832	2532832	49058
kroA200.tsp	11.20	2532832	2532832	44652
kroA200.tsp	11.19	2532832	2532832	48493
kroA200.tsp	11.05	2532832	2532832	44240
kroA200.tsp	11.14	2532832	2532832	42389
kroA200.tsp	11.21	2532832	2532832	43442
kroA200.tsp	11.19	2532832	2532832	45390
kroA200.tsp	11.14	2532832	2532832	45802
kroB100.tsp	6.49	2532832	2532832	26204
kroB100.tsp	6.44	2532832	2532832	25827
kroB100.tsp	6.34	2532832	2532832	27090
kroB100.tsp	6.32	2532832	2532832	27955
kroB100.tsp	6.47	2532832	2532832	26809
kroB100.tsp	6.45	2532832	2532832	29261
kroB100.tsp	6.33	2532832	2532832	25790
kroB100.tsp	6.42	2532832	2532832	25564
kroB100.tsp	6.45	2532832	2532832	26340
kroB100.tsp	6.44	2532832	2532832	26352
kroB150.tsp	8.82	2532832	2532832	32295
kroB150.tsp	8.78	2532832	2532832	36141
kroB150.tsp	8.82	2532832	2532832	36026
kroB150.tsp	8.83	2532832	2532832	33458
kroB150.tsp	8.85	2532832	2532832	36041
kroB150.tsp	8.78	2532832	2532832	37444
kroB150.tsp	8.79	2532832	2532832	41480
kroB150.tsp	8.82	2532832	2532832	35634
kroB150.tsp	8.78	2532832	2532832	35902
kroB150.tsp	8.74	2532832	2532832	35617
kroB200.tsp	11.16	2532832	2532832	44414
kroB200.tsp	11.25	2532832	2532832	47075
kroB200.tsp	11.16	2532832	2532832	48844
kroB200.tsp	11.13	2532832	2532832	46599
kroB200.tsp	11.10	2532832	2532832	41804
kroB200.tsp	11.14	2532832	2532832	43950
kroB200.tsp	11.22	2532832	2532832	42109
kroB200.tsp	11.16	2532832	2532832	41676
kroB200.tsp	11.18	2532832	2532832	42733
kroB200.tsp	12.70	2532832	2532832	44120
kroC100.tsp	6.43	2532832	2532832	23752
kroC100.tsp	6.36	2532832	2532832	28086
kroC100.tsp	6.28	2532832	2532832	27294
kroC100.tsp	6.37	2532832	2532832	27559
kroC100.tsp	6.36	2532832	2532832	26900
kroC100.tsp	6.31	2532832	2532832	28820
kroC100.tsp	6.32	2532832	2532832	28098
kroC100.tsp	6.32	2532832	2532832	26014
kroC100.tsp	6.40	2532832	2532832	25904
kroC100.tsp	6.43	2532832	2532832	26304
kroD100.tsp	6.39	2532832	2532832	27113
kroD100.tsp	6.44	2532832	2532832	24691
kroD100.tsp	6.43	2532832	2532832	26764
kroD100.tsp	6.31	2532832	2532832	26762
kroD100.tsp	6.48	2532832	2532832	26585
kroD100.tsp	6.53	2532832	2532832	25493
kroD100.tsp	6.43	2532832	2532832	26904
kroD100.tsp	6.35	2532832	2532832	25573
kroD100.tsp	6.45	2532832	2532832	25562
kroD100.tsp	6.39	2532832	2532832	26327
kroE100.tsp	6.45	2532832	2532832	24669
kroE100.tsp	6.47	2532832	2532832	26532
kroE100.tsp	6.43	2532832	2532832	29842
kroE100.tsp	6.35	2532832	2532832	25874
kroE100.tsp	6.30	2532832	2532832	26094
kroE100.tsp	6.40	2532832	2532832	28598
kroE100.tsp	6.33	2532832	2532832	26151
kroE100.tsp	6.50	2532832	2532832	28251
kroE100.tsp	7.23	2532832	2532832	25814
kroE100.tsp	6.31	2532832	2532832	26425
lin105.tsp	6.62	2532832	2532832	18193
lin105.tsp	6.60	2532832	2532832	18537
lin105.tsp	6.69	2532832	2532832	18610
lin105.tsp	6.61	2532832	2532832	18962
lin105.tsp	6.59	2532832	2532832	16929
lin105.tsp	6.60	2532832	2532832	19231
lin105.tsp	6.66	2532832	2532832	18770
lin105.tsp	6.99	2532832	2532832	18297
lin105.tsp	6.49	2532832	2532832	18912
lin105.tsp	6.51	2532832	2532832	17343
lin318.tsp	16.63	2532832	2532832	75012
lin318.tsp	16.68	2532832	2532832	83416
lin318.tsp	16.71	2532832	2532832	95131
lin318.tsp	16.70	2532832	2532832	82220
lin318.tsp	16.66	2532832	2532832	80107
lin318.tsp	16.70	2532832	2532832	78391
lin318.tsp	16.67	2532832	2532832	85317
lin318.tsp	16.62	2532832	2532832	75059
lin318.tsp	16.69	2532832	2532832	90955
lin318.tsp	16.67	2532832	2532832	83118
linhp318.tsp	16.66	2532832	2532832	81404
linhp318.tsp	17.18	2532832	2532832	79623
linhp318.tsp	16.66	2532832	2532832	79617
linhp318.tsp	16.60	2532832	2532832	76879
linhp318.tsp	16.61	2532832	2532832	81591
linhp318.tsp	16.65	2532832	2532832	78686
linhp318.tsp	16.67	2532832	2532832	79616
linhp318.tsp	16.66	2532832	2532832	78374
linhp318.tsp	16.70	2532832	2532832	78708
linhp318.tsp	16.66	2532832	2532832	75180
pr107.tsp	6.78	2532832	2532832	80527
pr107.tsp	6.70	2532832	2532832	67153
pr107.tsp	6.67	2532832	2532832	77344
pr107.tsp	6.67	2532832	2532832	62049
pr107.tsp	6.68	2532832	2532832	63717
pr107.tsp	6.69	2532832	2532832	64746
pr107.tsp	6.68	2532832	2532832	53741
pr107.tsp	6.75	2532832	2532832	80921
pr107.tsp	6.75	2532832	2532832	64609
pr107.tsp	6.73	2532832	2532832	60393
pr124.tsp	7.49	2532832	2532832	88983
pr124.tsp	7.48	2532832	2532832	74959
pr124.tsp	7.52	2532832	2532832	97360
pr124.tsp	7.42	2532832	2532832	86413
pr124.tsp	7.45	2532832	2532832	80723
pr124.tsp	7.55	2532832	2532832	79587
pr124.tsp	7.48	2532832	2532832	79171
pr124.tsp	7.52	2532832	2532832	85641
pr124.tsp	7.41	2532832	2532832	90091
pr124.tsp	7.56	2532832	2532832	90576
pr136.tsp	8.14	2532832	2532832	118655
pr136.tsp	8.18	2532832	2532832	120017
pr136.tsp	8.17	2532832	2532832	129597
pr136.tsp	8.16	2532832	2532832	125801
pr136.tsp	8.17	2532832	2532832	129228
pr136.tsp	8.18	2532832	2532832	129348
pr136.tsp	8.22	2532832	2532832	137838
pr136.tsp	8.15	2532832	2532832	134642
pr136.tsp	8.18	2532832	2532832	124604
pr136.tsp	8.19	2532832	2532832	126781
pr144.tsp	8.50	2532832	2532832	101651
pr144.tsp	8.54	2532832	2532832	113092
pr144.tsp	8.52	2532832	2532832	109052
pr144.tsp	8.55	2532832	2532832	103379
pr144.tsp	8.45	2532832	2532832	99702
pr144.tsp	8.60	2532832	2532832	104667
pr144.tsp	8.59	2532832	2532832	116172
pr144.tsp	12.72	2532832	2532832	104769
pr144.tsp	8.58	2532832	2532832	114285
pr144.tsp	8.55	2532832	2532832	106208
pr152.tsp	8.86	2532832	2532832	142398
pr152.tsp	8.97	2532832	2532832	131417
pr152.tsp	8.89	2532832	2532832	123107
pr152.tsp	8.93	2532832	2532832	124333
pr152.tsp	9.99	2532832	2532832	127739
pr152.tsp	8.88	2532832	2532832	138529
pr152.tsp	8.90	2532832	2532832	136243
pr152.tsp	8.88	2532832	2532832	136341
pr152.tsp	8.89	2532832	2532832	120776
pr152.tsp	8.81	2532832	2532832	102919
pr226.tsp	12.47	2532832	2532832	162817
pr226.tsp	12.39	2532832	2532832	200601
pr226.tsp	12.42	2532832	2532832	169608
pr226.tsp	12.65	2532832	2532832	162787
pr226.tsp	12.31	2532832	2532832	185037
pr226.tsp	12.37	2532832	2532832	190105
pr226.tsp	12.40	2532832	2532832	174340
pr226.tsp	12.40	2532832	2532832	188472
pr226.tsp	12.40	2532832	2532832	191638
pr226.tsp	12.33	2532832	2532832	177878
pr264.tsp	14.01	2532832	2532832	111400
pr264.tsp	14.02	2532832	2532832	116540
pr264.tsp	14.02	2532832	2532832	127174
pr264.tsp	13.99	2532832	2532832	115354
pr264.tsp	14.00	2532832	2532832	109156
pr264.tsp	14.08	2532832	2532832	126926
pr264.tsp	13.99	2532832	2532832	127618
pr264.tsp	14.04	2532832	2532832	132214
pr264.tsp	14.01	2532832	2532832	114832
pr264.tsp	14.04	2532832	2532832	129080
pr299.tsp	15.73	2532832	2532832	87516
pr299.tsp	15.73	2532832	2532832	82589
pr299.tsp	15.72	2532832	2532832	94261
pr299.tsp	15.77	2532832	2532832	90626
pr299.tsp	15.70	2532832	2532832	88463
pr299.tsp	15.71	2532832	2532832	90026
pr299.tsp	15.76	2532832	2532832	92155
pr299.tsp	15.69	2532832	2532832	93182
pr299.tsp	15.72	2532832	2532832	99774
pr299.tsp	15.79	2532832	2532832	91903
pr439.tsp	22.83	2532832	2532832	240692
pr439.tsp	22.91	2532832	2532832	248885
pr439.tsp	22.92	2532832	2532832	276343
pr439.tsp	22.84	2532832	2532832	245255
pr439.tsp	26.86	2532832	2532832	249198
pr439.tsp	22.79	2532832	2532832	242269
pr439.tsp	22.86	2532832	2532832	249874
pr439.tsp	22.88	2532832	2532832	257448
pr439.tsp	22.90	2532832	2532832	248126
pr439.tsp	22.85	2532832	2532832	240815
pr76.tsp	5.25	2532832	2532832	125223
pr76.tsp	5.24	2532832	2532832	125004
pr76.tsp	5.74	2532832	2532832	131171
pr76.tsp	5.32	2532832	2532832	129395
pr76.tsp	5.38	2532832	2532832	123653
pr76.tsp	5.36	2532832	2532832	131581
pr76.tsp	5.26	2532832	2532832	120960
pr76.tsp	5.21	2532832	2532832	121365
pr76.tsp	5.35	2532832	2532832	124402
pr76.tsp	5.26	2532832	2532832	123616
rat575.tsp	31.58	2532832	2532832	13322
rat575.tsp	31.47	2532832	2532832	14270
rat575.tsp	31.57	2532832	2532832	13736
rat575.tsp	31.55	2532832	2532832	13787
rat575.tsp	31.64	2532832	2532832	13899
rat575.tsp	31.94	2532832	2532832	13950
rat575.tsp	31.75	2532832	2532832	13811
rat575.tsp	31.55	2532832	2532832	13496
rat575.tsp	31.75	2532832	2532832	14511
rat575.tsp	31.61	2532832	2532832	13626
rat783.tsp	44.15	2532832	2532832	21745
rat783.tsp	44.53	2532832	2532832	22420
rat783.tsp	44.03	2532832	2532832	21573
rat783.tsp	43.95	2532832	2532832	22040
rat783.tsp	44.04	2532832	2532832	22794
rat783.tsp	44.06	2532832	2532832	21105
rat783.tsp	43.96	2532832	2532832	21414
rat783.tsp	43.91	2532832	2532832	21783
rat783.tsp	44.29	2532832	2532832	21394
rat783.tsp	44.39	2532832	2532832	20124
rat99.tsp	6.46	2532832	2532832	1385
rat99.tsp	6.42	2532832	2532832	1497
rat99.tsp	6.40	2532832	2532832	1398
rat99.tsp	6.38	2532832	2532832	1623
rat99.tsp	6.43	2532832	2532832	1400
rat99.tsp	6.42	2532832	2532832	1391
rat99.tsp	6.36	2532832	2532832	1364
rat99.tsp	6.42	2532832	2532832	1361
rat99.tsp	6.42	2532832	2532832	1467
rat99.tsp	6.37	2532832	2532832	1476
