a280.tsp	5.14	863863	863863	4970
a280.tsp	5.18	863863	863863	5287
a280.tsp	5.10	863863	863863	5423
a280.tsp	5.10	863863	863863	4813
a280.tsp	5.14	863863	863863	5041
a280.tsp	5.14	863863	863863	5171
a280.tsp	5.16	863863	863863	5241
a280.tsp	5.12	863863	863863	5241
a280.tsp	5.10	863863	863863	5207
a280.tsp	5.31	863863	863863	5116
berlin52.tsp	1.44	863863	863863	8325
berlin52.tsp	1.45	863863	863863	8312
berlin52.tsp	1.43	863863	863863	8421
berlin52.tsp	1.44	863863	863863	8253
berlin52.tsp	1.44	863863	863863	8421
berlin52.tsp	1.42	863863	863863	8097
berlin52.tsp	1.50	863863	863863	8440
berlin52.tsp	1.47	863863	863863	8191
berlin52.tsp	1.42	863863	863863	8230
berlin52.tsp	1.44	863863	863863	8613
bier127.tsp	2.65	863863	863863	158295
bier127.tsp	2.63	863863	863863	157945
bier127.tsp	2.69	863863	863863	155546
bier127.tsp	2.64	863863	863863	150353
bier127.tsp	2.65	863863	863863	152047
bier127.tsp	2.66	863863	863863	148496
bier127.tsp	2.67	863863	863863	163265
bier127.tsp	2.66	863863	863863	152036
bier127.tsp	2.68	863863	863863	153412
bier127.tsp	2.67	863863	863863	145803
eil101.tsp	2.22	863863	863863	797
eil101.tsp	2.23	863863	863863	717
eil101.tsp	2.21	863863	863863	752
eil101.tsp	2.22	863863	863863	709
eil101.tsp	2.24	863863	863863	748
eil101.tsp	2.21	863863	863863	725
eil101.tsp	2.20	863863	863863	766
eil101.tsp	2.22	863863	863863	731
eil101.tsp	2.22	863863	863863	744
eil101.tsp	2.21	863863	863863	718
eil51.tsp	1.45	863863	863863	468
eil51.tsp	1.43	863863	863863	465
eil51.tsp	1.44	863863	863863	457
eil51.tsp	1.43	863863	863863	461
eil51.tsp	1.45	863863	863863	455
eil51.tsp	1.48	863863	863863	448
eil51.tsp	1.42	863863	863863	473
eil51.tsp	1.46	863863	863863	452
eil51.tsp	1.45	863863	863863	437
eil51.tsp	1.48	863863	863863	474
eil76.tsp	1.83	863863	863863	600
eil76.tsp	1.82	863863	863863	612
eil76.tsp	1.83	863863	863863	621
eil76.tsp	1.82	863863	863863	625
eil76.tsp	1.82	863863	863863	607
eil76.tsp	1.82	863863	863863	598
eil76.tsp	1.84	863863	863863	609
eil76.tsp	1.84	863863	863863	605
eil76.tsp	1.82	863863	863863	591
eil76.tsp	1.81	863863	863863	601
gil262.tsp	4.79	863863	863863	4243
gil262.tsp	4.79	863863	863863	3950
gil262.tsp	4.87	863863	863863	4224
gil262.tsp	4.80	863863	863863	4513
gil262.tsp	4.78	863863	863863	4363
gil262.tsp	4.80	863863	863863	4659
gil262.tsp	4.80	863863	863863	4264
gil262.tsp	4.80	863863	863863	4404
gil262.tsp	4.79	863863	863863	4306
gil262.tsp	4.79	863863	863863	4186
kroA100.tsp	2.20	863863	863863	29916
kroA100.tsp	2.16	863863	863863	31525
kroA100.tsp	2.17	863863	863863	27041
kroA100.tsp	2.16	863863	863863	30486
kroA100.tsp	2.21	863863	863863	30231
kroA100.tsp	2.20	863863	863863	28015
kroA100.tsp	2.19	863863	863863	27677
kroA100.tsp	2.16	863863	863863	29522
kroA100.tsp	2.22	863863	863863	30214
kroA100.tsp	2.22	863863	863863	31440
kroA150.tsp	3.05	863863	863863	38996
kroA150.tsp	3.02	863863	863863	38671
kroA150.tsp	3.07	863863	863863	42719
kroA150.tsp	3.00	863863	863863	41119
kroA150.tsp	3.01	863863	863863	38008
kroA150.tsp	3.00	863863	863863	39144
kroA150.tsp	3.02	863863	863863	39041
kroA150.tsp	3.02	863863	863863	42307
kroA150.tsp	3.00	863863	863863	42796
kroA150.tsp	3.00	863863	863863	43571
kroA200.tsp	3.81	863863	863863	49622
kroA200.tsp	3.84	863863	863863	55977
kroA200.tsp	3.82	863863	863863	51962
kroA200.tsp	3.89	863863	863863	53636
kroA200.tsp	3.83	863863	863863	52152
kroA200.tsp	3.82	863863	863863	49133
kroA200.tsp	3.80	863863	863863	52538
kroA200.tsp	3.85	863863	863863	50959
kroA200.tsp	3.80	863863	863863	53223
kroA200.tsp	3.82	863863	863863	50188
kroB100.tsp	2.26	863863	863863	32185
kroB100.tsp	2.15	863863	863863	27716
kroB100.tsp	2.21	863863	863863	28176
kroB100.tsp	2.16	863863	863863	27731
kroB100.tsp	2.15	863863	863863	33242
kroB100.tsp	2.22	863863	863863	31291
kroB100.tsp	2.21	863863	863863	27382
kroB100.tsp	2.23	863863	863863	32830
kroB100.tsp	2.22	863863	863863	31913
kroB100.tsp	2.16	863863	863863	30282
kroB150.tsp	3.01	863863	863863	40860
kroB150.tsp	3.07	863863	863863	41465
kroB150.tsp	3.01	863863	863863	36722
kroB150.tsp	3.03	863863	863863	41116
kroB150.tsp	3.00	863863	863863	38457
kroB150.tsp	3.04	863863	863863	41342
kroB150.tsp	2.99	863863	863863	37501
kroB150.tsp	3.58	863863	863863	37117
kroB150.tsp	3.03	863863	863863	37670
kroB150.tsp	3.00	863863	863863	38824
kroB200.tsp	3.86	863863	863863	56469
kroB200.tsp	3.60	863863	863863	49788
kroB200.tsp	3.81	863863	863863	53148
kroB200.tsp	3.81	863863	863863	56408
kroB200.tsp	3.82	863863	863863	51020
kroB200.tsp	3.80	863863	863863	53282
kroB200.tsp	3.80	863863	863863	50351
kroB200.tsp	3.85	863863	863863	52343
kroB200.tsp	3.81	863863	863863	46456
kroB200.tsp	3.82	863863	863863	51505
kroC100.tsp	2.20	863863	863863	27589
kroC100.tsp	2.16	863863	863863	30599
kroC100.tsp	2.18	863863	863863	31082
kroC100.tsp	2.17	863863	863863	30425
kroC100.tsp	2.20	863863	863863	26830
kroC100.tsp	2.18	863863	863863	29368
kroC100.tsp	2.21	863863	863863	26005
kroC100.tsp	2.20	863863	863863	30771
kroC100.tsp	2.20	863863	863863	29072
kroC100.tsp	2.19	863863	863863	27660
kroD100.tsp	2.20	863863	863863	31021
kroD100.tsp	2.16	863863	863863	28345
kroD100.tsp	2.26	863863	863863	28432
kroD100.tsp	2.21	863863	863863	31411
kroD100.tsp	2.18	863863	863863	27271
kroD100.tsp	2.23	863863	863863	30285
kroD100.tsp	2.22	863863	863863	27957
kroD100.tsp	2.19	863863	863863	24844
kroD100.tsp	2.16	863863	863863	34044
kroD100.tsp	2.16	863863	863863	28511
kroE100.tsp	2.20	863863	863863	30625
kroE100.tsp	2.20	863863	863863	30963
kroE100.tsp	2.17	863863	863863	31359
kroE100.tsp	2.22	863863	863863	30460
kroE100.tsp	2.26	863863	863863	27803
kroE100.tsp	2.20	863863	863863	28532
kroE100.tsp	2.16	863863	863863	28258
kroE100.tsp	2.40	863863	863863	28620
kroE100.tsp	2.21	863863	863863	30493
kroE100.tsp	2.18	863863	863863	27373
lin105.tsp	2.22	863863	863863	19818
lin105.tsp	2.27	863863	863863	22500
lin105.tsp	2.24	863863	863863	18712
lin105.tsp	2.27	863863	863863	21354
lin105.tsp	2.22	863863	863863	21468
lin105.tsp	2.22	863863	863863	19561
lin105.tsp	2.26	863863	863863	21142
lin105.tsp	2.24	863863	863863	20056
lin105.tsp	2.40	863863	863863	19117
lin105.tsp	2.22	863863	863863	20458
lin318.tsp	5.70	863863	863863	89876
lin318.tsp	5.71	863863	863863	94990
lin318.tsp	5.71	863863	863863	96644
lin318.tsp	6.98	863863	863863	95825
lin318.tsp	5.69	863863	863863	94458
lin318.tsp	5.70	863863	863863	95037
lin318.tsp	5.71	863863	863863	86301
lin318.tsp	5.70	863863	863863	99516
lin318.tsp	5.73	863863	863863	98103
lin318.tsp	5.72	863863	863863	101273
linhp318.tsp	5.79	863863	863863	88732
linhp318.tsp	5.70	863863	863863	94102
linhp318.tsp	5.69	863863	863863	95310
linhp318.tsp	5.70	863863	863863	97223
linhp318.tsp	5.71	863863	863863	96676
linhp318.tsp	5.71	863863	863863	100478
linhp318.tsp	5.68	863863	863863	96160
linhp318.tsp	5.70	863863	863863	98032
linhp318.tsp	5.69	863863	863863	92584
linhp318.tsp	5.76	863863	863863	92711
pr107.tsp	2.32	863863	863863	82324
pr107.tsp	2.28	863863	863863	77660
pr107.tsp	2.30	863863	863863	72284
pr107.tsp	2.28	863863	863863	80560
pr107.tsp	2.28	863863	863863	65734
pr107.tsp	2.27	863863	863863	54199
pr107.tsp	2.29	863863	863863	69871
pr107.tsp	2.30	863863	863863	73133
pr107.tsp	2.28	863863	863863	86860
pr107.tsp	2.29	863863	863863	67796
pr124.tsp	2.58	863863	863863	102601
pr124.tsp	2.59	863863	863863	105894
pr124.tsp	2.55	863863	863863	102540
pr124.tsp	2.56	863863	863863	107867
pr124.tsp	2.62	863863	863863	109309
pr124.tsp	2.58	863863	863863	93999
pr124.tsp	2.54	863863	863863	97529
pr124.tsp	2.55	863863	863863	94734
pr124.tsp	2.58	863863	863863	100060
pr124.tsp	2.56	863863	863863	75785
pr136.tsp	2.78	863863	863863	145611
pr136.tsp	2.77	863863	863863	162945
pr136.tsp	2.79	863863	863863	144687
pr136.tsp	2.78	863863	863863	138552
pr136.tsp	2.80	863863	863863	128165
pr136.tsp	2.79	863863	863863	145888
pr136.tsp	2.79	863863	863863	132451
pr136.tsp	2.79	863863	863863	143868
pr136.tsp	2.76	863863	863863	149786
pr136.tsp	2.78	863863	863863	137250
pr144.tsp	2.92	863863	863863	118118
pr144.tsp	2.90	863863	863863	121409
pr144.tsp	2.92	863863	863863	139819
pr144.tsp	2.92	863863	863863	119493
pr144.tsp	2.94	863863	863863	135266
pr144.tsp	2.91	863863	863863	127778
pr144.tsp	2.88	863863	863863	132137
pr144.tsp	2.90	863863	863863	119921
pr144.tsp	2.93	863863	863863	124905
pr144.tsp	2.91	863863	863863	117112
pr152.tsp	3.04	863863	863863	187637
pr152.tsp	3.05	863863	863863	148946
pr152.tsp	3.06	863863	863863	148420
pr152.tsp	3.03	863863	863863	151888
pr152.tsp	3.02	863863	863863	153257
pr152.tsp	3.07	863863	863863	147175
pr152.tsp	3.03	863863	863863	142687
pr152.tsp	3.10	863863	863863	154206
pr152.tsp	3.04	863863	863863	144112
pr152.tsp	3.02	863863	863863	148992
pr226.tsp	4.23	863863	863863	252764
pr226.tsp	4.22	863863	863863	215787
pr226.tsp	4.26	863863	863863	180969
pr226.tsp	4.22	863863	863863	211456
pr226.tsp	4.21	863863	863863	209445
pr226.tsp	4.22	863863	863863	192486
pr226.tsp	4.22	863863	863863	238457
pr226.tsp	4.24	863863	863863	236495
pr226.tsp	4.23	863863	863863	231407
pr226.tsp	4.24	863863	863863	218927
pr264.tsp	4.79	863863	863863	165567
pr264.tsp	4.80	863863	863863	125946
pr264.tsp	4.81	863863	863863	144022
pr264.tsp	4.80	863863	863863	137786
pr264.tsp	4.80	863863	863863	147836
pr264.tsp	4.82	863863	863863	145073
pr264.tsp	4.79	863863	863863	124614
pr264.tsp	4.79	863863	863863	147484
pr264.tsp	4.79	863863	863863	136139
pr264.tsp	4.81	863863	863863	163302
pr299.tsp	5.38	863863	863863	107623
pr299.tsp	5.38	863863	863863	102120
pr299.tsp	5.36	863863	863863	94346
pr299.tsp	5.36	863863	863863	98379
pr299.tsp	5.41	863863	863863	112277
pr299.tsp	5.48	863863	863863	98560
pr299.tsp	5.38	863863	863863	108845
pr299.tsp	5.43	863863	863863	104288
pr299.tsp	5.37	863863	863863	94871
pr299.tsp	5.39	863863	863863	107566
pr439.tsp	7.80	863863	863863	326421
pr439.tsp	7.81	863863	863863	292844
pr439.tsp	7.84	863863	863863	286860
pr439.tsp	7.91	863863	863863	277123
pr439.tsp	7.94	863863	863863	285512
pr439.tsp	7.81	863863	863863	271826
pr439.tsp	7.86	863863	863863	273054
pr439.tsp	7.81	863863	863863	306241
pr439.tsp	7.79	863863	863863	302554
pr439.tsp	7.80	863863	863863	292182
pr76.tsp	1.81	863863	863863	127310
pr76.tsp	1.80	863863	863863	129423
pr76.tsp	1.82	863863	863863	125881
pr76.tsp	1.81	863863	863863	131739
pr76.tsp	1.81	863863	863863	136828
pr76.tsp	1.81	863863	863863	121980
pr76.tsp	1.78	863863	863863	138715
pr76.tsp	1.82	863863	863863	129890
pr76.tsp	1.77	863863	863863	125651
pr76.tsp	1.78	863863	863863	127704
rat575.tsp	10.93	863863	863863	15970
rat575.tsp	10.91	863863	863863	15834
rat575.tsp	10.79	863863	863863	17100
rat575.tsp	10.77	863863	863863	16103
rat575.tsp	10.78	863863	863863	15955
rat575.tsp	10.73	863863	863863	16960
rat575.tsp	10.73	863863	863863	16552
rat575.tsp	10.73	863863	863863	15589
rat575.tsp	10.82	863863	863863	16852
rat575.tsp	10.78	863863	863863	17055
rat783.tsp	15.14	863863	863863	27539
rat783.tsp	15.17	863863	863863	27908
rat783.tsp	15.04	863863	863863	25947
rat783.tsp	15.17	863863	863863	30091
rat783.tsp	15.18	863863	863863	27993
rat783.tsp	15.18	863863	863863	26432
rat783.tsp	14.99	863863	863863	29429
rat783.tsp	15.05	863863	863863	27192
rat783.tsp	14.98	863863	863863	30383
rat783.tsp	15.01	863863	863863	28403
rat99.tsp	2.18	863863	863863	1481
rat99.tsp	2.20	863863	863863	1425
rat99.tsp	2.17	863863	863863	1479
rat99.tsp	2.19	863863	863863	1477
rat99.tsp	2.20	863863	863863	1559
rat99.tsp	2.17	863863	863863	1474
rat99.tsp	2.18	863863	863863	1660
rat99.tsp	2.19	863863	863863	1473
rat99.tsp	2.19	863863	863863	1495
rat99.tsp	2.18	863863	863863	1491
