a280.tsp	2.55	429963	429963	5676
a280.tsp	2.54	429963	429963	5762
a280.tsp	2.55	429963	429963	6172
a280.tsp	2.59	429963	429963	5503
a280.tsp	2.53	429963	429963	5498
a280.tsp	2.55	429963	429963	5675
a280.tsp	2.54	429963	429963	5826
a280.tsp	3.18	429963	429963	5841
a280.tsp	2.55	429963	429963	5810
a280.tsp	2.54	429963	429963	5594
berlin52.tsp	0.72	429963	429963	8449
berlin52.tsp	0.71	429963	429963	7851
berlin52.tsp	0.71	429963	429963	8283
berlin52.tsp	0.70	429963	429963	8770
berlin52.tsp	0.70	429963	429963	8897
berlin52.tsp	0.72	429963	429963	8759
berlin52.tsp	0.71	429963	429963	9197
berlin52.tsp	0.71	429963	429963	8447
berlin52.tsp	0.71	429963	429963	8544
berlin52.tsp	0.70	429963	429963	8736
bier127.tsp	1.31	429963	429963	177347
bier127.tsp	1.32	429963	429963	171050
bier127.tsp	1.31	429963	429963	166944
bier127.tsp	1.32	429963	429963	154168
bier127.tsp	1.32	429963	429963	158139
bier127.tsp	1.31	429963	429963	161198
bier127.tsp	1.37	429963	429963	155590
bier127.tsp	1.32	429963	429963	161030
bier127.tsp	1.33	429963	429963	169592
bier127.tsp	1.34	429963	429963	163016
eil101.tsp	1.10	429963	429963	735
eil101.tsp	1.12	429963	429963	707
eil101.tsp	1.10	429963	429963	734
eil101.tsp	1.10	429963	429963	760
eil101.tsp	1.13	429963	429963	788
eil101.tsp	1.10	429963	429963	773
eil101.tsp	1.14	429963	429963	746
eil101.tsp	1.11	429963	429963	736
eil101.tsp	1.13	429963	429963	741
eil101.tsp	1.13	429963	429963	778
eil51.tsp	0.72	429963	429963	437
eil51.tsp	0.70	429963	429963	482
eil51.tsp	0.71	429963	429963	464
eil51.tsp	0.70	429963	429963	490
eil51.tsp	0.71	429963	429963	460
eil51.tsp	0.72	429963	429963	436
eil51.tsp	0.71	429963	429963	462
eil51.tsp	0.71	429963	429963	477
eil51.tsp	0.71	429963	429963	443
eil51.tsp	0.71	429963	429963	443
eil76.tsp	0.90	429963	429963	623
eil76.tsp	0.92	429963	429963	651
eil76.tsp	0.90	429963	429963	625
eil76.tsp	0.91	429963	429963	568
eil76.tsp	0.91	429963	429963	661
eil76.tsp	0.90	429963	429963	652
eil76.tsp	0.91	429963	429963	610
eil76.tsp	0.90	429963	429963	613
eil76.tsp	0.90	429963	429963	631
eil76.tsp	0.90	429963	429963	617
gil262.tsp	2.39	429963	429963	5056
gil262.tsp	2.39	429963	429963	4795
gil262.tsp	2.38	429963	429963	4306
gil262.tsp	2.39	429963	429963	4495
gil262.tsp	2.39	429963	429963	4524
gil262.tsp	2.91	429963	429963	4610
gil262.tsp	2.39	429963	429963	4690
gil262.tsp	2.42	429963	429963	4425
gil262.tsp	2.43	429963	429963	5353
gil262.tsp	2.39	429963	429963	4949
kroA100.tsp	1.07	429963	429963	27853
kroA100.tsp	1.07	429963	429963	31604
kroA100.tsp	1.14	429963	429963	31215
kroA100.tsp	1.08	429963	429963	32054
kroA100.tsp	1.09	429963	429963	30082
kroA100.tsp	1.09	429963	429963	29585
kroA100.tsp	1.07	429963	429963	27050
kroA100.tsp	1.09	429963	429963	27410
kroA100.tsp	1.08	429963	429963	28580
kroA100.tsp	1.09	429963	429963	28053
kroA150.tsp	1.52	429963	429963	40717
kroA150.tsp	1.52	429963	429963	45310
kroA150.tsp	1.50	429963	429963	44099
kroA150.tsp	1.54	429963	429963	47633
kroA150.tsp	1.51	429963	429963	42623
kroA150.tsp	1.49	429963	429963	42398
kroA150.tsp	1.48	429963	429963	46684
kroA150.tsp	1.50	429963	429963	43457
kroA150.tsp	1.49	429963	429963	47297
kroA150.tsp	1.83	429963	429963	46367
kroA200.tsp	1.95	429963	429963	53537
kroA200.tsp	1.88	429963	429963	57746
kroA200.tsp	1.90	429963	429963	57095
kroA200.tsp	1.90	429963	429963	56179
kroA200.tsp	1.91	429963	429963	55377
kroA200.tsp	1.90	429963	429963	55631
kroA200.tsp	1.90	429963	429963	52082
kroA200.tsp	1.89	429963	429963	57824
kroA200.tsp	1.90	429963	429963	59701
kroA200.tsp	1.91	429963	429963	59341
kroB100.tsp	1.12	429963	429963	32270
kroB100.tsp	1.11	429963	429963	32483
kroB100.tsp	1.10	429963	429963	29046
kroB100.tsp	1.09	429963	429963	31883
kroB100.tsp	1.08	429963	429963	32994
kroB100.tsp	1.07	429963	429963	31586
kroB100.tsp	1.08	429963	429963	31183
kroB100.tsp	1.08	429963	429963	36530
kroB100.tsp	1.10	429963	429963	34000
kroB100.tsp	1.39	429963	429963	32238
kroB150.tsp	1.50	429963	429963	43448
kroB150.tsp	1.54	429963	429963	44813
kroB150.tsp	1.49	429963	429963	44347
kroB150.tsp	1.49	429963	429963	45053
kroB150.tsp	1.49	429963	429963	45546
kroB150.tsp	1.50	429963	429963	40781
kroB150.tsp	1.50	429963	429963	41752
kroB150.tsp	1.50	429963	429963	47042
kroB150.tsp	1.54	429963	429963	38952
kroB150.tsp	1.51	429963	429963	41212
kroB200.tsp	1.91	429963	429963	64260
kroB200.tsp	1.88	429963	429963	56844
kroB200.tsp	1.91	429963	429963	55119
kroB200.tsp	1.91	429963	429963	55577
kroB200.tsp	1.90	429963	429963	57029
kroB200.tsp	1.96	429963	429963	54786
kroB200.tsp	1.96	429963	429963	51149
kroB200.tsp	1.89	429963	429963	51464
kroB200.tsp	1.91	429963	429963	53418
kroB200.tsp	1.91	429963	429963	57624
kroC100.tsp	1.10	429963	429963	30327
kroC100.tsp	1.08	429963	429963	31670
kroC100.tsp	1.09	429963	429963	31334
kroC100.tsp	1.09	429963	429963	31418
kroC100.tsp	1.08	429963	429963	32904
kroC100.tsp	1.08	429963	429963	32240
kroC100.tsp	1.07	429963	429963	32851
kroC100.tsp	1.09	429963	429963	30756
kroC100.tsp	1.07	429963	429963	30139
kroC100.tsp	1.07	429963	429963	30727
kroD100.tsp	1.07	429963	429963	35673
kroD100.tsp	1.09	429963	429963	29151
kroD100.tsp	1.08	429963	429963	30786
kroD100.tsp	1.10	429963	429963	29040
kroD100.tsp	1.07	429963	429963	30802
kroD100.tsp	1.07	429963	429963	30187
kroD100.tsp	1.08	429963	429963	31083
kroD100.tsp	1.10	429963	429963	32965
kroD100.tsp	1.07	429963	429963	32715
kroD100.tsp	1.10	429963	429963	29883
kroE100.tsp	1.18	429963	429963	29485
kroE100.tsp	1.10	429963	429963	32434
kroE100.tsp	1.22	429963	429963	30662
kroE100.tsp	1.09	429963	429963	28624
kroE100.tsp	1.08	429963	429963	31861
kroE100.tsp	1.10	429963	429963	37394
kroE100.tsp	1.08	429963	429963	29873
kroE100.tsp	1.10	429963	429963	30505
kroE100.tsp	1.09	429963	429963	31306
kroE100.tsp	1.08	429963	429963	31171
lin105.tsp	1.12	429963	429963	20563
lin105.tsp	1.12	429963	429963	22089
lin105.tsp	1.10	429963	429963	21729
lin105.tsp	1.14	429963	429963	23240
lin105.tsp	1.12	429963	429963	21462
lin105.tsp	1.12	429963	429963	23876
lin105.tsp	1.12	429963	429963	23354
lin105.tsp	1.12	429963	429963	20764
lin105.tsp	1.14	429963	429963	24308
lin105.tsp	1.12	429963	429963	20335
lin318.tsp	2.89	429963	429963	96199
lin318.tsp	2.84	429963	429963	99850
lin318.tsp	2.88	429963	429963	104784
lin318.tsp	2.84	429963	429963	101207
lin318.tsp	2.84	429963	429963	104062
lin318.tsp	2.84	429963	429963	96584
lin318.tsp	2.84	429963	429963	102580
lin318.tsp	2.84	429963	429963	101816
lin318.tsp	2.84	429963	429963	93459
lin318.tsp	2.84	429963	429963	102509
linhp318.tsp	2.93	429963	429963	107820
linhp318.tsp	2.84	429963	429963	105176
linhp318.tsp	2.83	429963	429963	117785
linhp318.tsp	2.86	429963	429963	102469
linhp318.tsp	2.87	429963	429963	100592
linhp318.tsp	2.90	429963	429963	104602
linhp318.tsp	2.85	429963	429963	97945
linhp318.tsp	2.84	429963	429963	98697
linhp318.tsp	2.84	429963	429963	107906
linhp318.tsp	2.84	429963	429963	96149
pr107.tsp	1.13	429963	429963	99533
pr107.tsp	1.16	429963	429963	98693
pr107.tsp	1.13	429963	429963	94557
pr107.tsp	1.13	429963	429963	82906
pr107.tsp	1.14	429963	429963	80527
pr107.tsp	1.14	429963	429963	92377
pr107.tsp	1.13	429963	429963	68288
pr107.tsp	1.14	429963	429963	73799
pr107.tsp	1.13	429963	429963	81655
pr107.tsp	1.13	429963	429963	77767
pr124.tsp	1.26	429963	429963	121140
pr124.tsp	1.26	429963	429963	129296
pr124.tsp	1.27	429963	429963	133765
pr124.tsp	1.26	429963	429963	118901
pr124.tsp	1.26	429963	429963	123618
pr124.tsp	1.27	429963	429963	111513
pr124.tsp	1.28	429963	429963	111063
pr124.tsp	1.30	429963	429963	120944
pr124.tsp	1.26	429963	429963	106923
pr124.tsp	1.28	429963	429963	104336
pr136.tsp	1.38	429963	429963	139993
pr136.tsp	1.39	429963	429963	157529
pr136.tsp	1.40	429963	429963	140558
pr136.tsp	1.39	429963	429963	150050
pr136.tsp	1.38	429963	429963	160006
pr136.tsp	1.38	429963	429963	156547
pr136.tsp	1.38	429963	429963	161454
pr136.tsp	1.39	429963	429963	161267
pr136.tsp	1.40	429963	429963	142311
pr136.tsp	1.39	429963	429963	156971
pr144.tsp	1.46	429963	429963	127931
pr144.tsp	1.49	429963	429963	155175
pr144.tsp	1.45	429963	429963	133292
pr144.tsp	1.52	429963	429963	146269
pr144.tsp	1.46	429963	429963	127398
pr144.tsp	1.45	429963	429963	122912
pr144.tsp	1.44	429963	429963	131247
pr144.tsp	1.45	429963	429963	124076
pr144.tsp	1.44	429963	429963	148623
pr144.tsp	1.48	429963	429963	140202
pr152.tsp	1.52	429963	429963	176673
pr152.tsp	1.52	429963	429963	191514
pr152.tsp	1.53	429963	429963	161814
pr152.tsp	1.50	429963	429963	171236
pr152.tsp	1.52	429963	429963	151818
pr152.tsp	1.51	429963	429963	189321
pr152.tsp	1.51	429963	429963	177731
pr152.tsp	1.51	429963	429963	175954
pr152.tsp	1.51	429963	429963	163863
pr152.tsp	1.50	429963	429963	182267
pr226.tsp	2.10	429963	429963	234385
pr226.tsp	2.11	429963	429963	274321
pr226.tsp	2.10	429963	429963	252140
pr226.tsp	2.11	429963	429963	253703
pr226.tsp	2.11	429963	429963	265788
pr226.tsp	2.10	429963	429963	227862
pr226.tsp	2.11	429963	429963	247054
pr226.tsp	2.11	429963	429963	244111
pr226.tsp	2.10	429963	429963	212254
pr226.tsp	2.11	429963	429963	277249
pr264.tsp	2.38	429963	429963	161155
pr264.tsp	2.38	429963	429963	173670
pr264.tsp	2.39	429963	429963	155235
pr264.tsp	2.39	429963	429963	170106
pr264.tsp	2.38	429963	429963	146681
pr264.tsp	2.38	429963	429963	162181
pr264.tsp	2.38	429963	429963	167623
pr264.tsp	2.39	429963	429963	170495
pr264.tsp	2.38	429963	429963	174256
pr264.tsp	2.38	429963	429963	183877
pr299.tsp	2.67	429963	429963	121938
pr299.tsp	2.67	429963	429963	120378
pr299.tsp	2.68	429963	429963	115892
pr299.tsp	2.67	429963	429963	116384
pr299.tsp	2.68	429963	429963	111502
pr299.tsp	2.67	429963	429963	110203
pr299.tsp	2.68	429963	429963	112006
pr299.tsp	2.67	429963	429963	118513
pr299.tsp	2.67	429963	429963	114778
pr299.tsp	2.67	429963	429963	106213
pr439.tsp	3.89	429963	429963	337949
pr439.tsp	3.91	429963	429963	332427
pr439.tsp	3.89	429963	429963	318974
pr439.tsp	4.00	429963	429963	346984
pr439.tsp	3.90	429963	429963	298895
pr439.tsp	3.90	429963	429963	303448
pr439.tsp	3.88	429963	429963	341596
pr439.tsp	3.91	429963	429963	330627
pr439.tsp	3.91	429963	429963	327431
pr439.tsp	3.90	429963	429963	325116
pr76.tsp	0.90	429963	429963	129726
pr76.tsp	0.90	429963	429963	132277
pr76.tsp	0.90	429963	429963	136958
pr76.tsp	0.88	429963	429963	131952
pr76.tsp	0.90	429963	429963	132745
pr76.tsp	0.89	429963	429963	143141
pr76.tsp	0.91	429963	429963	137928
pr76.tsp	0.90	429963	429963	144031
pr76.tsp	0.90	429963	429963	139185
pr76.tsp	0.90	429963	429963	132452
rat575.tsp	5.41	429963	429963	18465
rat575.tsp	5.40	429963	429963	20673
rat575.tsp	5.40	429963	429963	19607
rat575.tsp	5.38	429963	429963	19903
rat575.tsp	5.39	429963	429963	19826
rat575.tsp	5.40	429963	429963	18806
rat575.tsp	5.39	429963	429963	19358
rat575.tsp	5.39	429963	429963	18478
rat575.tsp	5.37	429963	429963	19770
rat575.tsp	5.39	429963	429963	19552
rat783.tsp	7.57	429963	429963	30496
rat783.tsp	7.53	429963	429963	33936
rat783.tsp	7.61	429963	429963	33319
rat783.tsp	9.98	429963	429963	34384
rat783.tsp	7.55	429963	429963	32162
rat783.tsp	7.50	429963	429963	34175
rat783.tsp	7.44	429963	429963	31963
rat783.tsp	7.50	429963	429963	31605
rat783.tsp	7.76	429963	429963	32510
rat783.tsp	7.54	429963	429963	33191
rat99.tsp	1.08	429963	429963	1562
rat99.tsp	1.09	429963	429963	1654
rat99.tsp	1.08	429963	429963	1636
rat99.tsp	1.09	429963	429963	1604
rat99.tsp	1.08	429963	429963	1542
rat99.tsp	1.10	429963	429963	1623
rat99.tsp	1.08	429963	429963	1627
rat99.tsp	1.07	429963	429963	1595
rat99.tsp	1.08	429963	429963	1494
rat99.tsp	1.09	429963	429963	1660
