a280.tsp	1.70	286638	286638	6629
a280.tsp	1.70	286638	286638	6133
a280.tsp	1.70	286638	286638	5431
a280.tsp	1.71	286638	286638	5787
a280.tsp	1.70	286638	286638	6084
a280.tsp	1.70	286638	286638	5526
a280.tsp	1.70	286638	286638	6047
a280.tsp	1.70	286638	286638	5500
a280.tsp	1.69	286638	286638	6264
a280.tsp	1.71	286638	286638	5561
berlin52.tsp	0.49	286638	286638	9072
berlin52.tsp	0.49	286638	286638	9204
berlin52.tsp	0.47	286638	286638	9181
berlin52.tsp	0.48	286638	286638	8918
berlin52.tsp	0.47	286638	286638	8408
berlin52.tsp	0.48	286638	286638	8783
berlin52.tsp	0.47	286638	286638	8482
berlin52.tsp	0.48	286638	286638	9555
berlin52.tsp	0.47	286638	286638	8579
berlin52.tsp	0.48	286638	286638	9307
bier127.tsp	0.87	286638	286638	165152
bier127.tsp	0.87	286638	286638	156918
bier127.tsp	0.87	286638	286638	168240
bier127.tsp	0.88	286638	286638	183429
bier127.tsp	0.88	286638	286638	152407
bier127.tsp	0.87	286638	286638	168708
bier127.tsp	0.88	286638	286638	161853
bier127.tsp	0.90	286638	286638	162347
bier127.tsp	0.90	286638	286638	168871
bier127.tsp	0.88	286638	286638	170072
eil101.tsp	0.74	286638	286638	763
eil101.tsp	0.74	286638	286638	766
eil101.tsp	0.73	286638	286638	819
eil101.tsp	0.73	286638	286638	809
eil101.tsp	0.73	286638	286638	765
eil101.tsp	0.75	286638	286638	785
eil101.tsp	0.74	286638	286638	762
eil101.tsp	0.74	286638	286638	779
eil101.tsp	0.73	286638	286638	803
eil101.tsp	0.74	286638	286638	756
eil51.tsp	0.47	286638	286638	466
eil51.tsp	0.48	286638	286638	467
eil51.tsp	0.47	286638	286638	478
eil51.tsp	0.48	286638	286638	503
eil51.tsp	0.47	286638	286638	483
eil51.tsp	0.47	286638	286638	456
eil51.tsp	0.48	286638	286638	472
eil51.tsp	0.46	286638	286638	511
eil51.tsp	0.48	286638	286638	464
eil51.tsp	0.47	286638	286638	482
eil76.tsp	0.60	286638	286638	634
eil76.tsp	0.60	286638	286638	723
eil76.tsp	0.60	286638	286638	671
eil76.tsp	0.62	286638	286638	670
eil76.tsp	0.60	286638	286638	647
eil76.tsp	0.60	286638	286638	636
eil76.tsp	0.60	286638	286638	663
eil76.tsp	0.60	286638	286638	652
eil76.tsp	0.60	286638	286638	639
eil76.tsp	0.60	286638	286638	638
gil262.tsp	1.59	286638	286638	4612
gil262.tsp	1.59	286638	286638	5129
gil262.tsp	1.60	286638	286638	4839
gil262.tsp	1.92	286638	286638	4871
gil262.tsp	1.59	286638	286638	5205
gil262.tsp	1.60	286638	286638	4461
gil262.tsp	1.60	286638	286638	4859
gil262.tsp	1.60	286638	286638	4923
gil262.tsp	1.61	286638	286638	4969
gil262.tsp	1.60	286638	286638	4937
kroA100.tsp	0.76	286638	286638	31045
kroA100.tsp	0.71	286638	286638	35369
kroA100.tsp	0.71	286638	286638	35350
kroA100.tsp	0.72	286638	286638	30183
kroA100.tsp	0.72	286638	286638	36209
kroA100.tsp	0.73	286638	286638	35128
kroA100.tsp	0.75	286638	286638	30494
kroA100.tsp	0.73	286638	286638	35279
kroA100.tsp	0.73	286638	286638	33220
kroA100.tsp	0.74	286638	286638	34716
kroA150.tsp	1.00	286638	286638	44896
kroA150.tsp	1.00	286638	286638	45546
kroA150.tsp	1.03	286638	286638	42896
kroA150.tsp	1.00	286638	286638	45925
kroA150.tsp	1.00	286638	286638	40209
kroA150.tsp	1.00	286638	286638	46279
kroA150.tsp	1.00	286638	286638	50364
kroA150.tsp	1.00	286638	286638	50241
kroA150.tsp	1.02	286638	286638	45541
kroA150.tsp	1.00	286638	286638	47859
kroA200.tsp	1.30	286638	286638	57967
kroA200.tsp	1.26	286638	286638	58380
kroA200.tsp	1.26	286638	286638	66596
kroA200.tsp	1.26	286638	286638	58247
kroA200.tsp	1.26	286638	286638	59123
kroA200.tsp	1.26	286638	286638	56685
kroA200.tsp	1.30	286638	286638	55276
kroA200.tsp	1.26	286638	286638	59570
kroA200.tsp	1.26	286638	286638	60304
kroA200.tsp	1.26	286638	286638	59401
kroB100.tsp	0.71	286638	286638	34241
kroB100.tsp	0.73	286638	286638	32947
kroB100.tsp	0.75	286638	286638	32502
kroB100.tsp	0.71	286638	286638	35082
kroB100.tsp	0.73	286638	286638	33489
kroB100.tsp	0.72	286638	286638	33534
kroB100.tsp	0.73	286638	286638	30334
kroB100.tsp	0.73	286638	286638	33102
kroB100.tsp	0.72	286638	286638	33103
kroB100.tsp	0.72	286638	286638	31355
kroB150.tsp	1.00	286638	286638	44907
kroB150.tsp	1.00	286638	286638	44755
kroB150.tsp	1.00	286638	286638	50251
kroB150.tsp	1.00	286638	286638	48692
kroB150.tsp	1.00	286638	286638	43342
kroB150.tsp	1.06	286638	286638	49497
kroB150.tsp	1.00	286638	286638	45126
kroB150.tsp	1.03	286638	286638	50307
kroB150.tsp	1.03	286638	286638	41334
kroB150.tsp	1.02	286638	286638	54767
kroB200.tsp	1.26	286638	286638	59181
kroB200.tsp	1.26	286638	286638	58674
kroB200.tsp	1.30	286638	286638	59485
kroB200.tsp	1.28	286638	286638	58531
kroB200.tsp	1.28	286638	286638	56202
kroB200.tsp	1.31	286638	286638	53686
kroB200.tsp	1.28	286638	286638	59547
kroB200.tsp	1.27	286638	286638	59904
kroB200.tsp	1.27	286638	286638	59864
kroB200.tsp	1.28	286638	286638	57472
kroC100.tsp	0.72	286638	286638	36564
kroC100.tsp	0.73	286638	286638	30176
kroC100.tsp	0.71	286638	286638	30634
kroC100.tsp	0.74	286638	286638	27855
kroC100.tsp	0.72	286638	286638	31595
kroC100.tsp	0.71	286638	286638	38655
kroC100.tsp	0.73	286638	286638	30765
kroC100.tsp	0.71	286638	286638	36071
kroC100.tsp	0.72	286638	286638	36588
kroC100.tsp	0.72	286638	286638	32052
kroD100.tsp	0.73	286638	286638	29917
kroD100.tsp	0.76	286638	286638	31305
kroD100.tsp	0.83	286638	286638	29773
kroD100.tsp	0.74	286638	286638	30046
kroD100.tsp	0.71	286638	286638	32604
kroD100.tsp	0.71	286638	286638	30354
kroD100.tsp	0.72	286638	286638	35984
kroD100.tsp	0.72	286638	286638	29967
kroD100.tsp	0.73	286638	286638	31930
kroD100.tsp	0.71	286638	286638	30783
kroE100.tsp	0.74	286638	286638	30435
kroE100.tsp	0.73	286638	286638	33352
kroE100.tsp	0.72	286638	286638	33912
kroE100.tsp	0.72	286638	286638	31794
kroE100.tsp	0.74	286638	286638	29874
kroE100.tsp	0.73	286638	286638	36627
kroE100.tsp	0.71	286638	286638	31942
kroE100.tsp	0.73	286638	286638	31414
kroE100.tsp	0.74	286638	286638	33841
kroE100.tsp	0.72	286638	286638	31404
lin105.tsp	0.74	286638	286638	22387
lin105.tsp	0.74	286638	286638	22553
lin105.tsp	0.75	286638	286638	22358
lin105.tsp	0.75	286638	286638	25084
lin105.tsp	0.74	286638	286638	21742
lin105.tsp	0.74	286638	286638	20766
lin105.tsp	0.89	286638	286638	22155
lin105.tsp	0.74	286638	286638	24057
lin105.tsp	0.73	286638	286638	22943
lin105.tsp	0.75	286638	286638	22893
lin318.tsp	1.90	286638	286638	89040
lin318.tsp	1.90	286638	286638	101055
lin318.tsp	1.97	286638	286638	110711
lin318.tsp	1.89	286638	286638	110966
lin318.tsp	1.89	286638	286638	108313
lin318.tsp	1.89	286638	286638	106809
lin318.tsp	1.90	286638	286638	97152
lin318.tsp	1.89	286638	286638	109759
lin318.tsp	1.90	286638	286638	110700
lin318.tsp	1.89	286638	286638	116683
linhp318.tsp	1.92	286638	286638	100749
linhp318.tsp	2.47	286638	286638	106511
linhp318.tsp	1.89	286638	286638	101311
linhp318.tsp	1.93	286638	286638	106807
linhp318.tsp	1.91	286638	286638	109499
linhp318.tsp	1.90	286638	286638	103638
linhp318.tsp	2.12	286638	286638	105947
linhp318.tsp	1.89	286638	286638	109424
linhp318.tsp	1.96	286638	286638	110862
linhp318.tsp	1.90	286638	286638	110428
pr107.tsp	0.76	286638	286638	70448
pr107.tsp	0.76	286638	286638	87884
pr107.tsp	0.76	286638	286638	103572
pr107.tsp	0.76	286638	286638	88160
pr107.tsp	0.75	286638	286638	102691
pr107.tsp	0.75	286638	286638	95631
pr107.tsp	0.75	286638	286638	104020
pr107.tsp	0.78	286638	286638	98026
pr107.tsp	0.76	286638	286638	76319
pr107.tsp	0.76	286638	286638	79258
pr124.tsp	0.84	286638	286638	99038
pr124.tsp	0.84	286638	286638	121404
pr124.tsp	0.85	286638	286638	125068
pr124.tsp	0.84	286638	286638	121874
pr124.tsp	0.85	286638	286638	117272
pr124.tsp	0.85	286638	286638	115228
pr124.tsp	0.84	286638	286638	122012
pr124.tsp	0.84	286638	286638	125259
pr124.tsp	0.84	286638	286638	114439
pr124.tsp	0.87	286638	286638	100522
pr136.tsp	0.93	286638	286638	155781
pr136.tsp	0.92	286638	286638	150739
pr136.tsp	0.92	286638	286638	160968
pr136.tsp	0.92	286638	286638	162184
pr136.tsp	0.92	286638	286638	161767
pr136.tsp	0.92	286638	286638	169678
pr136.tsp	0.92	286638	286638	165914
pr136.tsp	0.92	286638	286638	159347
pr136.tsp	0.92	286638	286638	147619
pr136.tsp	0.93	286638	286638	159362
pr144.tsp	1.00	286638	286638	127220
pr144.tsp	0.98	286638	286638	165656
pr144.tsp	1.00	286638	286638	153895
pr144.tsp	0.96	286638	286638	150507
pr144.tsp	0.98	286638	286638	124773
pr144.tsp	0.99	286638	286638	144331
pr144.tsp	0.96	286638	286638	139396
pr144.tsp	0.96	286638	286638	143621
pr144.tsp	0.96	286638	286638	139752
pr144.tsp	0.96	286638	286638	141414
pr152.tsp	1.00	286638	286638	185821
pr152.tsp	1.00	286638	286638	173559
pr152.tsp	1.29	286638	286638	169117
pr152.tsp	1.01	286638	286638	177698
pr152.tsp	1.01	286638	286638	175227
pr152.tsp	1.00	286638	286638	150947
pr152.tsp	1.01	286638	286638	174889
pr152.tsp	1.01	286638	286638	178812
pr152.tsp	1.02	286638	286638	174701
pr152.tsp	1.01	286638	286638	184092
pr226.tsp	1.41	286638	286638	299217
pr226.tsp	1.41	286638	286638	260435
pr226.tsp	1.40	286638	286638	272048
pr226.tsp	1.42	286638	286638	323713
pr226.tsp	1.41	286638	286638	310347
pr226.tsp	1.40	286638	286638	254829
pr226.tsp	1.41	286638	286638	259169
pr226.tsp	1.40	286638	286638	254234
pr226.tsp	1.40	286638	286638	331422
pr226.tsp	1.40	286638	286638	257334
pr264.tsp	1.59	286638	286638	184777
pr264.tsp	1.60	286638	286638	170360
pr264.tsp	1.59	286638	286638	184062
pr264.tsp	1.59	286638	286638	150637
pr264.tsp	1.59	286638	286638	174466
pr264.tsp	1.59	286638	286638	153419
pr264.tsp	1.59	286638	286638	181100
pr264.tsp	1.64	286638	286638	156059
pr264.tsp	1.59	286638	286638	195246
pr264.tsp	1.59	286638	286638	170056
pr299.tsp	1.78	286638	286638	125268
pr299.tsp	1.78	286638	286638	120619
pr299.tsp	1.78	286638	286638	131480
pr299.tsp	1.79	286638	286638	115570
pr299.tsp	1.78	286638	286638	131550
pr299.tsp	1.79	286638	286638	118423
pr299.tsp	1.79	286638	286638	141572
pr299.tsp	1.79	286638	286638	125363
pr299.tsp	1.79	286638	286638	133295
pr299.tsp	1.78	286638	286638	123974
pr439.tsp	2.59	286638	286638	321472
pr439.tsp	2.61	286638	286638	362879
pr439.tsp	2.60	286638	286638	369247
pr439.tsp	2.60	286638	286638	353037
pr439.tsp	2.59	286638	286638	372206
pr439.tsp	2.59	286638	286638	361005
pr439.tsp	2.63	286638	286638	337148
pr439.tsp	2.60	286638	286638	350613
pr439.tsp	2.60	286638	286638	362325
pr439.tsp	2.60	286638	286638	346708
pr76.tsp	0.60	286638	286638	132132
pr76.tsp	0.59	286638	286638	139981
pr76.tsp	0.60	286638	286638	132693
pr76.tsp	0.58	286638	286638	154406
pr76.tsp	0.60	286638	286638	157149
pr76.tsp	0.66	286638	286638	144007
pr76.tsp	0.60	286638	286638	139760
pr76.tsp	0.60	286638	286638	139307
pr76.tsp	0.59	286638	286638	152120
pr76.tsp	0.59	286638	286638	142126
rat575.tsp	3.60	286638	286638	21007
rat575.tsp	3.60	286638	286638	21110
rat575.tsp	3.64	286638	286638	23218
rat575.tsp	3.68	286638	286638	21879
rat575.tsp	3.68	286638	286638	21754
rat575.tsp	4.25	286638	286638	19851
rat575.tsp	3.82	286638	286638	21132
rat575.tsp	3.73	286638	286638	21053
rat575.tsp	3.57	286638	286638	22119
rat575.tsp	3.68	286638	286638	22168
rat783.tsp	5.07	286638	286638	35367
rat783.tsp	5.04	286638	286638	34273
rat783.tsp	5.10	286638	286638	35503
rat783.tsp	5.04	286638	286638	36313
rat783.tsp	5.04	286638	286638	37484
rat783.tsp	5.00	286638	286638	34714
rat783.tsp	5.02	286638	286638	35880
rat783.tsp	4.99	286638	286638	36356
rat783.tsp	5.03	286638	286638	35723
rat783.tsp	5.02	286638	286638	34507
rat99.tsp	0.72	286638	286638	1548
rat99.tsp	0.72	286638	286638	1539
rat99.tsp	0.72	286638	286638	1676
rat99.tsp	0.72	286638	286638	1560
rat99.tsp	0.72	286638	286638	1614
rat99.tsp	0.72	286638	286638	1790
rat99.tsp	0.72	286638	286638	1685
rat99.tsp	0.72	286638	286638	1556
rat99.tsp	0.73	286638	286638	1608
rat99.tsp	0.72	286638	286638	1779
