a280.tsp	3.80	644950	644950	5217
a280.tsp	3.82	644950	644950	5339
a280.tsp	3.81	644950	644950	5408
a280.tsp	3.82	644950	644950	5429
a280.tsp	5.69	644950	644950	4933
a280.tsp	3.82	644950	644950	5156
a280.tsp	3.82	644950	644950	5403
a280.tsp	3.83	644950	644950	5566
a280.tsp	3.83	644950	644950	5049
a280.tsp	3.81	644950	644950	5347
berlin52.tsp	1.07	644950	644950	8446
berlin52.tsp	1.07	644950	644950	8978
berlin52.tsp	1.06	644950	644950	8449
berlin52.tsp	1.07	644950	644950	8440
berlin52.tsp	1.07	644950	644950	7987
berlin52.tsp	1.07	644950	644950	8568
berlin52.tsp	1.06	644950	644950	8501
berlin52.tsp	1.07	644950	644950	8995
berlin52.tsp	1.07	644950	644950	7817
berlin52.tsp	1.08	644950	644950	8761
bier127.tsp	1.97	644950	644950	155774
bier127.tsp	1.96	644950	644950	161936
bier127.tsp	1.98	644950	644950	155382
bier127.tsp	1.99	644950	644950	149357
bier127.tsp	1.98	644950	644950	156341
bier127.tsp	1.98	644950	644950	159000
bier127.tsp	1.97	644950	644950	167381
bier127.tsp	2.00	644950	644950	164412
bier127.tsp	2.00	644950	644950	170968
bier127.tsp	1.97	644950	644950	151651
eil101.tsp	1.65	644950	644950	745
eil101.tsp	1.67	644950	644950	779
eil101.tsp	1.67	644950	644950	763
eil101.tsp	1.67	644950	644950	731
eil101.tsp	1.68	644950	644950	763
eil101.tsp	1.66	644950	644950	756
eil101.tsp	1.66	644950	644950	767
eil101.tsp	1.67	644950	644950	764
eil101.tsp	1.66	644950	644950	757
eil101.tsp	1.66	644950	644950	754
eil51.tsp	1.06	644950	644950	458
eil51.tsp	1.07	644950	644950	442
eil51.tsp	1.07	644950	644950	456
eil51.tsp	1.05	644950	644950	441
eil51.tsp	1.06	644950	644950	482
eil51.tsp	1.08	644950	644950	455
eil51.tsp	1.06	644950	644950	456
eil51.tsp	1.07	644950	644950	460
eil51.tsp	1.07	644950	644950	477
eil51.tsp	1.06	644950	644950	442
eil76.tsp	1.41	644950	644950	607
eil76.tsp	1.36	644950	644950	617
eil76.tsp	1.36	644950	644950	617
eil76.tsp	1.37	644950	644950	608
eil76.tsp	1.36	644950	644950	644
eil76.tsp	1.36	644950	644950	602
eil76.tsp	1.35	644950	644950	610
eil76.tsp	1.36	644950	644950	658
eil76.tsp	1.36	644950	644950	618
eil76.tsp	1.36	644950	644950	635
gil262.tsp	3.57	644950	644950	4394
gil262.tsp	3.58	644950	644950	4325
gil262.tsp	3.59	644950	644950	4428
gil262.tsp	3.59	644950	644950	4396
gil262.tsp	3.58	644950	644950	4387
gil262.tsp	3.58	644950	644950	4460
gil262.tsp	3.58	644950	644950	4324
gil262.tsp	3.59	644950	644950	4342
gil262.tsp	3.65	644950	644950	4340
gil262.tsp	3.60	644950	644950	4748
kroA100.tsp	1.61	644950	644950	31487
kroA100.tsp	1.64	644950	644950	31490
kroA100.tsp	1.61	644950	644950	28526
kroA100.tsp	1.62	644950	644950	32514
kroA100.tsp	1.61	644950	644950	30275
kroA100.tsp	1.65	644950	644950	32615
kroA100.tsp	1.61	644950	644950	34771
kroA100.tsp	1.64	644950	644950	31498
kroA100.tsp	1.61	644950	644950	30866
kroA100.tsp	1.62	644950	644950	32383
kroA150.tsp	2.32	644950	644950	46071
kroA150.tsp	2.28	644950	644950	46452
kroA150.tsp	2.27	644950	644950	41067
kroA150.tsp	2.28	644950	644950	43117
kroA150.tsp	2.25	644950	644950	39742
kroA150.tsp	2.24	644950	644950	39790
kroA150.tsp	2.22	644950	644950	43240
kroA150.tsp	2.24	644950	644950	39353
kroA150.tsp	2.29	644950	644950	44399
kroA150.tsp	2.32	644950	644950	44708
kroA200.tsp	2.98	644950	644950	57321
kroA200.tsp	2.88	644950	644950	49862
kroA200.tsp	2.82	644950	644950	58235
kroA200.tsp	2.84	644950	644950	52623
kroA200.tsp	2.85	644950	644950	56720
kroA200.tsp	2.86	644950	644950	57255
kroA200.tsp	2.84	644950	644950	49869
kroA200.tsp	2.87	644950	644950	57489
kroA200.tsp	2.85	644950	644950	51457
kroA200.tsp	2.83	644950	644950	53699
kroB100.tsp	1.64	644950	644950	27582
kroB100.tsp	1.62	644950	644950	29368
kroB100.tsp	1.82	644950	644950	31864
kroB100.tsp	1.62	644950	644950	29437
kroB100.tsp	1.62	644950	644950	29626
kroB100.tsp	1.64	644950	644950	29772
kroB100.tsp	1.64	644950	644950	29085
kroB100.tsp	1.66	644950	644950	30888
kroB100.tsp	1.63	644950	644950	31742
kroB100.tsp	1.62	644950	644950	31209
kroB150.tsp	2.25	644950	644950	42848
kroB150.tsp	2.31	644950	644950	41776
kroB150.tsp	2.24	644950	644950	45081
kroB150.tsp	2.25	644950	644950	43083
kroB150.tsp	2.24	644950	644950	39373
kroB150.tsp	2.27	644950	644950	39206
kroB150.tsp	2.22	644950	644950	45702
kroB150.tsp	2.28	644950	644950	40575
kroB150.tsp	2.32	644950	644950	45116
kroB150.tsp	2.24	644950	644950	39014
kroB200.tsp	2.85	644950	644950	51777
kroB200.tsp	2.83	644950	644950	53865
kroB200.tsp	2.86	644950	644950	56430
kroB200.tsp	2.86	644950	644950	47955
kroB200.tsp	2.85	644950	644950	49584
kroB200.tsp	2.89	644950	644950	54893
kroB200.tsp	2.90	644950	644950	51229
kroB200.tsp	2.86	644950	644950	55531
kroB200.tsp	2.92	644950	644950	49684
kroB200.tsp	2.97	644950	644950	53626
kroC100.tsp	1.62	644950	644950	30612
kroC100.tsp	1.60	644950	644950	27011
kroC100.tsp	1.60	644950	644950	30341
kroC100.tsp	1.64	644950	644950	33392
kroC100.tsp	1.64	644950	644950	29179
kroC100.tsp	1.62	644950	644950	30592
kroC100.tsp	1.62	644950	644950	31661
kroC100.tsp	1.64	644950	644950	30215
kroC100.tsp	1.64	644950	644950	31297
kroC100.tsp	1.66	644950	644950	29081
kroD100.tsp	1.68	644950	644950	29771
kroD100.tsp	1.64	644950	644950	31895
kroD100.tsp	1.64	644950	644950	27113
kroD100.tsp	1.62	644950	644950	29435
kroD100.tsp	1.65	644950	644950	31772
kroD100.tsp	1.68	644950	644950	29721
kroD100.tsp	1.61	644950	644950	29244
kroD100.tsp	1.61	644950	644950	27656
kroD100.tsp	1.62	644950	644950	31271
kroD100.tsp	1.64	644950	644950	30938
kroE100.tsp	1.69	644950	644950	30414
kroE100.tsp	1.65	644950	644950	32248
kroE100.tsp	1.63	644950	644950	30623
kroE100.tsp	1.63	644950	644950	32274
kroE100.tsp	1.62	644950	644950	28294
kroE100.tsp	1.61	644950	644950	31150
kroE100.tsp	1.63	644950	644950	28953
kroE100.tsp	1.62	644950	644950	31601
kroE100.tsp	1.61	644950	644950	33616
kroE100.tsp	1.64	644950	644950	30834
lin105.tsp	1.67	644950	644950	22238
lin105.tsp	1.68	644950	644950	23154
lin105.tsp	1.67	644950	644950	20346
lin105.tsp	1.70	644950	644950	18770
lin105.tsp	1.68	644950	644950	20553
lin105.tsp	1.89	644950	644950	20983
lin105.tsp	1.68	644950	644950	22629
lin105.tsp	1.68	644950	644950	21027
lin105.tsp	1.68	644950	644950	20414
lin105.tsp	1.72	644950	644950	22966
lin318.tsp	4.25	644950	644950	93135
lin318.tsp	4.25	644950	644950	96310
lin318.tsp	4.30	644950	644950	95359
lin318.tsp	4.25	644950	644950	95081
lin318.tsp	4.25	644950	644950	89961
lin318.tsp	4.32	644950	644950	89099
lin318.tsp	4.26	644950	644950	91749
lin318.tsp	4.26	644950	644950	95274
lin318.tsp	4.24	644950	644950	100205
lin318.tsp	4.25	644950	644950	99395
linhp318.tsp	4.26	644950	644950	96170
linhp318.tsp	4.26	644950	644950	98816
linhp318.tsp	4.26	644950	644950	97128
linhp318.tsp	4.33	644950	644950	92006
linhp318.tsp	4.25	644950	644950	100903
linhp318.tsp	4.26	644950	644950	97687
linhp318.tsp	5.44	644950	644950	102435
linhp318.tsp	4.25	644950	644950	99670
linhp318.tsp	4.25	644950	644950	98585
linhp318.tsp	4.25	644950	644950	95254
pr107.tsp	1.72	644950	644950	97058
pr107.tsp	1.75	644950	644950	82464
pr107.tsp	1.70	644950	644950	66234
pr107.tsp	1.70	644950	644950	84970
pr107.tsp	1.71	644950	644950	80010
pr107.tsp	1.70	644950	644950	72042
pr107.tsp	1.70	644950	644950	65105
pr107.tsp	1.70	644950	644950	69202
pr107.tsp	1.74	644950	644950	89635
pr107.tsp	1.71	644950	644950	79997
pr124.tsp	1.90	644950	644950	106944
pr124.tsp	1.90	644950	644950	122726
pr124.tsp	1.90	644950	644950	94113
pr124.tsp	1.90	644950	644950	112210
pr124.tsp	1.90	644950	644950	117394
pr124.tsp	1.90	644950	644950	88092
pr124.tsp	1.90	644950	644950	101866
pr124.tsp	1.92	644950	644950	110097
pr124.tsp	1.95	644950	644950	95933
pr124.tsp	1.93	644950	644950	114370
pr136.tsp	2.13	644950	644950	169137
pr136.tsp	2.11	644950	644950	151709
pr136.tsp	2.11	644950	644950	141646
pr136.tsp	2.07	644950	644950	156906
pr136.tsp	2.09	644950	644950	147939
pr136.tsp	2.09	644950	644950	166265
pr136.tsp	2.07	644950	644950	144317
pr136.tsp	2.11	644950	644950	139719
pr136.tsp	2.06	644950	644950	152662
pr136.tsp	2.09	644950	644950	150964
pr144.tsp	2.19	644950	644950	126704
pr144.tsp	2.16	644950	644950	122226
pr144.tsp	2.20	644950	644950	115754
pr144.tsp	2.18	644950	644950	135081
pr144.tsp	2.17	644950	644950	120299
pr144.tsp	2.17	644950	644950	113694
pr144.tsp	2.16	644950	644950	138824
pr144.tsp	2.18	644950	644950	124990
pr144.tsp	2.18	644950	644950	134007
pr144.tsp	2.18	644950	644950	121161
pr152.tsp	2.28	644950	644950	154358
pr152.tsp	2.27	644950	644950	181161
pr152.tsp	2.49	644950	644950	156727
pr152.tsp	2.26	644950	644950	151859
pr152.tsp	2.27	644950	644950	160911
pr152.tsp	2.27	644950	644950	159152
pr152.tsp	2.26	644950	644950	152186
pr152.tsp	2.26	644950	644950	154858
pr152.tsp	2.26	644950	644950	178279
pr152.tsp	2.25	644950	644950	146218
pr226.tsp	3.16	644950	644950	261443
pr226.tsp	3.18	644950	644950	239334
pr226.tsp	3.18	644950	644950	229455
pr226.tsp	3.17	644950	644950	195529
pr226.tsp	3.16	644950	644950	251539
pr226.tsp	3.17	644950	644950	223314
pr226.tsp	3.18	644950	644950	240717
pr226.tsp	3.16	644950	644950	226619
pr226.tsp	3.15	644950	644950	245765
pr226.tsp	3.16	644950	644950	257201
pr264.tsp	3.58	644950	644950	148112
pr264.tsp	3.58	644950	644950	160219
pr264.tsp	3.58	644950	644950	132255
pr264.tsp	3.58	644950	644950	142446
pr264.tsp	3.57	644950	644950	136562
pr264.tsp	3.57	644950	644950	181161
pr264.tsp	4.64	644950	644950	140057
pr264.tsp	3.58	644950	644950	161715
pr264.tsp	3.58	644950	644950	168707
pr264.tsp	3.58	644950	644950	158736
pr299.tsp	4.01	644950	644950	100851
pr299.tsp	4.03	644950	644950	103542
pr299.tsp	4.03	644950	644950	109023
pr299.tsp	4.01	644950	644950	109072
pr299.tsp	4.00	644950	644950	109340
pr299.tsp	4.02	644950	644950	105001
pr299.tsp	4.01	644950	644950	102209
pr299.tsp	4.01	644950	644950	110792
pr299.tsp	4.01	644950	644950	106669
pr299.tsp	4.01	644950	644950	111280
pr439.tsp	5.84	644950	644950	307136
pr439.tsp	5.98	644950	644950	324912
pr439.tsp	5.82	644950	644950	331127
pr439.tsp	5.86	644950	644950	285190
pr439.tsp	5.86	644950	644950	306018
pr439.tsp	5.85	644950	644950	328022
pr439.tsp	5.86	644950	644950	308472
pr439.tsp	5.85	644950	644950	294182
pr439.tsp	7.46	644950	644950	298105
pr439.tsp	5.87	644950	644950	297421
pr76.tsp	1.33	644950	644950	142726
pr76.tsp	1.34	644950	644950	125773
pr76.tsp	1.36	644950	644950	126164
pr76.tsp	1.35	644950	644950	131344
pr76.tsp	1.32	644950	644950	127160
pr76.tsp	1.36	644950	644950	125213
pr76.tsp	1.36	644950	644950	138160
pr76.tsp	1.35	644950	644950	140552
pr76.tsp	1.34	644950	644950	129135
pr76.tsp	1.36	644950	644950	131927
rat575.tsp	8.05	644950	644950	18614
rat575.tsp	8.08	644950	644950	18437
rat575.tsp	8.08	644950	644950	17634
rat575.tsp	8.09	644950	644950	18053
rat575.tsp	8.11	644950	644950	18379
rat575.tsp	8.07	644950	644950	18039
rat575.tsp	8.09	644950	644950	17687
rat575.tsp	8.07	644950	644950	17991
rat575.tsp	8.02	644950	644950	17166
rat575.tsp	8.10	644950	644950	18571
rat783.tsp	11.39	644950	644950	31777
rat783.tsp	11.31	644950	644950	29564
rat783.tsp	11.34	644950	644950	29478
rat783.tsp	11.35	644950	644950	28482
rat783.tsp	11.44	644950	644950	29812
rat783.tsp	11.22	644950	644950	29171
rat783.tsp	11.22	644950	644950	30582
rat783.tsp	11.23	644950	644950	29569
rat783.tsp	12.04	644950	644950	28325
rat783.tsp	11.39	644950	644950	30383
rat99.tsp	1.63	644950	644950	1496
rat99.tsp	1.62	644950	644950	1535
rat99.tsp	1.64	644950	644950	1540
rat99.tsp	1.61	644950	644950	1509
rat99.tsp	1.62	644950	644950	1622
rat99.tsp	1.63	644950	644950	1399
rat99.tsp	1.62	644950	644950	1410
rat99.tsp	1.63	644950	644950	1527
rat99.tsp	1.62	644950	644950	1440
rat99.tsp	1.63	644950	644950	1571
