a280.tsp	2.18	368538	368538	5625
a280.tsp	2.19	368538	368538	5873
a280.tsp	2.18	368538	368538	6206
a280.tsp	2.18	368538	368538	6162
a280.tsp	2.19	368538	368538	5593
a280.tsp	2.18	368538	368538	5644
a280.tsp	2.19	368538	368538	5780
a280.tsp	2.18	368538	368538	5496
a280.tsp	2.17	368538	368538	5606
a280.tsp	2.17	368538	368538	5306
berlin52.tsp	0.64	368538	368538	8491
berlin52.tsp	0.61	368538	368538	8753
berlin52.tsp	0.60	368538	368538	9168
berlin52.tsp	0.61	368538	368538	8784
berlin52.tsp	0.60	368538	368538	8261
berlin52.tsp	0.60	368538	368538	9177
berlin52.tsp	0.61	368538	368538	8848
berlin52.tsp	0.61	368538	368538	8353
berlin52.tsp	0.60	368538	368538	8399
berlin52.tsp	0.60	368538	368538	8225
bier127.tsp	1.13	368538	368538	153683
bier127.tsp	1.12	368538	368538	158956
bier127.tsp	1.13	368538	368538	169138
bier127.tsp	1.12	368538	368538	154750
bier127.tsp	1.13	368538	368538	161863
bier127.tsp	1.13	368538	368538	148393
bier127.tsp	1.14	368538	368538	164550
bier127.tsp	1.18	368538	368538	157564
bier127.tsp	1.13	368538	368538	153326
bier127.tsp	1.12	368538	368538	168569
eil101.tsp	0.96	368538	368538	746
eil101.tsp	0.94	368538	368538	797
eil101.tsp	0.94	368538	368538	748
eil101.tsp	1.14	368538	368538	793
eil101.tsp	0.94	368538	368538	763
eil101.tsp	0.94	368538	368538	778
eil101.tsp	0.94	368538	368538	777
eil101.tsp	0.94	368538	368538	838
eil101.tsp	0.94	368538	368538	812
eil101.tsp	0.94	368538	368538	787
eil51.tsp	0.62	368538	368538	473
eil51.tsp	0.62	368538	368538	499
eil51.tsp	0.61	368538	368538	469
eil51.tsp	0.61	368538	368538	459
eil51.tsp	0.60	368538	368538	466
eil51.tsp	0.61	368538	368538	448
eil51.tsp	0.62	368538	368538	436
eil51.tsp	0.61	368538	368538	451
eil51.tsp	0.62	368538	368538	453
eil51.tsp	0.60	368538	368538	454
eil76.tsp	0.77	368538	368538	622
eil76.tsp	0.77	368538	368538	644
eil76.tsp	0.77	368538	368538	628
eil76.tsp	0.81	368538	368538	613
eil76.tsp	0.78	368538	368538	612
eil76.tsp	0.78	368538	368538	643
eil76.tsp	0.77	368538	368538	627
eil76.tsp	0.77	368538	368538	608
eil76.tsp	0.78	368538	368538	612
eil76.tsp	0.78	368538	368538	620
gil262.tsp	2.05	368538	368538	4855
gil262.tsp	2.05	368538	368538	5041
gil262.tsp	2.04	368538	368538	4459
gil262.tsp	2.05	368538	368538	4825
gil262.tsp	2.05	368538	368538	4923
gil262.tsp	2.05	368538	368538	4745
gil262.tsp	2.06	368538	368538	4108
gil262.tsp	2.05	368538	368538	5132
gil262.tsp	2.08	368538	368538	4892
gil262.tsp	2.06	368538	368538	5121
kroA100.tsp	0.96	368538	368538	29460
kroA100.tsp	0.94	368538	368538	28233
kroA100.tsp	0.92	368538	368538	30767
kroA100.tsp	0.92	368538	368538	37113
kroA100.tsp	0.95	368538	368538	28644
kroA100.tsp	1.24	368538	368538	34288
kroA100.tsp	0.96	368538	368538	29030
kroA100.tsp	0.92	368538	368538	33565
kroA100.tsp	0.92	368538	368538	31767
kroA100.tsp	0.95	368538	368538	32002
kroA150.tsp	1.28	368538	368538	43558
kroA150.tsp	1.29	368538	368538	45651
kroA150.tsp	1.32	368538	368538	45213
kroA150.tsp	1.28	368538	368538	43242
kroA150.tsp	1.28	368538	368538	47538
kroA150.tsp	1.29	368538	368538	46985
kroA150.tsp	1.28	368538	368538	44432
kroA150.tsp	1.28	368538	368538	47660
kroA150.tsp	1.32	368538	368538	48814
kroA150.tsp	1.30	368538	368538	43786
kroA200.tsp	1.66	368538	368538	58095
kroA200.tsp	1.63	368538	368538	61215
kroA200.tsp	1.62	368538	368538	61867
kroA200.tsp	1.63	368538	368538	55613
kroA200.tsp	1.63	368538	368538	55095
kroA200.tsp	1.62	368538	368538	53636
kroA200.tsp	1.62	368538	368538	56180
kroA200.tsp	1.62	368538	368538	57131
kroA200.tsp	1.63	368538	368538	55380
kroA200.tsp	1.62	368538	368538	55002
kroB100.tsp	0.95	368538	368538	31599
kroB100.tsp	0.96	368538	368538	34460
kroB100.tsp	0.92	368538	368538	33333
kroB100.tsp	0.94	368538	368538	32384
kroB100.tsp	0.94	368538	368538	31197
kroB100.tsp	0.94	368538	368538	32764
kroB100.tsp	0.93	368538	368538	33150
kroB100.tsp	0.93	368538	368538	33877
kroB100.tsp	0.94	368538	368538	28815
kroB100.tsp	0.92	368538	368538	30969
kroB150.tsp	1.28	368538	368538	40981
kroB150.tsp	1.30	368538	368538	37731
kroB150.tsp	1.28	368538	368538	46233
kroB150.tsp	1.28	368538	368538	47549
kroB150.tsp	1.28	368538	368538	39725
kroB150.tsp	1.34	368538	368538	43693
kroB150.tsp	1.28	368538	368538	40816
kroB150.tsp	1.32	368538	368538	45015
kroB150.tsp	1.31	368538	368538	46205
kroB150.tsp	1.31	368538	368538	44226
kroB200.tsp	1.62	368538	368538	55166
kroB200.tsp	1.63	368538	368538	58805
kroB200.tsp	1.64	368538	368538	48845
kroB200.tsp	1.62	368538	368538	58526
kroB200.tsp	1.62	368538	368538	57937
kroB200.tsp	1.62	368538	368538	58142
kroB200.tsp	1.68	368538	368538	51032
kroB200.tsp	1.67	368538	368538	53800
kroB200.tsp	1.66	368538	368538	60983
kroB200.tsp	1.68	368538	368538	55211
kroC100.tsp	0.93	368538	368538	29269
kroC100.tsp	0.92	368538	368538	32643
kroC100.tsp	0.94	368538	368538	34243
kroC100.tsp	0.94	368538	368538	36884
kroC100.tsp	0.94	368538	368538	28212
kroC100.tsp	0.91	368538	368538	33468
kroC100.tsp	0.94	368538	368538	30073
kroC100.tsp	0.92	368538	368538	31340
kroC100.tsp	0.94	368538	368538	30635
kroC100.tsp	0.94	368538	368538	37740
kroD100.tsp	0.94	368538	368538	29530
kroD100.tsp	0.92	368538	368538	31763
kroD100.tsp	0.98	368538	368538	32647
kroD100.tsp	0.94	368538	368538	30648
kroD100.tsp	0.92	368538	368538	32200
kroD100.tsp	0.92	368538	368538	32900
kroD100.tsp	0.94	368538	368538	30902
kroD100.tsp	0.95	368538	368538	29835
kroD100.tsp	0.93	368538	368538	29856
kroD100.tsp	0.92	368538	368538	33058
kroE100.tsp	0.94	368538	368538	32730
kroE100.tsp	0.94	368538	368538	31130
kroE100.tsp	0.93	368538	368538	33096
kroE100.tsp	0.94	368538	368538	31267
kroE100.tsp	0.94	368538	368538	30613
kroE100.tsp	0.93	368538	368538	34099
kroE100.tsp	0.94	368538	368538	33562
kroE100.tsp	0.92	368538	368538	29827
kroE100.tsp	0.94	368538	368538	31512
kroE100.tsp	0.92	368538	368538	31759
lin105.tsp	0.97	368538	368538	25440
lin105.tsp	0.96	368538	368538	21771
lin105.tsp	0.96	368538	368538	22599
lin105.tsp	0.95	368538	368538	22361
lin105.tsp	0.96	368538	368538	23691
lin105.tsp	0.96	368538	368538	22315
lin105.tsp	0.96	368538	368538	23812
lin105.tsp	0.95	368538	368538	21775
lin105.tsp	0.96	368538	368538	21211
lin105.tsp	0.96	368538	368538	22187
lin318.tsp	2.48	368538	368538	109109
lin318.tsp	2.44	368538	368538	106026
lin318.tsp	2.51	368538	368538	108017
lin318.tsp	2.42	368538	368538	104334
lin318.tsp	2.44	368538	368538	102611
lin318.tsp	2.44	368538	368538	107499
lin318.tsp	2.46	368538	368538	110040
lin318.tsp	2.43	368538	368538	106182
lin318.tsp	2.73	368538	368538	91800
lin318.tsp	2.43	368538	368538	108833
linhp318.tsp	2.45	368538	368538	95384
linhp318.tsp	2.42	368538	368538	105867
linhp318.tsp	2.43	368538	368538	109624
linhp318.tsp	2.46	368538	368538	107190
linhp318.tsp	2.46	368538	368538	110978
linhp318.tsp	2.46	368538	368538	105580
linhp318.tsp	2.47	368538	368538	103888
linhp318.tsp	2.44	368538	368538	107665
linhp318.tsp	2.50	368538	368538	111892
linhp318.tsp	2.43	368538	368538	104887
pr107.tsp	1.01	368538	368538	93666
pr107.tsp	1.09	368538	368538	89488
pr107.tsp	0.98	368538	368538	109281
pr107.tsp	0.97	368538	368538	67223
pr107.tsp	0.97	368538	368538	84377
pr107.tsp	0.98	368538	368538	72536
pr107.tsp	0.97	368538	368538	95457
pr107.tsp	1.02	368538	368538	86641
pr107.tsp	0.98	368538	368538	87226
pr107.tsp	0.97	368538	368538	64175
pr124.tsp	1.09	368538	368538	102774
pr124.tsp	1.10	368538	368538	106925
pr124.tsp	1.09	368538	368538	115293
pr124.tsp	1.08	368538	368538	99654
pr124.tsp	1.08	368538	368538	115693
pr124.tsp	1.08	368538	368538	116703
pr124.tsp	1.10	368538	368538	103695
pr124.tsp	1.11	368538	368538	126957
pr124.tsp	1.08	368538	368538	109795
pr124.tsp	1.09	368538	368538	108273
pr136.tsp	1.22	368538	368538	157271
pr136.tsp	1.21	368538	368538	155137
pr136.tsp	1.22	368538	368538	139861
pr136.tsp	1.18	368538	368538	148040
pr136.tsp	1.19	368538	368538	148700
pr136.tsp	1.19	368538	368538	143203
pr136.tsp	1.18	368538	368538	167723
pr136.tsp	1.20	368538	368538	139186
pr136.tsp	1.18	368538	368538	157830
pr136.tsp	1.20	368538	368538	166805
pr144.tsp	1.27	368538	368538	124144
pr144.tsp	1.26	368538	368538	133751
pr144.tsp	1.27	368538	368538	147602
pr144.tsp	1.24	368538	368538	135900
pr144.tsp	1.28	368538	368538	128574
pr144.tsp	1.29	368538	368538	135644
pr144.tsp	1.24	368538	368538	135501
pr144.tsp	1.24	368538	368538	133977
pr144.tsp	1.23	368538	368538	131662
pr144.tsp	1.24	368538	368538	123051
pr152.tsp	1.68	368538	368538	179406
pr152.tsp	1.30	368538	368538	184451
pr152.tsp	1.29	368538	368538	171332
pr152.tsp	1.30	368538	368538	172824
pr152.tsp	1.29	368538	368538	194448
pr152.tsp	1.28	368538	368538	151475
pr152.tsp	1.35	368538	368538	181245
pr152.tsp	1.30	368538	368538	155032
pr152.tsp	1.29	368538	368538	205109
pr152.tsp	1.30	368538	368538	165856
pr226.tsp	1.88	368538	368538	275008
pr226.tsp	1.80	368538	368538	257230
pr226.tsp	2.31	368538	368538	260114
pr226.tsp	1.81	368538	368538	277136
pr226.tsp	1.80	368538	368538	279124
pr226.tsp	1.80	368538	368538	259031
pr226.tsp	1.79	368538	368538	241677
pr226.tsp	1.80	368538	368538	251763
pr226.tsp	1.81	368538	368538	292633
pr226.tsp	2.31	368538	368538	226017
pr264.tsp	2.05	368538	368538	172712
pr264.tsp	2.04	368538	368538	171343
pr264.tsp	2.14	368538	368538	163581
pr264.tsp	2.04	368538	368538	171118
pr264.tsp	2.05	368538	368538	177599
pr264.tsp	2.04	368538	368538	176054
pr264.tsp	2.04	368538	368538	180456
pr264.tsp	2.05	368538	368538	175021
pr264.tsp	2.05	368538	368538	167827
pr264.tsp	2.04	368538	368538	186593
pr299.tsp	2.30	368538	368538	118980
pr299.tsp	2.30	368538	368538	112667
pr299.tsp	2.30	368538	368538	115921
pr299.tsp	2.30	368538	368538	127875
pr299.tsp	2.30	368538	368538	109378
pr299.tsp	2.29	368538	368538	109329
pr299.tsp	2.30	368538	368538	120450
pr299.tsp	2.30	368538	368538	102750
pr299.tsp	2.30	368538	368538	128350
pr299.tsp	2.30	368538	368538	109235
pr439.tsp	3.32	368538	368538	338163
pr439.tsp	3.34	368538	368538	325232
pr439.tsp	3.36	368538	368538	334443
pr439.tsp	3.34	368538	368538	342717
pr439.tsp	3.33	368538	368538	357986
pr439.tsp	3.51	368538	368538	361469
pr439.tsp	3.33	368538	368538	330929
pr439.tsp	3.34	368538	368538	343797
pr439.tsp	3.35	368538	368538	318499
pr439.tsp	3.42	368538	368538	345563
pr76.tsp	0.76	368538	368538	134047
pr76.tsp	0.76	368538	368538	131393
pr76.tsp	0.78	368538	368538	138700
pr76.tsp	0.77	368538	368538	150297
pr76.tsp	0.78	368538	368538	133097
pr76.tsp	0.78	368538	368538	146033
pr76.tsp	0.76	368538	368538	138782
pr76.tsp	0.78	368538	368538	140898
pr76.tsp	0.74	368538	368538	136513
pr76.tsp	0.77	368538	368538	138582
rat575.tsp	4.61	368538	368538	19885
rat575.tsp	6.17	368538	368538	19156
rat575.tsp	4.63	368538	368538	20240
rat575.tsp	4.62	368538	368538	18897
rat575.tsp	4.62	368538	368538	20559
rat575.tsp	4.61	368538	368538	19493
rat575.tsp	4.61	368538	368538	20399
rat575.tsp	4.61	368538	368538	19625
rat575.tsp	4.60	368538	368538	19667
rat575.tsp	4.63	368538	368538	20231
rat783.tsp	6.48	368538	368538	33153
rat783.tsp	6.45	368538	368538	34490
rat783.tsp	6.45	368538	368538	34226
rat783.tsp	6.53	368538	368538	32247
rat783.tsp	6.52	368538	368538	36554
rat783.tsp	6.40	368538	368538	34011
rat783.tsp	6.40	368538	368538	33913
rat783.tsp	6.40	368538	368538	33986
rat783.tsp	6.45	368538	368538	32994
rat783.tsp	6.54	368538	368538	34459
rat99.tsp	0.93	368538	368538	1520
rat99.tsp	0.93	368538	368538	1656
rat99.tsp	0.93	368538	368538	1730
rat99.tsp	0.92	368538	368538	1543
rat99.tsp	0.92	368538	368538	1747
rat99.tsp	0.92	368538	368538	1755
rat99.tsp	0.93	368538	368538	1750
rat99.tsp	0.94	368538	368538	1664
rat99.tsp	0.93	368538	368538	1855
rat99.tsp	0.94	368538	368538	1701
