a280.tsp	2.98	506558	506558	5700
a280.tsp	2.99	506558	506558	5194
a280.tsp	2.99	506558	506558	5402
a280.tsp	2.99	506558	506558	5352
a280.tsp	3.00	506558	506558	5468
a280.tsp	3.00	506558	506558	5425
a280.tsp	2.99	506558	506558	5644
a280.tsp	3.00	506558	506558	5333
a280.tsp	2.99	506558	506558	5583
a280.tsp	2.99	506558	506558	5424
berlin52.tsp	0.84	506558	506558	8569
berlin52.tsp	0.84	506558	506558	7846
berlin52.tsp	0.84	506558	506558	8581
berlin52.tsp	0.85	506558	506558	8530
berlin52.tsp	0.83	506558	506558	8236
berlin52.tsp	0.84	506558	506558	8548
berlin52.tsp	0.84	506558	506558	8107
berlin52.tsp	0.82	506558	506558	8853
berlin52.tsp	0.82	506558	506558	9149
berlin52.tsp	0.84	506558	506558	8606
bier127.tsp	1.54	506558	506558	170456
bier127.tsp	1.54	506558	506558	160146
bier127.tsp	1.56	506558	506558	156076
bier127.tsp	1.56	506558	506558	168558
bier127.tsp	1.54	506558	506558	181731
bier127.tsp	1.55	506558	506558	156772
bier127.tsp	1.54	506558	506558	161260
bier127.tsp	1.55	506558	506558	165504
bier127.tsp	1.55	506558	506558	161063
bier127.tsp	1.54	506558	506558	165706
eil101.tsp	1.30	506558	506558	779
eil101.tsp	1.29	506558	506558	797
eil101.tsp	1.30	506558	506558	762
eil101.tsp	1.30	506558	506558	722
eil101.tsp	1.29	506558	506558	798
eil101.tsp	1.29	506558	506558	753
eil101.tsp	1.30	506558	506558	820
eil101.tsp	1.31	506558	506558	773
eil101.tsp	1.29	506558	506558	754
eil101.tsp	1.30	506558	506558	756
eil51.tsp	0.84	506558	506558	484
eil51.tsp	0.83	506558	506558	499
eil51.tsp	0.83	506558	506558	446
eil51.tsp	0.84	506558	506558	474
eil51.tsp	0.84	506558	506558	456
eil51.tsp	0.83	506558	506558	462
eil51.tsp	0.85	506558	506558	459
eil51.tsp	0.84	506558	506558	468
eil51.tsp	0.83	506558	506558	464
eil51.tsp	0.85	506558	506558	454
eil76.tsp	1.05	506558	506558	626
eil76.tsp	1.07	506558	506558	658
eil76.tsp	1.06	506558	506558	656
eil76.tsp	1.06	506558	506558	642
eil76.tsp	1.07	506558	506558	631
eil76.tsp	1.07	506558	506558	635
eil76.tsp	1.06	506558	506558	636
eil76.tsp	1.06	506558	506558	580
eil76.tsp	1.06	506558	506558	609
eil76.tsp	1.06	506558	506558	636
gil262.tsp	2.82	506558	506558	4784
gil262.tsp	2.80	506558	506558	4714
gil262.tsp	2.81	506558	506558	4637
gil262.tsp	2.81	506558	506558	4374
gil262.tsp	2.80	506558	506558	4336
gil262.tsp	2.82	506558	506558	5068
gil262.tsp	2.80	506558	506558	4373
gil262.tsp	2.80	506558	506558	5022
gil262.tsp	2.81	506558	506558	4407
gil262.tsp	2.81	506558	506558	4348
kroA100.tsp	1.26	506558	506558	30439
kroA100.tsp	1.28	506558	506558	31003
kroA100.tsp	1.26	506558	506558	28201
kroA100.tsp	1.41	506558	506558	34764
kroA100.tsp	1.27	506558	506558	30149
kroA100.tsp	1.26	506558	506558	30923
kroA100.tsp	1.26	506558	506558	33685
kroA100.tsp	1.26	506558	506558	35009
kroA100.tsp	1.26	506558	506558	31587
kroA100.tsp	1.28	506558	506558	30580
kroA150.tsp	1.75	506558	506558	47904
kroA150.tsp	1.76	506558	506558	44535
kroA150.tsp	1.76	506558	506558	44904
kroA150.tsp	1.76	506558	506558	45265
kroA150.tsp	1.76	506558	506558	40189
kroA150.tsp	1.77	506558	506558	47787
kroA150.tsp	1.76	506558	506558	40940
kroA150.tsp	1.76	506558	506558	42091
kroA150.tsp	1.76	506558	506558	47482
kroA150.tsp	1.76	506558	506558	47697
kroA200.tsp	2.23	506558	506558	52501
kroA200.tsp	2.22	506558	506558	60916
kroA200.tsp	2.22	506558	506558	57036
kroA200.tsp	2.23	506558	506558	53677
kroA200.tsp	2.22	506558	506558	51378
kroA200.tsp	2.23	506558	506558	55769
kroA200.tsp	2.24	506558	506558	53004
kroA200.tsp	2.23	506558	506558	56819
kroA200.tsp	2.21	506558	506558	47781
kroA200.tsp	2.24	506558	506558	64278
kroB100.tsp	1.27	506558	506558	31139
kroB100.tsp	1.26	506558	506558	29963
kroB100.tsp	1.26	506558	506558	30765
kroB100.tsp	1.26	506558	506558	34354
kroB100.tsp	1.27	506558	506558	34078
kroB100.tsp	1.26	506558	506558	32219
kroB100.tsp	1.26	506558	506558	29188
kroB100.tsp	1.27	506558	506558	28192
kroB100.tsp	1.29	506558	506558	31833
kroB100.tsp	1.27	506558	506558	30133
kroB150.tsp	1.76	506558	506558	43411
kroB150.tsp	1.76	506558	506558	46053
kroB150.tsp	1.76	506558	506558	39240
kroB150.tsp	1.76	506558	506558	40009
kroB150.tsp	1.76	506558	506558	44438
kroB150.tsp	1.76	506558	506558	43416
kroB150.tsp	1.76	506558	506558	42906
kroB150.tsp	1.76	506558	506558	45327
kroB150.tsp	1.77	506558	506558	43500
kroB150.tsp	1.76	506558	506558	40084
kroB200.tsp	2.23	506558	506558	59759
kroB200.tsp	2.23	506558	506558	51070
kroB200.tsp	2.24	506558	506558	52756
kroB200.tsp	2.23	506558	506558	50464
kroB200.tsp	2.23	506558	506558	55043
kroB200.tsp	2.23	506558	506558	49938
kroB200.tsp	2.24	506558	506558	55275
kroB200.tsp	2.22	506558	506558	53134
kroB200.tsp	2.23	506558	506558	56964
kroB200.tsp	2.24	506558	506558	54337
kroC100.tsp	1.30	506558	506558	30568
kroC100.tsp	1.26	506558	506558	31426
kroC100.tsp	1.28	506558	506558	31229
kroC100.tsp	1.26	506558	506558	31029
kroC100.tsp	1.26	506558	506558	29866
kroC100.tsp	1.29	506558	506558	30814
kroC100.tsp	1.28	506558	506558	29559
kroC100.tsp	1.26	506558	506558	29800
kroC100.tsp	1.27	506558	506558	29603
kroC100.tsp	1.27	506558	506558	36230
kroD100.tsp	1.26	506558	506558	31061
kroD100.tsp	1.26	506558	506558	31487
kroD100.tsp	1.28	506558	506558	31589
kroD100.tsp	1.29	506558	506558	32272
kroD100.tsp	1.26	506558	506558	32599
kroD100.tsp	1.27	506558	506558	29303
kroD100.tsp	1.27	506558	506558	31908
kroD100.tsp	1.26	506558	506558	31124
kroD100.tsp	1.28	506558	506558	27961
kroD100.tsp	1.29	506558	506558	26605
kroE100.tsp	1.26	506558	506558	26669
kroE100.tsp	1.30	506558	506558	29789
kroE100.tsp	1.26	506558	506558	33704
kroE100.tsp	1.30	506558	506558	31377
kroE100.tsp	1.29	506558	506558	27754
kroE100.tsp	1.26	506558	506558	29881
kroE100.tsp	1.26	506558	506558	31241
kroE100.tsp	1.30	506558	506558	30696
kroE100.tsp	1.26	506558	506558	32204
kroE100.tsp	1.26	506558	506558	29204
lin105.tsp	1.32	506558	506558	20868
lin105.tsp	1.31	506558	506558	21382
lin105.tsp	1.32	506558	506558	21771
lin105.tsp	1.32	506558	506558	20972
lin105.tsp	1.33	506558	506558	23581
lin105.tsp	1.31	506558	506558	21796
lin105.tsp	1.31	506558	506558	21765
lin105.tsp	1.31	506558	506558	21924
lin105.tsp	1.32	506558	506558	22249
lin105.tsp	1.31	506558	506558	23842
lin318.tsp	3.35	506558	506558	92375
lin318.tsp	3.33	506558	506558	106642
lin318.tsp	4.38	506558	506558	90124
lin318.tsp	3.32	506558	506558	100252
lin318.tsp	3.33	506558	506558	96627
lin318.tsp	3.34	506558	506558	99212
lin318.tsp	3.34	506558	506558	95557
lin318.tsp	3.34	506558	506558	102153
lin318.tsp	3.33	506558	506558	97780
lin318.tsp	3.33	506558	506558	95570
linhp318.tsp	3.34	506558	506558	97985
linhp318.tsp	3.33	506558	506558	100413
linhp318.tsp	3.34	506558	506558	93749
linhp318.tsp	3.34	506558	506558	102860
linhp318.tsp	3.34	506558	506558	101400
linhp318.tsp	3.33	506558	506558	97969
linhp318.tsp	3.34	506558	506558	98371
linhp318.tsp	3.34	506558	506558	96544
linhp318.tsp	3.35	506558	506558	102034
linhp318.tsp	3.34	506558	506558	98479
pr107.tsp	1.34	506558	506558	84547
pr107.tsp	1.34	506558	506558	87357
pr107.tsp	1.33	506558	506558	85258
pr107.tsp	1.34	506558	506558	88141
pr107.tsp	1.33	506558	506558	82103
pr107.tsp	1.34	506558	506558	83388
pr107.tsp	1.33	506558	506558	94958
pr107.tsp	1.34	506558	506558	82196
pr107.tsp	1.34	506558	506558	83769
pr107.tsp	1.34	506558	506558	83290
pr124.tsp	1.50	506558	506558	115935
pr124.tsp	1.47	506558	506558	118427
pr124.tsp	1.49	506558	506558	106645
pr124.tsp	1.48	506558	506558	92055
pr124.tsp	1.49	506558	506558	123494
pr124.tsp	1.49	506558	506558	94533
pr124.tsp	1.50	506558	506558	109688
pr124.tsp	1.50	506558	506558	114376
pr124.tsp	1.48	506558	506558	97800
pr124.tsp	1.49	506558	506558	100196
pr136.tsp	1.62	506558	506558	132402
pr136.tsp	1.63	506558	506558	145537
pr136.tsp	1.64	506558	506558	153655
pr136.tsp	1.63	506558	506558	148639
pr136.tsp	1.64	506558	506558	152271
pr136.tsp	1.63	506558	506558	138103
pr136.tsp	1.63	506558	506558	140825
pr136.tsp	1.64	506558	506558	134986
pr136.tsp	1.64	506558	506558	148289
pr136.tsp	1.63	506558	506558	146206
pr144.tsp	1.70	506558	506558	106808
pr144.tsp	1.70	506558	506558	131679
pr144.tsp	1.72	506558	506558	122272
pr144.tsp	1.70	506558	506558	126665
pr144.tsp	1.70	506558	506558	127359
pr144.tsp	1.71	506558	506558	134153
pr144.tsp	1.69	506558	506558	123242
pr144.tsp	1.70	506558	506558	106238
pr144.tsp	1.70	506558	506558	127292
pr144.tsp	1.71	506558	506558	131193
pr152.tsp	1.76	506558	506558	159858
pr152.tsp	1.78	506558	506558	181041
pr152.tsp	1.79	506558	506558	145432
pr152.tsp	1.79	506558	506558	150637
pr152.tsp	1.78	506558	506558	169065
pr152.tsp	1.78	506558	506558	162475
pr152.tsp	1.78	506558	506558	179122
pr152.tsp	1.77	506558	506558	163651
pr152.tsp	1.78	506558	506558	203343
pr152.tsp	1.79	506558	506558	151247
pr226.tsp	2.48	506558	506558	237655
pr226.tsp	2.49	506558	506558	264774
pr226.tsp	2.48	506558	506558	264373
pr226.tsp	2.47	506558	506558	251839
pr226.tsp	2.48	506558	506558	219373
pr226.tsp	2.47	506558	506558	233173
pr226.tsp	2.47	506558	506558	205544
pr226.tsp	2.48	506558	506558	294555
pr226.tsp	2.49	506558	506558	208956
pr226.tsp	2.46	506558	506558	218474
pr264.tsp	2.80	506558	506558	160076
pr264.tsp	2.81	506558	506558	156352
pr264.tsp	2.82	506558	506558	168115
pr264.tsp	2.80	506558	506558	171186
pr264.tsp	2.80	506558	506558	149443
pr264.tsp	2.80	506558	506558	166797
pr264.tsp	2.81	506558	506558	169398
pr264.tsp	2.81	506558	506558	168609
pr264.tsp	2.80	506558	506558	168709
pr264.tsp	2.80	506558	506558	167762
pr299.tsp	3.15	506558	506558	112746
pr299.tsp	3.16	506558	506558	106156
pr299.tsp	3.15	506558	506558	107924
pr299.tsp	3.15	506558	506558	114341
pr299.tsp	3.14	506558	506558	119385
pr299.tsp	3.15	506558	506558	100859
pr299.tsp	3.14	506558	506558	106434
pr299.tsp	3.15	506558	506558	125482
pr299.tsp	3.16	506558	506558	110195
pr299.tsp	3.16	506558	506558	104478
pr439.tsp	4.59	506558	506558	326997
pr439.tsp	4.58	506558	506558	313182
pr439.tsp	4.58	506558	506558	329568
pr439.tsp	4.57	506558	506558	320743
pr439.tsp	4.58	506558	506558	327763
pr439.tsp	4.58	506558	506558	316036
pr439.tsp	4.58	506558	506558	302477
pr439.tsp	4.57	506558	506558	291827
pr439.tsp	4.59	506558	506558	291899
pr439.tsp	4.59	506558	506558	320126
pr76.tsp	1.07	506558	506558	145175
pr76.tsp	1.06	506558	506558	135319
pr76.tsp	1.05	506558	506558	137324
pr76.tsp	1.05	506558	506558	138676
pr76.tsp	1.04	506558	506558	130284
pr76.tsp	1.04	506558	506558	133664
pr76.tsp	1.06	506558	506558	141861
pr76.tsp	1.04	506558	506558	138768
pr76.tsp	1.04	506558	506558	129167
pr76.tsp	1.04	506558	506558	135098
rat575.tsp	6.29	506558	506558	19399
rat575.tsp	6.29	506558	506558	18358
rat575.tsp	6.33	506558	506558	18686
rat575.tsp	6.33	506558	506558	18396
rat575.tsp	6.29	506558	506558	19198
rat575.tsp	6.29	506558	506558	19590
rat575.tsp	6.32	506558	506558	19829
rat575.tsp	6.33	506558	506558	18922
rat575.tsp	6.30	506558	506558	17731
rat575.tsp	6.32	506558	506558	19549
rat783.tsp	8.80	506558	506558	32298
rat783.tsp	8.96	506558	506558	32482
rat783.tsp	8.90	506558	506558	31592
rat783.tsp	8.94	506558	506558	28715
rat783.tsp	8.80	506558	506558	32046
rat783.tsp	8.81	506558	506558	29163
rat783.tsp	8.84	506558	506558	29488
rat783.tsp	8.82	506558	506558	31858
rat783.tsp	8.81	506558	506558	29266
rat783.tsp	8.94	506558	506558	32295
rat99.tsp	1.26	506558	506558	1489
rat99.tsp	1.28	506558	506558	1662
rat99.tsp	1.28	506558	506558	1671
rat99.tsp	1.29	506558	506558	1564
rat99.tsp	1.29	506558	506558	1562
rat99.tsp	1.28	506558	506558	1584
rat99.tsp	1.38	506558	506558	1571
rat99.tsp	1.27	506558	506558	1660
rat99.tsp	1.27	506558	506558	1693
rat99.tsp	1.28	506558	506558	1557
