a280.tsp	2.54	427737	427737	5729
a280.tsp	2.56	427737	427737	5689
a280.tsp	2.54	427737	427737	5740
a280.tsp	2.52	427737	427737	5266
a280.tsp	2.54	427737	427737	5500
a280.tsp	2.54	427737	427737	5808
a280.tsp	2.52	427737	427737	6103
a280.tsp	2.52	427737	427737	5311
a280.tsp	2.52	427737	427737	5636
a280.tsp	2.58	427737	427737	5113
berlin52.tsp	0.71	427737	427737	8289
berlin52.tsp	0.71	427737	427737	8185
berlin52.tsp	0.73	427737	427737	8686
berlin52.tsp	0.70	427737	427737	9008
berlin52.tsp	0.70	427737	427737	8600
berlin52.tsp	0.70	427737	427737	8670
berlin52.tsp	0.70	427737	427737	8174
berlin52.tsp	0.71	427737	427737	9213
berlin52.tsp	0.70	427737	427737	8583
berlin52.tsp	0.71	427737	427737	8308
bier127.tsp	1.32	427737	427737	169326
bier127.tsp	1.33	427737	427737	149435
bier127.tsp	1.31	427737	427737	158309
bier127.tsp	1.36	427737	427737	149306
bier127.tsp	1.32	427737	427737	169177
bier127.tsp	1.33	427737	427737	163256
bier127.tsp	1.30	427737	427737	160714
bier127.tsp	1.32	427737	427737	159076
bier127.tsp	1.30	427737	427737	161385
bier127.tsp	1.31	427737	427737	153666
eil101.tsp	1.10	427737	427737	804
eil101.tsp	1.10	427737	427737	788
eil101.tsp	1.11	427737	427737	756
eil101.tsp	1.09	427737	427737	772
eil101.tsp	1.10	427737	427737	721
eil101.tsp	1.10	427737	427737	765
eil101.tsp	1.10	427737	427737	832
eil101.tsp	1.10	427737	427737	836
eil101.tsp	1.10	427737	427737	832
eil101.tsp	1.10	427737	427737	791
eil51.tsp	0.71	427737	427737	462
eil51.tsp	0.72	427737	427737	517
eil51.tsp	0.70	427737	427737	472
eil51.tsp	0.71	427737	427737	466
eil51.tsp	0.71	427737	427737	450
eil51.tsp	0.69	427737	427737	472
eil51.tsp	0.71	427737	427737	490
eil51.tsp	0.70	427737	427737	478
eil51.tsp	0.70	427737	427737	495
eil51.tsp	0.71	427737	427737	460
eil76.tsp	0.90	427737	427737	638
eil76.tsp	0.90	427737	427737	604
eil76.tsp	0.90	427737	427737	626
eil76.tsp	0.91	427737	427737	620
eil76.tsp	0.92	427737	427737	651
eil76.tsp	0.90	427737	427737	645
eil76.tsp	0.90	427737	427737	651
eil76.tsp	0.90	427737	427737	626
eil76.tsp	0.90	427737	427737	611
eil76.tsp	0.90	427737	427737	684
gil262.tsp	2.38	427737	427737	4658
gil262.tsp	2.39	427737	427737	4671
gil262.tsp	2.38	427737	427737	4589
gil262.tsp	2.37	427737	427737	4343
gil262.tsp	2.42	427737	427737	4391
gil262.tsp	2.36	427737	427737	4706
gil262.tsp	2.38	427737	427737	4939
gil262.tsp	2.38	427737	427737	4544
gil262.tsp	2.43	427737	427737	4282
gil262.tsp	2.38	427737	427737	5001
kroA100.tsp	1.10	427737	427737	30499
kroA100.tsp	1.10	427737	427737	33035
kroA100.tsp	1.06	427737	427737	30957
kroA100.tsp	1.06	427737	427737	29853
kroA100.tsp	1.11	427737	427737	30052
kroA100.tsp	1.13	427737	427737	32700
kroA100.tsp	1.07	427737	427737	33627
kroA100.tsp	1.06	427737	427737	35695
kroA100.tsp	1.11	427737	427737	32749
kroA100.tsp	1.10	427737	427737	32185
kroA150.tsp	1.50	427737	427737	46860
kroA150.tsp	1.48	427737	427737	41424
kroA150.tsp	1.49	427737	427737	42224
kroA150.tsp	1.53	427737	427737	46232
kroA150.tsp	1.48	427737	427737	43701
kroA150.tsp	1.50	427737	427737	46015
kroA150.tsp	1.50	427737	427737	45631
kroA150.tsp	1.48	427737	427737	46421
kroA150.tsp	1.49	427737	427737	45152
kroA150.tsp	1.49	427737	427737	42717
kroA200.tsp	1.88	427737	427737	59461
kroA200.tsp	1.86	427737	427737	54775
kroA200.tsp	1.89	427737	427737	60497
kroA200.tsp	1.89	427737	427737	53100
kroA200.tsp	2.30	427737	427737	58194
kroA200.tsp	1.88	427737	427737	56073
kroA200.tsp	1.88	427737	427737	52497
kroA200.tsp	1.91	427737	427737	51168
kroA200.tsp	1.89	427737	427737	52024
kroA200.tsp	1.92	427737	427737	61669
kroB100.tsp	1.08	427737	427737	30278
kroB100.tsp	1.07	427737	427737	33678
kroB100.tsp	1.08	427737	427737	29664
kroB100.tsp	1.09	427737	427737	34247
kroB100.tsp	1.09	427737	427737	32828
kroB100.tsp	1.06	427737	427737	33960
kroB100.tsp	1.14	427737	427737	33046
kroB100.tsp	1.07	427737	427737	34540
kroB100.tsp	1.06	427737	427737	32436
kroB100.tsp	1.10	427737	427737	31382
kroB150.tsp	1.48	427737	427737	43594
kroB150.tsp	1.96	427737	427737	43778
kroB150.tsp	1.49	427737	427737	43168
kroB150.tsp	1.49	427737	427737	44550
kroB150.tsp	1.51	427737	427737	45489
kroB150.tsp	1.50	427737	427737	47591
kroB150.tsp	1.53	427737	427737	42367
kroB150.tsp	1.52	427737	427737	41518
kroB150.tsp	1.49	427737	427737	42548
kroB150.tsp	1.53	427737	427737	42039
kroB200.tsp	1.88	427737	427737	55449
kroB200.tsp	1.94	427737	427737	56280
kroB200.tsp	1.94	427737	427737	56566
kroB200.tsp	1.88	427737	427737	56816
kroB200.tsp	1.89	427737	427737	50564
kroB200.tsp	1.91	427737	427737	57202
kroB200.tsp	1.88	427737	427737	61072
kroB200.tsp	1.89	427737	427737	55658
kroB200.tsp	1.88	427737	427737	54920
kroB200.tsp	1.90	427737	427737	55470
kroC100.tsp	1.07	427737	427737	30599
kroC100.tsp	1.09	427737	427737	28606
kroC100.tsp	1.08	427737	427737	31118
kroC100.tsp	1.09	427737	427737	33710
kroC100.tsp	1.10	427737	427737	26994
kroC100.tsp	1.10	427737	427737	31081
kroC100.tsp	1.06	427737	427737	33608
kroC100.tsp	1.08	427737	427737	32361
kroC100.tsp	1.08	427737	427737	30735
kroC100.tsp	1.06	427737	427737	31641
kroD100.tsp	1.10	427737	427737	29437
kroD100.tsp	1.09	427737	427737	33228
kroD100.tsp	1.09	427737	427737	31451
kroD100.tsp	1.09	427737	427737	30309
kroD100.tsp	1.10	427737	427737	31633
kroD100.tsp	1.09	427737	427737	28590
kroD100.tsp	1.07	427737	427737	31369
kroD100.tsp	1.09	427737	427737	31445
kroD100.tsp	1.08	427737	427737	29753
kroD100.tsp	1.09	427737	427737	29967
kroE100.tsp	1.06	427737	427737	36267
kroE100.tsp	1.08	427737	427737	29496
kroE100.tsp	1.07	427737	427737	31901
kroE100.tsp	1.08	427737	427737	32145
kroE100.tsp	1.10	427737	427737	28225
kroE100.tsp	1.08	427737	427737	34548
kroE100.tsp	1.06	427737	427737	33152
kroE100.tsp	1.06	427737	427737	30663
kroE100.tsp	1.06	427737	427737	29966
kroE100.tsp	1.07	427737	427737	35035
lin105.tsp	1.12	427737	427737	22703
lin105.tsp	1.11	427737	427737	23746
lin105.tsp	1.10	427737	427737	23047
lin105.tsp	1.11	427737	427737	23699
lin105.tsp	1.11	427737	427737	22471
lin105.tsp	1.10	427737	427737	24577
lin105.tsp	1.12	427737	427737	21788
lin105.tsp	1.10	427737	427737	22174
lin105.tsp	1.10	427737	427737	20854
lin105.tsp	1.11	427737	427737	21166
lin318.tsp	2.84	427737	427737	105847
lin318.tsp	2.83	427737	427737	106800
lin318.tsp	2.84	427737	427737	113709
lin318.tsp	2.84	427737	427737	107330
lin318.tsp	2.83	427737	427737	98868
lin318.tsp	2.84	427737	427737	99337
lin318.tsp	2.85	427737	427737	101222
lin318.tsp	2.87	427737	427737	104160
lin318.tsp	2.85	427737	427737	107036
lin318.tsp	2.87	427737	427737	99906
linhp318.tsp	2.83	427737	427737	102507
linhp318.tsp	2.82	427737	427737	100362
linhp318.tsp	2.82	427737	427737	101974
linhp318.tsp	2.84	427737	427737	98750
linhp318.tsp	2.85	427737	427737	103435
linhp318.tsp	2.94	427737	427737	102425
linhp318.tsp	2.86	427737	427737	99431
linhp318.tsp	2.87	427737	427737	99490
linhp318.tsp	2.83	427737	427737	111217
linhp318.tsp	2.84	427737	427737	105465
pr107.tsp	1.14	427737	427737	69482
pr107.tsp	1.12	427737	427737	84183
pr107.tsp	1.13	427737	427737	97272
pr107.tsp	1.13	427737	427737	81970
pr107.tsp	1.13	427737	427737	83936
pr107.tsp	1.12	427737	427737	99189
pr107.tsp	1.13	427737	427737	85556
pr107.tsp	1.12	427737	427737	83967
pr107.tsp	1.14	427737	427737	103516
pr107.tsp	1.16	427737	427737	79884
pr124.tsp	1.26	427737	427737	115723
pr124.tsp	1.26	427737	427737	113609
pr124.tsp	1.52	427737	427737	130713
pr124.tsp	1.27	427737	427737	114756
pr124.tsp	1.26	427737	427737	97694
pr124.tsp	1.26	427737	427737	107865
pr124.tsp	1.26	427737	427737	108523
pr124.tsp	1.26	427737	427737	105790
pr124.tsp	1.27	427737	427737	107882
pr124.tsp	1.26	427737	427737	103309
pr136.tsp	1.37	427737	427737	151497
pr136.tsp	1.39	427737	427737	151100
pr136.tsp	1.39	427737	427737	155776
pr136.tsp	1.40	427737	427737	160858
pr136.tsp	1.38	427737	427737	157015
pr136.tsp	1.37	427737	427737	145733
pr136.tsp	1.38	427737	427737	179708
pr136.tsp	1.43	427737	427737	134585
pr136.tsp	1.38	427737	427737	142642
pr136.tsp	1.40	427737	427737	158972
pr144.tsp	1.44	427737	427737	135078
pr144.tsp	1.44	427737	427737	139834
pr144.tsp	1.44	427737	427737	136413
pr144.tsp	1.44	427737	427737	145464
pr144.tsp	1.45	427737	427737	131413
pr144.tsp	1.44	427737	427737	124625
pr144.tsp	1.50	427737	427737	148956
pr144.tsp	1.44	427737	427737	130599
pr144.tsp	1.44	427737	427737	126599
pr144.tsp	1.84	427737	427737	141648
pr152.tsp	1.50	427737	427737	188898
pr152.tsp	1.52	427737	427737	151537
pr152.tsp	1.51	427737	427737	163590
pr152.tsp	1.50	427737	427737	182455
pr152.tsp	1.76	427737	427737	152387
pr152.tsp	1.49	427737	427737	166105
pr152.tsp	1.50	427737	427737	179771
pr152.tsp	1.51	427737	427737	159070
pr152.tsp	1.50	427737	427737	178103
pr152.tsp	1.50	427737	427737	163847
pr226.tsp	2.09	427737	427737	243765
pr226.tsp	2.10	427737	427737	225390
pr226.tsp	2.10	427737	427737	247073
pr226.tsp	2.09	427737	427737	257905
pr226.tsp	2.10	427737	427737	296966
pr226.tsp	2.10	427737	427737	246184
pr226.tsp	2.10	427737	427737	240335
pr226.tsp	2.09	427737	427737	230817
pr226.tsp	2.10	427737	427737	228250
pr226.tsp	2.09	427737	427737	281065
pr264.tsp	2.37	427737	427737	159553
pr264.tsp	2.37	427737	427737	153328
pr264.tsp	2.38	427737	427737	158534
pr264.tsp	2.36	427737	427737	155098
pr264.tsp	2.37	427737	427737	148864
pr264.tsp	2.38	427737	427737	173064
pr264.tsp	2.37	427737	427737	139568
pr264.tsp	2.37	427737	427737	165917
pr264.tsp	2.37	427737	427737	167368
pr264.tsp	2.37	427737	427737	172560
pr299.tsp	2.67	427737	427737	113369
pr299.tsp	2.67	427737	427737	109603
pr299.tsp	2.66	427737	427737	118023
pr299.tsp	2.66	427737	427737	105203
pr299.tsp	2.65	427737	427737	124747
pr299.tsp	2.67	427737	427737	124330
pr299.tsp	2.67	427737	427737	123043
pr299.tsp	2.67	427737	427737	108989
pr299.tsp	2.66	427737	427737	122443
pr299.tsp	2.67	427737	427737	118467
pr439.tsp	3.89	427737	427737	310269
pr439.tsp	3.89	427737	427737	314965
pr439.tsp	3.88	427737	427737	355373
pr439.tsp	3.86	427737	427737	321882
pr439.tsp	3.86	427737	427737	353049
pr439.tsp	3.86	427737	427737	314206
pr439.tsp	3.86	427737	427737	332586
pr439.tsp	3.88	427737	427737	325351
pr439.tsp	3.88	427737	427737	344776
pr439.tsp	3.88	427737	427737	320638
pr76.tsp	0.89	427737	427737	138294
pr76.tsp	0.88	427737	427737	136086
pr76.tsp	0.90	427737	427737	130726
pr76.tsp	0.90	427737	427737	125824
pr76.tsp	0.88	427737	427737	143149
pr76.tsp	0.89	427737	427737	133133
pr76.tsp	0.90	427737	427737	157620
pr76.tsp	0.88	427737	427737	127820
pr76.tsp	0.88	427737	427737	141809
pr76.tsp	0.88	427737	427737	153268
rat575.tsp	5.32	427737	427737	19668
rat575.tsp	5.33	427737	427737	20589
rat575.tsp	5.33	427737	427737	18468
rat575.tsp	5.36	427737	427737	18843
rat575.tsp	5.36	427737	427737	19312
rat575.tsp	5.37	427737	427737	20351
rat575.tsp	5.35	427737	427737	18432
rat575.tsp	5.35	427737	427737	19845
rat575.tsp	5.36	427737	427737	19573
rat575.tsp	5.37	427737	427737	18821
rat783.tsp	7.43	427737	427737	34208
rat783.tsp	7.47	427737	427737	30675
rat783.tsp	7.45	427737	427737	30644
rat783.tsp	7.57	427737	427737	31097
rat783.tsp	7.44	427737	427737	31706
rat783.tsp	7.44	427737	427737	32713
rat783.tsp	7.51	427737	427737	32968
rat783.tsp	7.51	427737	427737	34883
rat783.tsp	7.46	427737	427737	30117
rat783.tsp	7.51	427737	427737	32315
rat99.tsp	1.09	427737	427737	1590
rat99.tsp	1.08	427737	427737	1516
rat99.tsp	1.08	427737	427737	1650
rat99.tsp	1.07	427737	427737	1642
rat99.tsp	1.07	427737	427737	1563
rat99.tsp	1.07	427737	427737	1496
rat99.tsp	1.08	427737	427737	1637
rat99.tsp	1.08	427737	427737	1629
rat99.tsp	1.08	427737	427737	1491
rat99.tsp	1.07	427737	427737	1610
