a280.tsp	5.05	855486	855486	5188
a280.tsp	5.09	855486	855486	5236
a280.tsp	5.10	855486	855486	5276
a280.tsp	5.07	855486	855486	5043
a280.tsp	5.04	855486	855486	4754
a280.tsp	5.07	855486	855486	4726
a280.tsp	5.05	855486	855486	5229
a280.tsp	5.05	855486	855486	4854
a280.tsp	5.14	855486	855486	5451
a280.tsp	5.11	855486	855486	5167
berlin52.tsp	1.41	855486	855486	7979
berlin52.tsp	1.41	855486	855486	8189
berlin52.tsp	1.42	855486	855486	8610
berlin52.tsp	1.42	855486	855486	8174
berlin52.tsp	1.46	855486	855486	8527
berlin52.tsp	1.40	855486	855486	8885
berlin52.tsp	1.42	855486	855486	8059
berlin52.tsp	1.41	855486	855486	8348
berlin52.tsp	1.43	855486	855486	8372
berlin52.tsp	1.42	855486	855486	8430
bier127.tsp	2.66	855486	855486	151755
bier127.tsp	2.62	855486	855486	158406
bier127.tsp	2.62	855486	855486	146299
bier127.tsp	2.61	855486	855486	164344
bier127.tsp	2.61	855486	855486	159085
bier127.tsp	2.68	855486	855486	149598
bier127.tsp	2.61	855486	855486	154085
bier127.tsp	2.64	855486	855486	148627
bier127.tsp	2.61	855486	855486	153868
bier127.tsp	2.66	855486	855486	160411
eil101.tsp	2.49	855486	855486	704
eil101.tsp	2.20	855486	855486	777
eil101.tsp	2.19	855486	855486	732
eil101.tsp	2.19	855486	855486	701
eil101.tsp	2.20	855486	855486	715
eil101.tsp	2.18	855486	855486	739
eil101.tsp	2.19	855486	855486	721
eil101.tsp	2.20	855486	855486	774
eil101.tsp	2.21	855486	855486	761
eil101.tsp	2.19	855486	855486	766
eil51.tsp	1.44	855486	855486	439
eil51.tsp	1.41	855486	855486	432
eil51.tsp	1.44	855486	855486	460
eil51.tsp	1.40	855486	855486	451
eil51.tsp	1.42	855486	855486	463
eil51.tsp	1.42	855486	855486	480
eil51.tsp	1.42	855486	855486	478
eil51.tsp	1.40	855486	855486	505
eil51.tsp	1.45	855486	855486	457
eil51.tsp	1.42	855486	855486	473
eil76.tsp	1.79	855486	855486	590
eil76.tsp	1.85	855486	855486	641
eil76.tsp	1.80	855486	855486	616
eil76.tsp	1.81	855486	855486	596
eil76.tsp	1.82	855486	855486	610
eil76.tsp	1.80	855486	855486	575
eil76.tsp	1.80	855486	855486	623
eil76.tsp	1.80	855486	855486	629
eil76.tsp	1.80	855486	855486	607
eil76.tsp	1.87	855486	855486	603
gil262.tsp	4.80	855486	855486	4159
gil262.tsp	4.84	855486	855486	4505
gil262.tsp	4.73	855486	855486	4463
gil262.tsp	4.75	855486	855486	4555
gil262.tsp	4.83	855486	855486	4359
gil262.tsp	4.74	855486	855486	4485
gil262.tsp	4.74	855486	855486	4290
gil262.tsp	4.74	855486	855486	4018
gil262.tsp	4.80	855486	855486	4357
gil262.tsp	4.79	855486	855486	3974
kroA100.tsp	2.16	855486	855486	26381
kroA100.tsp	2.20	855486	855486	31279
kroA100.tsp	2.16	855486	855486	33745
kroA100.tsp	2.16	855486	855486	30569
kroA100.tsp	2.18	855486	855486	31016
kroA100.tsp	2.14	855486	855486	31888
kroA100.tsp	2.19	855486	855486	29643
kroA100.tsp	2.18	855486	855486	28933
kroA100.tsp	2.15	855486	855486	30980
kroA100.tsp	2.18	855486	855486	31307
kroA150.tsp	3.00	855486	855486	43245
kroA150.tsp	3.02	855486	855486	41020
kroA150.tsp	2.96	855486	855486	42211
kroA150.tsp	3.03	855486	855486	38144
kroA150.tsp	2.98	855486	855486	40106
kroA150.tsp	2.99	855486	855486	43405
kroA150.tsp	2.96	855486	855486	38838
kroA150.tsp	2.98	855486	855486	39939
kroA150.tsp	3.08	855486	855486	40641
kroA150.tsp	3.05	855486	855486	40748
kroA200.tsp	3.78	855486	855486	51649
kroA200.tsp	3.77	855486	855486	51771
kroA200.tsp	3.82	855486	855486	51851
kroA200.tsp	3.80	855486	855486	53901
kroA200.tsp	3.80	855486	855486	52387
kroA200.tsp	3.79	855486	855486	44037
kroA200.tsp	3.74	855486	855486	52011
kroA200.tsp	3.79	855486	855486	54700
kroA200.tsp	3.77	855486	855486	48993
kroA200.tsp	3.77	855486	855486	51740
kroB100.tsp	2.13	855486	855486	29629
kroB100.tsp	2.15	855486	855486	28657
kroB100.tsp	2.13	855486	855486	29888
kroB100.tsp	2.14	855486	855486	29007
kroB100.tsp	2.18	855486	855486	28703
kroB100.tsp	2.17	855486	855486	28211
kroB100.tsp	2.18	855486	855486	28841
kroB100.tsp	2.18	855486	855486	30762
kroB100.tsp	2.17	855486	855486	30853
kroB100.tsp	2.19	855486	855486	28603
kroB150.tsp	2.97	855486	855486	38463
kroB150.tsp	2.99	855486	855486	43979
kroB150.tsp	2.98	855486	855486	46120
kroB150.tsp	2.98	855486	855486	40334
kroB150.tsp	2.97	855486	855486	41774
kroB150.tsp	2.98	855486	855486	37176
kroB150.tsp	3.02	855486	855486	41884
kroB150.tsp	3.04	855486	855486	40954
kroB150.tsp	3.00	855486	855486	36260
kroB150.tsp	2.97	855486	855486	39435
kroB200.tsp	3.82	855486	855486	56718
kroB200.tsp	3.78	855486	855486	51801
kroB200.tsp	3.80	855486	855486	47870
kroB200.tsp	3.76	855486	855486	53541
kroB200.tsp	3.77	855486	855486	45635
kroB200.tsp	3.90	855486	855486	49906
kroB200.tsp	3.83	855486	855486	51332
kroB200.tsp	3.77	855486	855486	56036
kroB200.tsp	3.80	855486	855486	51751
kroB200.tsp	3.79	855486	855486	51165
kroC100.tsp	2.18	855486	855486	28550
kroC100.tsp	2.22	855486	855486	27462
kroC100.tsp	2.20	855486	855486	31162
kroC100.tsp	2.17	855486	855486	32222
kroC100.tsp	2.14	855486	855486	30150
kroC100.tsp	2.19	855486	855486	29908
kroC100.tsp	2.17	855486	855486	28850
kroC100.tsp	2.20	855486	855486	30601
kroC100.tsp	2.18	855486	855486	25623
kroC100.tsp	2.13	855486	855486	31306
kroD100.tsp	2.15	855486	855486	28264
kroD100.tsp	2.14	855486	855486	28115
kroD100.tsp	2.14	855486	855486	31387
kroD100.tsp	2.14	855486	855486	30489
kroD100.tsp	2.18	855486	855486	28062
kroD100.tsp	2.16	855486	855486	31263
kroD100.tsp	2.14	855486	855486	29143
kroD100.tsp	2.18	855486	855486	30299
kroD100.tsp	2.12	855486	855486	29172
kroD100.tsp	2.19	855486	855486	26686
kroE100.tsp	2.20	855486	855486	31326
kroE100.tsp	2.14	855486	855486	32032
kroE100.tsp	2.15	855486	855486	29584
kroE100.tsp	2.14	855486	855486	31246
kroE100.tsp	2.14	855486	855486	27666
kroE100.tsp	2.16	855486	855486	32537
kroE100.tsp	2.18	855486	855486	32036
kroE100.tsp	2.13	855486	855486	28726
kroE100.tsp	2.14	855486	855486	29833
kroE100.tsp	2.18	855486	855486	28367
lin105.tsp	2.22	855486	855486	21913
lin105.tsp	2.21	855486	855486	19522
lin105.tsp	2.22	855486	855486	19806
lin105.tsp	2.23	855486	855486	20463
lin105.tsp	2.21	855486	855486	21599
lin105.tsp	2.20	855486	855486	20684
lin105.tsp	2.23	855486	855486	22239
lin105.tsp	2.23	855486	855486	19144
lin105.tsp	2.26	855486	855486	20885
lin105.tsp	2.23	855486	855486	20443
lin318.tsp	5.66	855486	855486	100990
lin318.tsp	5.65	855486	855486	100004
lin318.tsp	5.73	855486	855486	93447
lin318.tsp	5.68	855486	855486	96261
lin318.tsp	5.65	855486	855486	94705
lin318.tsp	5.64	855486	855486	88097
lin318.tsp	5.66	855486	855486	90168
lin318.tsp	5.67	855486	855486	102974
lin318.tsp	5.68	855486	855486	94110
lin318.tsp	5.64	855486	855486	89940
linhp318.tsp	5.64	855486	855486	99760
linhp318.tsp	5.63	855486	855486	93501
linhp318.tsp	5.65	855486	855486	99579
linhp318.tsp	5.69	855486	855486	99019
linhp318.tsp	5.64	855486	855486	90162
linhp318.tsp	5.70	855486	855486	95974
linhp318.tsp	5.77	855486	855486	95321
linhp318.tsp	5.71	855486	855486	95828
linhp318.tsp	5.66	855486	855486	102384
linhp318.tsp	5.74	855486	855486	93909
pr107.tsp	2.26	855486	855486	67579
pr107.tsp	2.25	855486	855486	53427
pr107.tsp	2.26	855486	855486	80860
pr107.tsp	2.29	855486	855486	85119
pr107.tsp	2.26	855486	855486	83603
pr107.tsp	2.26	855486	855486	67930
pr107.tsp	2.27	855486	855486	83812
pr107.tsp	2.28	855486	855486	66300
pr107.tsp	2.29	855486	855486	85914
pr107.tsp	2.28	855486	855486	55954
pr124.tsp	2.52	855486	855486	96757
pr124.tsp	2.53	855486	855486	82380
pr124.tsp	2.52	855486	855486	99613
pr124.tsp	2.51	855486	855486	90306
pr124.tsp	2.52	855486	855486	101594
pr124.tsp	2.53	855486	855486	92039
pr124.tsp	2.52	855486	855486	99838
pr124.tsp	2.50	855486	855486	85830
pr124.tsp	2.52	855486	855486	100187
pr124.tsp	2.52	855486	855486	98682
pr136.tsp	2.77	855486	855486	142132
pr136.tsp	2.82	855486	855486	140211
pr136.tsp	2.81	855486	855486	149467
pr136.tsp	2.76	855486	855486	148178
pr136.tsp	2.77	855486	855486	154492
pr136.tsp	2.74	855486	855486	134027
pr136.tsp	2.82	855486	855486	147264
pr136.tsp	2.78	855486	855486	141677
pr136.tsp	2.79	855486	855486	157306
pr136.tsp	2.80	855486	855486	142122
pr144.tsp	2.89	855486	855486	134944
pr144.tsp	2.93	855486	855486	118825
pr144.tsp	2.87	855486	855486	128356
pr144.tsp	2.89	855486	855486	103607
pr144.tsp	2.88	855486	855486	124645
pr144.tsp	2.88	855486	855486	115685
pr144.tsp	2.94	855486	855486	122225
pr144.tsp	2.90	855486	855486	113872
pr144.tsp	2.90	855486	855486	133526
pr144.tsp	2.91	855486	855486	125694
pr152.tsp	3.01	855486	855486	141310
pr152.tsp	3.02	855486	855486	164646
pr152.tsp	3.02	855486	855486	145747
pr152.tsp	3.18	855486	855486	148840
pr152.tsp	3.02	855486	855486	150869
pr152.tsp	3.02	855486	855486	141578
pr152.tsp	3.01	855486	855486	161773
pr152.tsp	3.02	855486	855486	140105
pr152.tsp	3.03	855486	855486	132425
pr152.tsp	3.00	855486	855486	156253
pr226.tsp	4.17	855486	855486	229558
pr226.tsp	4.20	855486	855486	210706
pr226.tsp	4.19	855486	855486	229498
pr226.tsp	4.17	855486	855486	208240
pr226.tsp	4.20	855486	855486	210954
pr226.tsp	4.22	855486	855486	216176
pr226.tsp	4.17	855486	855486	188308
pr226.tsp	4.17	855486	855486	237403
pr226.tsp	4.17	855486	855486	253359
pr226.tsp	4.19	855486	855486	213808
pr264.tsp	4.74	855486	855486	143509
pr264.tsp	4.74	855486	855486	147017
pr264.tsp	4.73	855486	855486	146268
pr264.tsp	4.74	855486	855486	154905
pr264.tsp	4.73	855486	855486	141686
pr264.tsp	4.72	855486	855486	134392
pr264.tsp	4.73	855486	855486	123628
pr264.tsp	4.74	855486	855486	126204
pr264.tsp	4.74	855486	855486	129334
pr264.tsp	4.79	855486	855486	162121
pr299.tsp	5.33	855486	855486	100467
pr299.tsp	5.32	855486	855486	107672
pr299.tsp	5.33	855486	855486	105951
pr299.tsp	5.36	855486	855486	107816
pr299.tsp	5.33	855486	855486	106980
pr299.tsp	5.34	855486	855486	112300
pr299.tsp	5.33	855486	855486	109056
pr299.tsp	5.33	855486	855486	115720
pr299.tsp	5.32	855486	855486	98398
pr299.tsp	5.32	855486	855486	103199
pr439.tsp	7.77	855486	855486	307534
pr439.tsp	7.83	855486	855486	281699
pr439.tsp	7.69	855486	855486	283218
pr439.tsp	7.75	855486	855486	297809
pr439.tsp	7.75	855486	855486	303613
pr439.tsp	7.74	855486	855486	272490
pr439.tsp	7.71	855486	855486	303453
pr439.tsp	7.75	855486	855486	289313
pr439.tsp	7.73	855486	855486	292572
pr439.tsp	7.86	855486	855486	293215
pr76.tsp	1.81	855486	855486	134081
pr76.tsp	1.75	855486	855486	141787
pr76.tsp	1.76	855486	855486	129625
pr76.tsp	1.84	855486	855486	132622
pr76.tsp	1.77	855486	855486	130051
pr76.tsp	1.76	855486	855486	140918
pr76.tsp	1.77	855486	855486	132697
pr76.tsp	1.76	855486	855486	135071
pr76.tsp	1.78	855486	855486	137725
pr76.tsp	1.79	855486	855486	138188
rat575.tsp	10.69	855486	855486	15436
rat575.tsp	10.87	855486	855486	17179
rat575.tsp	10.68	855486	855486	16132
rat575.tsp	10.72	855486	855486	16222
rat575.tsp	10.73	855486	855486	16737
rat575.tsp	10.70	855486	855486	17346
rat575.tsp	10.71	855486	855486	17546
rat575.tsp	10.72	855486	855486	17117
rat575.tsp	10.72	855486	855486	17487
rat575.tsp	10.74	855486	855486	16403
rat783.tsp	14.85	855486	855486	27221
rat783.tsp	14.84	855486	855486	28098
rat783.tsp	14.89	855486	855486	27198
rat783.tsp	15.06	855486	855486	28934
rat783.tsp	14.93	855486	855486	27254
rat783.tsp	15.03	855486	855486	29233
rat783.tsp	14.88	855486	855486	27373
rat783.tsp	15.00	855486	855486	27555
rat783.tsp	14.91	855486	855486	27236
rat783.tsp	15.04	855486	855486	28224
rat99.tsp	2.15	855486	855486	1532
rat99.tsp	2.16	855486	855486	1539
rat99.tsp	2.18	855486	855486	1609
rat99.tsp	2.17	855486	855486	1432
rat99.tsp	2.17	855486	855486	1434
rat99.tsp	2.17	855486	855486	1482
rat99.tsp	2.14	855486	855486	1599
rat99.tsp	2.16	855486	855486	1665
rat99.tsp	2.16	855486	855486	1461
rat99.tsp	2.17	855486	855486	1515
