a280.tsp	3.06	513287	513287	5612
a280.tsp	3.06	513287	513287	5619
a280.tsp	3.12	513287	513287	5486
a280.tsp	3.04	513287	513287	5356
a280.tsp	3.05	513287	513287	6131
a280.tsp	3.04	513287	513287	5420
a280.tsp	3.05	513287	513287	5920
a280.tsp	3.04	513287	513287	5265
a280.tsp	3.04	513287	513287	5599
a280.tsp	3.06	513287	513287	5051
berlin52.tsp	0.85	513287	513287	9122
berlin52.tsp	0.85	513287	513287	8374
berlin52.tsp	0.87	513287	513287	9668
berlin52.tsp	0.84	513287	513287	8228
berlin52.tsp	0.86	513287	513287	9139
berlin52.tsp	0.84	513287	513287	8289
berlin52.tsp	0.85	513287	513287	8829
berlin52.tsp	0.85	513287	513287	8934
berlin52.tsp	0.85	513287	513287	8745
berlin52.tsp	0.85	513287	513287	8816
bier127.tsp	1.57	513287	513287	149294
bier127.tsp	1.57	513287	513287	158766
bier127.tsp	1.57	513287	513287	160971
bier127.tsp	1.63	513287	513287	153907
bier127.tsp	1.60	513287	513287	149618
bier127.tsp	1.62	513287	513287	159037
bier127.tsp	1.58	513287	513287	160987
bier127.tsp	1.56	513287	513287	159451
bier127.tsp	1.57	513287	513287	155663
bier127.tsp	1.57	513287	513287	150056
eil101.tsp	1.32	513287	513287	747
eil101.tsp	1.30	513287	513287	740
eil101.tsp	1.42	513287	513287	802
eil101.tsp	1.31	513287	513287	774
eil101.tsp	1.31	513287	513287	795
eil101.tsp	1.32	513287	513287	777
eil101.tsp	1.32	513287	513287	755
eil101.tsp	1.31	513287	513287	818
eil101.tsp	1.38	513287	513287	787
eil101.tsp	1.32	513287	513287	788
eil51.tsp	0.85	513287	513287	460
eil51.tsp	0.91	513287	513287	477
eil51.tsp	0.84	513287	513287	463
eil51.tsp	0.84	513287	513287	482
eil51.tsp	0.85	513287	513287	443
eil51.tsp	0.85	513287	513287	469
eil51.tsp	0.85	513287	513287	449
eil51.tsp	0.86	513287	513287	473
eil51.tsp	0.85	513287	513287	465
eil51.tsp	0.85	513287	513287	460
eil76.tsp	1.08	513287	513287	633
eil76.tsp	1.08	513287	513287	630
eil76.tsp	1.08	513287	513287	622
eil76.tsp	1.13	513287	513287	617
eil76.tsp	1.07	513287	513287	635
eil76.tsp	1.08	513287	513287	581
eil76.tsp	1.08	513287	513287	626
eil76.tsp	1.08	513287	513287	627
eil76.tsp	1.08	513287	513287	637
eil76.tsp	1.08	513287	513287	631
gil262.tsp	2.85	513287	513287	4545
gil262.tsp	2.86	513287	513287	4762
gil262.tsp	2.85	513287	513287	4884
gil262.tsp	2.84	513287	513287	4738
gil262.tsp	2.90	513287	513287	4665
gil262.tsp	2.86	513287	513287	4638
gil262.tsp	2.86	513287	513287	4784
gil262.tsp	2.86	513287	513287	5077
gil262.tsp	2.90	513287	513287	4564
gil262.tsp	2.90	513287	513287	4590
kroA100.tsp	1.30	513287	513287	29875
kroA100.tsp	1.31	513287	513287	31893
kroA100.tsp	1.30	513287	513287	30820
kroA100.tsp	1.31	513287	513287	30395
kroA100.tsp	1.29	513287	513287	29101
kroA100.tsp	1.28	513287	513287	30762
kroA100.tsp	1.31	513287	513287	26958
kroA100.tsp	1.28	513287	513287	29514
kroA100.tsp	1.28	513287	513287	27172
kroA100.tsp	1.31	513287	513287	31988
kroA150.tsp	1.79	513287	513287	44707
kroA150.tsp	1.81	513287	513287	42473
kroA150.tsp	1.78	513287	513287	41930
kroA150.tsp	1.81	513287	513287	46522
kroA150.tsp	1.78	513287	513287	47975
kroA150.tsp	1.79	513287	513287	40928
kroA150.tsp	1.79	513287	513287	51270
kroA150.tsp	1.79	513287	513287	45629
kroA150.tsp	1.82	513287	513287	48258
kroA150.tsp	1.81	513287	513287	43565
kroA200.tsp	2.31	513287	513287	54392
kroA200.tsp	2.31	513287	513287	52268
kroA200.tsp	2.27	513287	513287	57166
kroA200.tsp	2.33	513287	513287	56133
kroA200.tsp	2.25	513287	513287	54875
kroA200.tsp	2.25	513287	513287	51716
kroA200.tsp	2.27	513287	513287	60064
kroA200.tsp	2.28	513287	513287	58080
kroA200.tsp	2.34	513287	513287	58803
kroA200.tsp	2.27	513287	513287	57616
kroB100.tsp	1.30	513287	513287	30543
kroB100.tsp	1.29	513287	513287	30738
kroB100.tsp	1.28	513287	513287	31338
kroB100.tsp	1.29	513287	513287	30650
kroB100.tsp	1.31	513287	513287	32818
kroB100.tsp	1.32	513287	513287	33918
kroB100.tsp	1.30	513287	513287	32339
kroB100.tsp	1.30	513287	513287	30038
kroB100.tsp	1.37	513287	513287	30176
kroB100.tsp	1.30	513287	513287	28897
kroB150.tsp	1.78	513287	513287	40878
kroB150.tsp	1.79	513287	513287	39938
kroB150.tsp	1.78	513287	513287	43921
kroB150.tsp	1.79	513287	513287	39277
kroB150.tsp	1.82	513287	513287	48229
kroB150.tsp	1.78	513287	513287	42036
kroB150.tsp	1.84	513287	513287	42467
kroB150.tsp	1.83	513287	513287	43749
kroB150.tsp	1.83	513287	513287	40985
kroB150.tsp	1.79	513287	513287	46740
kroB200.tsp	2.23	513287	513287	60424
kroB200.tsp	2.28	513287	513287	52491
kroB200.tsp	2.30	513287	513287	54417
kroB200.tsp	2.27	513287	513287	54624
kroB200.tsp	2.27	513287	513287	58270
kroB200.tsp	2.28	513287	513287	51507
kroB200.tsp	2.28	513287	513287	51505
kroB200.tsp	2.26	513287	513287	55298
kroB200.tsp	2.30	513287	513287	53971
kroB200.tsp	2.26	513287	513287	50084
kroC100.tsp	1.28	513287	513287	30987
kroC100.tsp	1.34	513287	513287	29676
kroC100.tsp	1.30	513287	513287	33590
kroC100.tsp	1.27	513287	513287	31045
kroC100.tsp	1.29	513287	513287	31547
kroC100.tsp	1.28	513287	513287	34622
kroC100.tsp	1.29	513287	513287	28251
kroC100.tsp	1.32	513287	513287	30963
kroC100.tsp	1.32	513287	513287	26092
kroC100.tsp	1.28	513287	513287	29830
kroD100.tsp	1.30	513287	513287	29779
kroD100.tsp	1.32	513287	513287	29676
kroD100.tsp	1.32	513287	513287	28818
kroD100.tsp	1.29	513287	513287	33260
kroD100.tsp	1.34	513287	513287	26817
kroD100.tsp	1.32	513287	513287	30273
kroD100.tsp	1.28	513287	513287	31247
kroD100.tsp	1.31	513287	513287	31961
kroD100.tsp	1.31	513287	513287	32049
kroD100.tsp	1.28	513287	513287	32991
kroE100.tsp	1.28	513287	513287	30710
kroE100.tsp	1.28	513287	513287	31271
kroE100.tsp	1.29	513287	513287	32546
kroE100.tsp	1.31	513287	513287	35067
kroE100.tsp	1.30	513287	513287	29634
kroE100.tsp	1.27	513287	513287	29047
kroE100.tsp	1.30	513287	513287	32371
kroE100.tsp	1.30	513287	513287	32796
kroE100.tsp	1.28	513287	513287	32324
kroE100.tsp	1.28	513287	513287	29545
lin105.tsp	1.33	513287	513287	20275
lin105.tsp	1.34	513287	513287	21567
lin105.tsp	1.37	513287	513287	21901
lin105.tsp	1.34	513287	513287	20975
lin105.tsp	1.33	513287	513287	22645
lin105.tsp	1.32	513287	513287	22547
lin105.tsp	1.35	513287	513287	22594
lin105.tsp	1.33	513287	513287	21033
lin105.tsp	1.34	513287	513287	21868
lin105.tsp	1.34	513287	513287	20130
lin318.tsp	3.43	513287	513287	91215
lin318.tsp	3.39	513287	513287	108483
lin318.tsp	3.40	513287	513287	96681
lin318.tsp	3.47	513287	513287	98389
lin318.tsp	3.39	513287	513287	101818
lin318.tsp	3.40	513287	513287	95496
lin318.tsp	3.45	513287	513287	96996
lin318.tsp	3.45	513287	513287	92216
lin318.tsp	3.41	513287	513287	95376
lin318.tsp	3.41	513287	513287	102546
linhp318.tsp	3.39	513287	513287	90179
linhp318.tsp	3.39	513287	513287	113932
linhp318.tsp	3.38	513287	513287	100721
linhp318.tsp	3.45	513287	513287	94401
linhp318.tsp	3.40	513287	513287	107971
linhp318.tsp	3.44	513287	513287	91558
linhp318.tsp	3.40	513287	513287	95200
linhp318.tsp	3.42	513287	513287	106380
linhp318.tsp	3.40	513287	513287	106808
linhp318.tsp	3.43	513287	513287	105165
pr107.tsp	1.35	513287	513287	73198
pr107.tsp	1.36	513287	513287	86062
pr107.tsp	1.35	513287	513287	87658
pr107.tsp	1.41	513287	513287	70639
pr107.tsp	1.35	513287	513287	90186
pr107.tsp	1.34	513287	513287	78097
pr107.tsp	1.36	513287	513287	82218
pr107.tsp	1.36	513287	513287	80577
pr107.tsp	1.35	513287	513287	81618
pr107.tsp	1.40	513287	513287	84714
pr124.tsp	1.52	513287	513287	99023
pr124.tsp	1.51	513287	513287	95645
pr124.tsp	1.51	513287	513287	118254
pr124.tsp	1.51	513287	513287	112241
pr124.tsp	1.51	513287	513287	105945
pr124.tsp	1.51	513287	513287	103245
pr124.tsp	1.51	513287	513287	119304
pr124.tsp	1.52	513287	513287	109243
pr124.tsp	1.53	513287	513287	104102
pr124.tsp	1.51	513287	513287	111566
pr136.tsp	1.66	513287	513287	136148
pr136.tsp	1.71	513287	513287	136629
pr136.tsp	1.65	513287	513287	147205
pr136.tsp	1.68	513287	513287	148584
pr136.tsp	1.65	513287	513287	164087
pr136.tsp	1.66	513287	513287	130384
pr136.tsp	1.66	513287	513287	133971
pr136.tsp	1.69	513287	513287	158657
pr136.tsp	1.68	513287	513287	143919
pr136.tsp	1.66	513287	513287	138858
pr144.tsp	1.72	513287	513287	134431
pr144.tsp	1.72	513287	513287	132348
pr144.tsp	1.74	513287	513287	152205
pr144.tsp	1.72	513287	513287	120294
pr144.tsp	1.71	513287	513287	118149
pr144.tsp	1.73	513287	513287	136519
pr144.tsp	1.73	513287	513287	117537
pr144.tsp	1.77	513287	513287	126763
pr144.tsp	1.71	513287	513287	143261
pr144.tsp	1.73	513287	513287	134654
pr152.tsp	1.80	513287	513287	189718
pr152.tsp	2.06	513287	513287	155048
pr152.tsp	1.80	513287	513287	157054
pr152.tsp	1.97	513287	513287	162541
pr152.tsp	1.81	513287	513287	156886
pr152.tsp	1.79	513287	513287	159855
pr152.tsp	1.81	513287	513287	195647
pr152.tsp	1.79	513287	513287	171611
pr152.tsp	1.79	513287	513287	179592
pr152.tsp	1.81	513287	513287	173855
pr226.tsp	2.52	513287	513287	256919
pr226.tsp	2.51	513287	513287	244957
pr226.tsp	2.53	513287	513287	250864
pr226.tsp	2.51	513287	513287	226930
pr226.tsp	2.56	513287	513287	250119
pr226.tsp	2.50	513287	513287	213503
pr226.tsp	2.51	513287	513287	253733
pr226.tsp	2.50	513287	513287	250408
pr226.tsp	2.51	513287	513287	228377
pr226.tsp	2.51	513287	513287	219703
pr264.tsp	2.85	513287	513287	148368
pr264.tsp	2.85	513287	513287	167831
pr264.tsp	2.84	513287	513287	140109
pr264.tsp	2.84	513287	513287	156981
pr264.tsp	2.85	513287	513287	157195
pr264.tsp	2.85	513287	513287	168467
pr264.tsp	2.85	513287	513287	192467
pr264.tsp	2.85	513287	513287	164851
pr264.tsp	2.84	513287	513287	182426
pr264.tsp	2.85	513287	513287	161273
pr299.tsp	3.19	513287	513287	117281
pr299.tsp	3.19	513287	513287	106651
pr299.tsp	3.22	513287	513287	109731
pr299.tsp	3.20	513287	513287	118161
pr299.tsp	3.20	513287	513287	104624
pr299.tsp	3.20	513287	513287	115226
pr299.tsp	3.20	513287	513287	109619
pr299.tsp	3.19	513287	513287	122470
pr299.tsp	3.20	513287	513287	117867
pr299.tsp	3.20	513287	513287	112703
pr439.tsp	4.64	513287	513287	307813
pr439.tsp	4.66	513287	513287	327959
pr439.tsp	4.64	513287	513287	323848
pr439.tsp	4.63	513287	513287	297759
pr439.tsp	4.63	513287	513287	336784
pr439.tsp	4.64	513287	513287	318714
pr439.tsp	4.62	513287	513287	312934
pr439.tsp	4.66	513287	513287	347544
pr439.tsp	4.64	513287	513287	325448
pr439.tsp	4.64	513287	513287	311183
pr76.tsp	1.08	513287	513287	145771
pr76.tsp	1.07	513287	513287	138268
pr76.tsp	1.06	513287	513287	148537
pr76.tsp	1.07	513287	513287	133631
pr76.tsp	1.06	513287	513287	131400
pr76.tsp	1.08	513287	513287	130570
pr76.tsp	1.07	513287	513287	132320
pr76.tsp	1.06	513287	513287	126502
pr76.tsp	1.12	513287	513287	134223
pr76.tsp	1.08	513287	513287	129107
rat575.tsp	6.40	513287	513287	18140
rat575.tsp	6.41	513287	513287	18254
rat575.tsp	6.41	513287	513287	19973
rat575.tsp	6.43	513287	513287	17764
rat575.tsp	6.44	513287	513287	18965
rat575.tsp	6.42	513287	513287	18830
rat575.tsp	6.42	513287	513287	18411
rat575.tsp	6.42	513287	513287	18296
rat575.tsp	6.42	513287	513287	18094
rat575.tsp	6.43	513287	513287	18309
rat783.tsp	8.94	513287	513287	32158
rat783.tsp	8.92	513287	513287	29567
rat783.tsp	8.98	513287	513287	32924
rat783.tsp	9.02	513287	513287	29661
rat783.tsp	8.92	513287	513287	31105
rat783.tsp	8.95	513287	513287	32087
rat783.tsp	9.02	513287	513287	32412
rat783.tsp	9.01	513287	513287	31329
rat783.tsp	8.90	513287	513287	32086
rat783.tsp	9.03	513287	513287	32394
rat99.tsp	1.29	513287	513287	1461
rat99.tsp	1.29	513287	513287	1726
rat99.tsp	1.29	513287	513287	1482
rat99.tsp	1.29	513287	513287	1670
rat99.tsp	1.41	513287	513287	1582
rat99.tsp	1.30	513287	513287	1690
rat99.tsp	1.30	513287	513287	1620
rat99.tsp	1.30	513287	513287	1616
rat99.tsp	1.29	513287	513287	1581
rat99.tsp	1.30	513287	513287	1600
