a280.tsp	1.50	253273	253273	5820
a280.tsp	1.50	253273	253273	5891
a280.tsp	1.50	253273	253273	6340
a280.tsp	1.50	253273	253273	6025
a280.tsp	1.50	253273	253273	6657
a280.tsp	1.50	253273	253273	5846
a280.tsp	1.50	253273	253273	5683
a280.tsp	1.50	253273	253273	6261
a280.tsp	1.50	253273	253273	6721
a280.tsp	1.49	253273	253273	5973
berlin52.tsp	0.42	253273	253273	8536
berlin52.tsp	0.42	253273	253273	8437
berlin52.tsp	0.42	253273	253273	8400
berlin52.tsp	0.42	253273	253273	8776
berlin52.tsp	0.42	253273	253273	8874
berlin52.tsp	0.42	253273	253273	9040
berlin52.tsp	0.42	253273	253273	9340
berlin52.tsp	0.42	253273	253273	9585
berlin52.tsp	0.42	253273	253273	9372
berlin52.tsp	0.41	253273	253273	8757
bier127.tsp	0.77	253273	253273	159667
bier127.tsp	0.77	253273	253273	170931
bier127.tsp	0.78	253273	253273	172116
bier127.tsp	0.78	253273	253273	165125
bier127.tsp	0.78	253273	253273	179617
bier127.tsp	0.77	253273	253273	173133
bier127.tsp	0.77	253273	253273	165891
bier127.tsp	0.78	253273	253273	161090
bier127.tsp	0.77	253273	253273	174371
bier127.tsp	0.78	253273	253273	176825
eil101.tsp	0.65	253273	253273	781
eil101.tsp	0.65	253273	253273	859
eil101.tsp	0.66	253273	253273	782
eil101.tsp	0.65	253273	253273	793
eil101.tsp	0.65	253273	253273	836
eil101.tsp	0.65	253273	253273	774
eil101.tsp	0.65	253273	253273	859
eil101.tsp	0.65	253273	253273	817
eil101.tsp	0.66	253273	253273	779
eil101.tsp	0.65	253273	253273	789
eil51.tsp	0.42	253273	253273	480
eil51.tsp	0.41	253273	253273	446
eil51.tsp	0.42	253273	253273	502
eil51.tsp	0.41	253273	253273	483
eil51.tsp	0.42	253273	253273	477
eil51.tsp	0.43	253273	253273	489
eil51.tsp	0.42	253273	253273	460
eil51.tsp	0.42	253273	253273	472
eil51.tsp	0.42	253273	253273	482
eil51.tsp	0.46	253273	253273	451
eil76.tsp	0.53	253273	253273	597
eil76.tsp	0.53	253273	253273	697
eil76.tsp	0.53	253273	253273	711
eil76.tsp	0.53	253273	253273	626
eil76.tsp	0.53	253273	253273	640
eil76.tsp	0.54	253273	253273	655
eil76.tsp	0.53	253273	253273	626
eil76.tsp	0.53	253273	253273	635
eil76.tsp	0.53	253273	253273	630
eil76.tsp	0.53	253273	253273	609
gil262.tsp	1.40	253273	253273	4862
gil262.tsp	1.40	253273	253273	5248
gil262.tsp	1.40	253273	253273	4686
gil262.tsp	1.40	253273	253273	5137
gil262.tsp	1.40	253273	253273	4959
gil262.tsp	1.40	253273	253273	5098
gil262.tsp	1.41	253273	253273	5277
gil262.tsp	1.40	253273	253273	5213
gil262.tsp	1.40	253273	253273	5330
gil262.tsp	1.40	253273	253273	5160
kroA100.tsp	0.63	253273	253273	31663
kroA100.tsp	0.64	253273	253273	32673
kroA100.tsp	0.64	253273	253273	34044
kroA100.tsp	0.64	253273	253273	34494
kroA100.tsp	0.64	253273	253273	28895
kroA100.tsp	0.64	253273	253273	33161
kroA100.tsp	0.63	253273	253273	34668
kroA100.tsp	0.64	253273	253273	33175
kroA100.tsp	0.63	253273	253273	36264
kroA100.tsp	0.65	253273	253273	31573
kroA150.tsp	0.94	253273	253273	48397
kroA150.tsp	0.88	253273	253273	51117
kroA150.tsp	0.88	253273	253273	45045
kroA150.tsp	0.88	253273	253273	45692
kroA150.tsp	0.88	253273	253273	43699
kroA150.tsp	0.88	253273	253273	44681
kroA150.tsp	0.88	253273	253273	51304
kroA150.tsp	0.88	253273	253273	52291
kroA150.tsp	0.88	253273	253273	49864
kroA150.tsp	0.88	253273	253273	48875
kroA200.tsp	1.12	253273	253273	57722
kroA200.tsp	1.12	253273	253273	60244
kroA200.tsp	1.11	253273	253273	55565
kroA200.tsp	1.11	253273	253273	55580
kroA200.tsp	1.11	253273	253273	56537
kroA200.tsp	1.11	253273	253273	61282
kroA200.tsp	1.12	253273	253273	71743
kroA200.tsp	1.12	253273	253273	59174
kroA200.tsp	1.11	253273	253273	60931
kroA200.tsp	1.12	253273	253273	62824
kroB100.tsp	0.63	253273	253273	36064
kroB100.tsp	0.63	253273	253273	35891
kroB100.tsp	0.63	253273	253273	29519
kroB100.tsp	0.64	253273	253273	34252
kroB100.tsp	0.64	253273	253273	33943
kroB100.tsp	0.64	253273	253273	31028
kroB100.tsp	0.63	253273	253273	35277
kroB100.tsp	0.64	253273	253273	32247
kroB100.tsp	0.64	253273	253273	31863
kroB100.tsp	0.64	253273	253273	29676
kroB150.tsp	0.88	253273	253273	45365
kroB150.tsp	0.88	253273	253273	49190
kroB150.tsp	0.88	253273	253273	46341
kroB150.tsp	0.88	253273	253273	45004
kroB150.tsp	0.88	253273	253273	49467
kroB150.tsp	0.88	253273	253273	46150
kroB150.tsp	0.88	253273	253273	40796
kroB150.tsp	0.88	253273	253273	48444
kroB150.tsp	0.88	253273	253273	46380
kroB150.tsp	0.87	253273	253273	44523
kroB200.tsp	1.11	253273	253273	59889
kroB200.tsp	1.11	253273	253273	61653
kroB200.tsp	1.13	253273	253273	60759
kroB200.tsp	1.12	253273	253273	66164
kroB200.tsp	1.12	253273	253273	64577
kroB200.tsp	1.27	253273	253273	62683
kroB200.tsp	1.11	253273	253273	54186
kroB200.tsp	1.11	253273	253273	56059
kroB200.tsp	1.11	253273	253273	54911
kroB200.tsp	1.12	253273	253273	58405
kroC100.tsp	0.64	253273	253273	32286
kroC100.tsp	0.63	253273	253273	36516
kroC100.tsp	0.64	253273	253273	30122
kroC100.tsp	0.63	253273	253273	32910
kroC100.tsp	0.63	253273	253273	30378
kroC100.tsp	0.63	253273	253273	33539
kroC100.tsp	0.64	253273	253273	37746
kroC100.tsp	0.68	253273	253273	35222
kroC100.tsp	0.63	253273	253273	32364
kroC100.tsp	0.63	253273	253273	27353
kroD100.tsp	0.64	253273	253273	32590
kroD100.tsp	0.69	253273	253273	32688
kroD100.tsp	0.64	253273	253273	35918
kroD100.tsp	0.63	253273	253273	29944
kroD100.tsp	0.64	253273	253273	31703
kroD100.tsp	0.63	253273	253273	33064
kroD100.tsp	0.64	253273	253273	30628
kroD100.tsp	0.64	253273	253273	30134
kroD100.tsp	0.64	253273	253273	31956
kroD100.tsp	0.63	253273	253273	32462
kroE100.tsp	0.64	253273	253273	33751
kroE100.tsp	0.63	253273	253273	37703
kroE100.tsp	0.64	253273	253273	36008
kroE100.tsp	0.64	253273	253273	33856
kroE100.tsp	0.63	253273	253273	33155
kroE100.tsp	0.64	253273	253273	36054
kroE100.tsp	0.63	253273	253273	32654
kroE100.tsp	0.65	253273	253273	33818
kroE100.tsp	0.64	253273	253273	37883
kroE100.tsp	0.63	253273	253273	34947
lin105.tsp	0.66	253273	253273	22653
lin105.tsp	0.65	253273	253273	22909
lin105.tsp	0.66	253273	253273	23906
lin105.tsp	0.66	253273	253273	22804
lin105.tsp	0.66	253273	253273	22294
lin105.tsp	0.65	253273	253273	25013
lin105.tsp	0.66	253273	253273	23187
lin105.tsp	0.66	253273	253273	23496
lin105.tsp	0.66	253273	253273	23139
lin105.tsp	0.66	253273	253273	23653
lin318.tsp	1.67	253273	253273	106570
lin318.tsp	1.67	253273	253273	104678
lin318.tsp	1.67	253273	253273	111082
lin318.tsp	1.67	253273	253273	114051
lin318.tsp	1.68	253273	253273	110468
lin318.tsp	1.67	253273	253273	113742
lin318.tsp	1.67	253273	253273	111661
lin318.tsp	1.67	253273	253273	113483
lin318.tsp	1.66	253273	253273	107888
lin318.tsp	1.67	253273	253273	105665
linhp318.tsp	1.68	253273	253273	99940
linhp318.tsp	1.67	253273	253273	109196
linhp318.tsp	1.67	253273	253273	113800
linhp318.tsp	1.67	253273	253273	105613
linhp318.tsp	1.67	253273	253273	118561
linhp318.tsp	1.67	253273	253273	111008
linhp318.tsp	1.68	253273	253273	101345
linhp318.tsp	1.67	253273	253273	115672
linhp318.tsp	1.67	253273	253273	106038
linhp318.tsp	1.67	253273	253273	107054
pr107.tsp	0.67	253273	253273	99997
pr107.tsp	0.66	253273	253273	86545
pr107.tsp	0.66	253273	253273	87899
pr107.tsp	0.67	253273	253273	101256
pr107.tsp	0.66	253273	253273	85532
pr107.tsp	0.67	253273	253273	103363
pr107.tsp	0.67	253273	253273	84721
pr107.tsp	0.67	253273	253273	85845
pr107.tsp	0.66	253273	253273	114480
pr107.tsp	0.67	253273	253273	84588
pr124.tsp	0.74	253273	253273	126837
pr124.tsp	0.75	253273	253273	129163
pr124.tsp	0.75	253273	253273	120587
pr124.tsp	0.74	253273	253273	112461
pr124.tsp	0.74	253273	253273	108872
pr124.tsp	0.74	253273	253273	108873
pr124.tsp	0.81	253273	253273	117728
pr124.tsp	0.75	253273	253273	113408
pr124.tsp	0.74	253273	253273	136042
pr124.tsp	0.74	253273	253273	118913
pr136.tsp	0.81	253273	253273	154753
pr136.tsp	0.82	253273	253273	155893
pr136.tsp	0.82	253273	253273	156491
pr136.tsp	0.81	253273	253273	181885
pr136.tsp	0.82	253273	253273	159146
pr136.tsp	0.81	253273	253273	158271
pr136.tsp	0.82	253273	253273	154447
pr136.tsp	0.81	253273	253273	166432
pr136.tsp	0.81	253273	253273	150779
pr136.tsp	0.82	253273	253273	150642
pr144.tsp	0.85	253273	253273	125968
pr144.tsp	0.85	253273	253273	144377
pr144.tsp	0.84	253273	253273	147044
pr144.tsp	0.85	253273	253273	148869
pr144.tsp	0.85	253273	253273	138242
pr144.tsp	0.85	253273	253273	107525
pr144.tsp	0.85	253273	253273	142866
pr144.tsp	0.85	253273	253273	144599
pr144.tsp	0.85	253273	253273	147389
pr144.tsp	0.85	253273	253273	140027
pr152.tsp	0.88	253273	253273	203250
pr152.tsp	0.89	253273	253273	206028
pr152.tsp	0.88	253273	253273	190744
pr152.tsp	0.89	253273	253273	169893
pr152.tsp	1.34	253273	253273	155627
pr152.tsp	0.89	253273	253273	180281
pr152.tsp	0.88	253273	253273	155293
pr152.tsp	0.89	253273	253273	179151
pr152.tsp	0.88	253273	253273	200399
pr152.tsp	0.89	253273	253273	193725
pr226.tsp	1.24	253273	253273	294267
pr226.tsp	1.24	253273	253273	291149
pr226.tsp	1.24	253273	253273	275347
pr226.tsp	1.24	253273	253273	290035
pr226.tsp	1.23	253273	253273	261130
pr226.tsp	1.24	253273	253273	311142
pr226.tsp	1.24	253273	253273	282560
pr226.tsp	1.23	253273	253273	288332
pr226.tsp	1.24	253273	253273	264758
pr226.tsp	1.24	253273	253273	235294
pr264.tsp	1.40	253273	253273	162821
pr264.tsp	1.40	253273	253273	181392
pr264.tsp	1.41	253273	253273	207592
pr264.tsp	1.40	253273	253273	165278
pr264.tsp	1.55	253273	253273	151598
pr264.tsp	1.40	253273	253273	154656
pr264.tsp	1.41	253273	253273	149650
pr264.tsp	1.40	253273	253273	187236
pr264.tsp	1.84	253273	253273	173547
pr264.tsp	1.40	253273	253273	207392
pr299.tsp	1.58	253273	253273	124896
pr299.tsp	2.03	253273	253273	122626
pr299.tsp	1.58	253273	253273	122961
pr299.tsp	1.58	253273	253273	131124
pr299.tsp	1.57	253273	253273	141525
pr299.tsp	1.57	253273	253273	121394
pr299.tsp	1.57	253273	253273	125968
pr299.tsp	1.57	253273	253273	108581
pr299.tsp	1.57	253273	253273	120092
pr299.tsp	1.58	253273	253273	135857
pr439.tsp	2.29	253273	253273	367588
pr439.tsp	2.28	253273	253273	374538
pr439.tsp	2.30	253273	253273	367829
pr439.tsp	2.29	253273	253273	346808
pr439.tsp	2.28	253273	253273	349657
pr439.tsp	2.30	253273	253273	365131
pr439.tsp	2.30	253273	253273	373878
pr439.tsp	2.30	253273	253273	367505
pr439.tsp	2.28	253273	253273	358140
pr439.tsp	2.30	253273	253273	364757
pr76.tsp	0.52	253273	253273	147397
pr76.tsp	0.53	253273	253273	135119
pr76.tsp	0.53	253273	253273	130148
pr76.tsp	0.53	253273	253273	145623
pr76.tsp	0.52	253273	253273	140533
pr76.tsp	0.53	253273	253273	164240
pr76.tsp	0.53	253273	253273	139135
pr76.tsp	0.52	253273	253273	147551
pr76.tsp	0.52	253273	253273	134862
pr76.tsp	0.54	253273	253273	143239
rat575.tsp	3.16	253273	253273	21944
rat575.tsp	3.17	253273	253273	23041
rat575.tsp	3.17	253273	253273	22208
rat575.tsp	3.18	253273	253273	20921
rat575.tsp	3.14	253273	253273	23621
rat575.tsp	3.15	253273	253273	22159
rat575.tsp	3.15	253273	253273	19489
rat575.tsp	3.15	253273	253273	20939
rat575.tsp	3.15	253273	253273	22922
rat575.tsp	3.14	253273	253273	21311
rat783.tsp	4.47	253273	253273	36345
rat783.tsp	4.41	253273	253273	37691
rat783.tsp	4.41	253273	253273	38145
rat783.tsp	4.40	253273	253273	36306
rat783.tsp	4.41	253273	253273	34662
rat783.tsp	4.40	253273	253273	34825
rat783.tsp	4.40	253273	253273	35215
rat783.tsp	4.40	253273	253273	37618
rat783.tsp	4.39	253273	253273	36514
rat783.tsp	4.40	253273	253273	38562
rat99.tsp	0.64	253273	253273	1834
rat99.tsp	0.64	253273	253273	1678
rat99.tsp	0.64	253273	253273	1671
rat99.tsp	0.64	253273	253273	1869
rat99.tsp	0.64	253273	253273	1691
rat99.tsp	0.64	253273	253273	1672
rat99.tsp	0.64	253273	253273	1840
rat99.tsp	0.64	253273	253273	1732
rat99.tsp	0.63	253273	253273	1825
rat99.tsp	0.63	253273	253273	1855
