a280.tsp	15.14	2566479	2566479	4410
a280.tsp	15.20	2566479	2566479	4306
a280.tsp	15.17	2566479	2566479	4602
a280.tsp	15.35	2566479	2566479	4256
a280.tsp	15.21	2566479	2566479	4871
a280.tsp	15.14	2566479	2566479	4910
a280.tsp	15.18	2566479	2566479	4547
a280.tsp	15.14	2566479	2566479	4093
a280.tsp	15.20	2566479	2566479	4620
a280.tsp	15.22	2566479	2566479	4432
berlin52.tsp	4.26	2566479	2566479	8077
berlin52.tsp	4.24	2566479	2566479	7751
berlin52.tsp	4.24	2566479	2566479	8408
berlin52.tsp	4.38	2566479	2566479	8161
berlin52.tsp	4.28	2566479	2566479	8399
berlin52.tsp	4.26	2566479	2566479	8207
berlin52.tsp	4.24	2566479	2566479	7998
berlin52.tsp	4.23	2566479	2566479	8475
berlin52.tsp	4.29	2566479	2566479	8180
berlin52.tsp	4.23	2566479	2566479	8453
bier127.tsp	7.93	2566479	2566479	137782
bier127.tsp	7.87	2566479	2566479	140881
bier127.tsp	7.87	2566479	2566479	149497
bier127.tsp	7.98	2566479	2566479	145284
bier127.tsp	7.95	2566479	2566479	149203
bier127.tsp	7.84	2566479	2566479	145277
bier127.tsp	7.80	2566479	2566479	139922
bier127.tsp	7.90	2566479	2566479	140293
bier127.tsp	7.83	2566479	2566479	142787
bier127.tsp	7.92	2566479	2566479	146117
eil101.tsp	6.62	2566479	2566479	717
eil101.tsp	6.55	2566479	2566479	699
eil101.tsp	6.57	2566479	2566479	713
eil101.tsp	6.57	2566479	2566479	698
eil101.tsp	6.62	2566479	2566479	700
eil101.tsp	6.60	2566479	2566479	725
eil101.tsp	6.54	2566479	2566479	728
eil101.tsp	6.59	2566479	2566479	716
eil101.tsp	6.70	2566479	2566479	712
eil101.tsp	6.58	2566479	2566479	729
eil51.tsp	4.30	2566479	2566479	441
eil51.tsp	4.28	2566479	2566479	439
eil51.tsp	4.30	2566479	2566479	448
eil51.tsp	4.26	2566479	2566479	469
eil51.tsp	4.34	2566479	2566479	450
eil51.tsp	4.30	2566479	2566479	438
eil51.tsp	4.32	2566479	2566479	442
eil51.tsp	4.29	2566479	2566479	447
eil51.tsp	4.26	2566479	2566479	430
eil51.tsp	4.30	2566479	2566479	438
eil76.tsp	5.40	2566479	2566479	580
eil76.tsp	5.41	2566479	2566479	567
eil76.tsp	5.45	2566479	2566479	607
eil76.tsp	5.40	2566479	2566479	584
eil76.tsp	5.46	2566479	2566479	614
eil76.tsp	5.40	2566479	2566479	602
eil76.tsp	5.40	2566479	2566479	602
eil76.tsp	5.42	2566479	2566479	648
eil76.tsp	5.41	2566479	2566479	589
eil76.tsp	5.40	2566479	2566479	576
gil262.tsp	14.30	2566479	2566479	3762
gil262.tsp	14.25	2566479	2566479	3748
gil262.tsp	14.24	2566479	2566479	3608
gil262.tsp	14.28	2566479	2566479	3851
gil262.tsp	14.27	2566479	2566479	4002
gil262.tsp	14.25	2566479	2566479	3881
gil262.tsp	14.26	2566479	2566479	3452
gil262.tsp	14.26	2566479	2566479	3836
gil262.tsp	14.37	2566479	2566479	3693
gil262.tsp	14.34	2566479	2566479	3773
kroA100.tsp	6.53	2566479	2566479	28343
kroA100.tsp	6.40	2566479	2566479	26096
kroA100.tsp	6.38	2566479	2566479	29579
kroA100.tsp	6.44	2566479	2566479	26106
kroA100.tsp	6.41	2566479	2566479	27454
kroA100.tsp	6.54	2566479	2566479	27370
kroA100.tsp	6.40	2566479	2566479	25509
kroA100.tsp	6.60	2566479	2566479	26840
kroA100.tsp	6.42	2566479	2566479	24113
kroA100.tsp	6.51	2566479	2566479	26623
kroA150.tsp	8.98	2566479	2566479	40788
kroA150.tsp	8.91	2566479	2566479	38587
kroA150.tsp	8.94	2566479	2566479	41856
kroA150.tsp	9.01	2566479	2566479	35332
kroA150.tsp	8.90	2566479	2566479	37643
kroA150.tsp	8.92	2566479	2566479	38322
kroA150.tsp	9.27	2566479	2566479	32678
kroA150.tsp	8.86	2566479	2566479	34996
kroA150.tsp	8.91	2566479	2566479	34342
kroA150.tsp	9.01	2566479	2566479	37169
kroA200.tsp	11.30	2566479	2566479	43609
kroA200.tsp	11.35	2566479	2566479	46734
kroA200.tsp	11.23	2566479	2566479	43300
kroA200.tsp	13.62	2566479	2566479	52719
kroA200.tsp	11.25	2566479	2566479	43957
kroA200.tsp	11.29	2566479	2566479	43263
kroA200.tsp	11.22	2566479	2566479	52263
kroA200.tsp	11.37	2566479	2566479	48239
kroA200.tsp	11.36	2566479	2566479	46749
kroA200.tsp	11.25	2566479	2566479	45214
kroB100.tsp	6.56	2566479	2566479	26136
kroB100.tsp	6.46	2566479	2566479	27126
kroB100.tsp	6.49	2566479	2566479	26542
kroB100.tsp	6.60	2566479	2566479	27975
kroB100.tsp	6.57	2566479	2566479	26877
kroB100.tsp	6.54	2566479	2566479	26983
kroB100.tsp	6.43	2566479	2566479	27157
kroB100.tsp	6.50	2566479	2566479	28065
kroB100.tsp	6.44	2566479	2566479	25976
kroB100.tsp	6.48	2566479	2566479	28522
kroB150.tsp	8.96	2566479	2566479	39038
kroB150.tsp	8.95	2566479	2566479	36018
kroB150.tsp	8.92	2566479	2566479	34841
kroB150.tsp	9.04	2566479	2566479	34977
kroB150.tsp	8.97	2566479	2566479	39699
kroB150.tsp	8.87	2566479	2566479	38787
kroB150.tsp	8.92	2566479	2566479	35143
kroB150.tsp	8.93	2566479	2566479	35226
kroB150.tsp	8.96	2566479	2566479	35629
kroB150.tsp	8.95	2566479	2566479	33961
kroB200.tsp	11.43	2566479	2566479	45696
kroB200.tsp	11.29	2566479	2566479	43831
kroB200.tsp	11.32	2566479	2566479	47228
kroB200.tsp	11.33	2566479	2566479	44822
kroB200.tsp	11.38	2566479	2566479	45847
kroB200.tsp	11.45	2566479	2566479	45418
kroB200.tsp	11.46	2566479	2566479	45943
kroB200.tsp	11.39	2566479	2566479	43342
kroB200.tsp	11.31	2566479	2566479	46574
kroB200.tsp	11.78	2566479	2566479	48104
kroC100.tsp	6.41	2566479	2566479	24119
kroC100.tsp	6.38	2566479	2566479	29724
kroC100.tsp	6.52	2566479	2566479	25388
kroC100.tsp	6.57	2566479	2566479	25854
kroC100.tsp	6.58	2566479	2566479	25217
kroC100.tsp	6.53	2566479	2566479	27245
kroC100.tsp	6.39	2566479	2566479	29952
kroC100.tsp	6.55	2566479	2566479	25969
kroC100.tsp	6.42	2566479	2566479	25997
kroC100.tsp	6.40	2566479	2566479	28659
kroD100.tsp	6.56	2566479	2566479	26307
kroD100.tsp	6.54	2566479	2566479	27969
kroD100.tsp	6.47	2566479	2566479	26283
kroD100.tsp	6.52	2566479	2566479	24555
kroD100.tsp	6.58	2566479	2566479	27665
kroD100.tsp	6.42	2566479	2566479	27721
kroD100.tsp	6.50	2566479	2566479	26026
kroD100.tsp	6.43	2566479	2566479	28289
kroD100.tsp	6.56	2566479	2566479	26483
kroD100.tsp	6.58	2566479	2566479	25210
kroE100.tsp	6.46	2566479	2566479	28500
kroE100.tsp	6.58	2566479	2566479	26468
kroE100.tsp	6.59	2566479	2566479	26113
kroE100.tsp	6.59	2566479	2566479	26396
kroE100.tsp	6.45	2566479	2566479	27755
kroE100.tsp	6.40	2566479	2566479	28376
kroE100.tsp	6.59	2566479	2566479	29095
kroE100.tsp	6.63	2566479	2566479	24689
kroE100.tsp	6.45	2566479	2566479	25585
kroE100.tsp	6.59	2566479	2566479	26593
lin105.tsp	6.71	2566479	2566479	19518
lin105.tsp	6.71	2566479	2566479	18081
lin105.tsp	6.61	2566479	2566479	19694
lin105.tsp	6.65	2566479	2566479	18637
lin105.tsp	6.72	2566479	2566479	17710
lin105.tsp	6.70	2566479	2566479	19553
lin105.tsp	6.69	2566479	2566479	18539
lin105.tsp	6.69	2566479	2566479	19079
lin105.tsp	6.70	2566479	2566479	18357
lin105.tsp	6.75	2566479	2566479	18562
lin318.tsp	17.12	2566479	2566479	77092
lin318.tsp	17.06	2566479	2566479	78858
lin318.tsp	17.01	2566479	2566479	83451
lin318.tsp	17.03	2566479	2566479	78477
lin318.tsp	16.90	2566479	2566479	82177
lin318.tsp	16.98	2566479	2566479	80381
lin318.tsp	16.94	2566479	2566479	81874
lin318.tsp	17.02	2566479	2566479	89622
lin318.tsp	16.92	2566479	2566479	80989
lin318.tsp	16.89	2566479	2566479	90593
linhp318.tsp	16.95	2566479	2566479	77503
linhp318.tsp	17.04	2566479	2566479	85977
linhp318.tsp	16.93	2566479	2566479	84393
linhp318.tsp	17.00	2566479	2566479	75479
linhp318.tsp	17.09	2566479	2566479	80701
linhp318.tsp	21.92	2566479	2566479	76102
linhp318.tsp	16.90	2566479	2566479	76596
linhp318.tsp	17.06	2566479	2566479	79523
linhp318.tsp	16.85	2566479	2566479	72224
linhp318.tsp	16.93	2566479	2566479	75633
pr107.tsp	6.85	2566479	2566479	62976
pr107.tsp	6.79	2566479	2566479	68141
pr107.tsp	6.84	2566479	2566479	53386
pr107.tsp	6.77	2566479	2566479	69614
pr107.tsp	6.78	2566479	2566479	49830
pr107.tsp	6.78	2566479	2566479	65333
pr107.tsp	7.61	2566479	2566479	65810
pr107.tsp	6.80	2566479	2566479	66633
pr107.tsp	6.85	2566479	2566479	54146
pr107.tsp	6.88	2566479	2566479	65643
pr124.tsp	7.67	2566479	2566479	89772
pr124.tsp	7.61	2566479	2566479	94123
pr124.tsp	7.54	2566479	2566479	94143
pr124.tsp	7.58	2566479	2566479	82819
pr124.tsp	7.57	2566479	2566479	94033
pr124.tsp	7.64	2566479	2566479	92038
pr124.tsp	7.51	2566479	2566479	99543
pr124.tsp	7.58	2566479	2566479	78118
pr124.tsp	7.58	2566479	2566479	75711
pr124.tsp	7.55	2566479	2566479	77570
pr136.tsp	8.29	2566479	2566479	138533
pr136.tsp	8.26	2566479	2566479	127686
pr136.tsp	8.29	2566479	2566479	126570
pr136.tsp	8.44	2566479	2566479	126993
pr136.tsp	8.24	2566479	2566479	125257
pr136.tsp	8.32	2566479	2566479	141837
pr136.tsp	8.30	2566479	2566479	123282
pr136.tsp	8.34	2566479	2566479	140827
pr136.tsp	8.25	2566479	2566479	130317
pr136.tsp	8.31	2566479	2566479	120793
pr144.tsp	8.68	2566479	2566479	99812
pr144.tsp	8.70	2566479	2566479	105454
pr144.tsp	8.64	2566479	2566479	96855
pr144.tsp	8.71	2566479	2566479	109931
pr144.tsp	8.66	2566479	2566479	90811
pr144.tsp	8.62	2566479	2566479	109210
pr144.tsp	8.66	2566479	2566479	96376
pr144.tsp	8.63	2566479	2566479	91880
pr144.tsp	8.65	2566479	2566479	88906
pr144.tsp	8.75	2566479	2566479	104718
pr152.tsp	8.99	2566479	2566479	136703
pr152.tsp	9.06	2566479	2566479	126619
pr152.tsp	9.00	2566479	2566479	141811
pr152.tsp	9.07	2566479	2566479	124739
pr152.tsp	8.98	2566479	2566479	133265
pr152.tsp	8.97	2566479	2566479	140358
pr152.tsp	8.96	2566479	2566479	133140
pr152.tsp	8.98	2566479	2566479	129639
pr152.tsp	9.02	2566479	2566479	136953
pr152.tsp	9.04	2566479	2566479	107280
pr226.tsp	12.58	2566479	2566479	176585
pr226.tsp	12.54	2566479	2566479	203894
pr226.tsp	12.60	2566479	2566479	180658
pr226.tsp	12.54	2566479	2566479	178973
pr226.tsp	12.62	2566479	2566479	173751
pr226.tsp	12.70	2566479	2566479	143727
pr226.tsp	12.60	2566479	2566479	189596
pr226.tsp	12.56	2566479	2566479	216569
pr226.tsp	15.51	2566479	2566479	173769
pr226.tsp	12.66	2566479	2566479	185939
pr264.tsp	14.23	2566479	2566479	117225
pr264.tsp	14.24	2566479	2566479	114970
pr264.tsp	14.21	2566479	2566479	104184
pr264.tsp	14.23	2566479	2566479	115275
pr264.tsp	14.21	2566479	2566479	112213
pr264.tsp	14.23	2566479	2566479	90406
pr264.tsp	14.20	2566479	2566479	109238
pr264.tsp	14.24	2566479	2566479	105591
pr264.tsp	14.23	2566479	2566479	118003
pr264.tsp	14.20	2566479	2566479	104368
pr299.tsp	16.09	2566479	2566479	92741
pr299.tsp	15.98	2566479	2566479	81266
pr299.tsp	16.00	2566479	2566479	96860
pr299.tsp	16.02	2566479	2566479	86631
pr299.tsp	15.98	2566479	2566479	91263
pr299.tsp	15.87	2566479	2566479	97236
pr299.tsp	17.49	2566479	2566479	92741
pr299.tsp	15.97	2566479	2566479	97196
pr299.tsp	16.02	2566479	2566479	88798
pr299.tsp	15.94	2566479	2566479	93871
pr439.tsp	23.27	2566479	2566479	225982
pr439.tsp	23.30	2566479	2566479	243568
pr439.tsp	23.24	2566479	2566479	257606
pr439.tsp	23.11	2566479	2566479	246553
pr439.tsp	23.23	2566479	2566479	229717
pr439.tsp	23.19	2566479	2566479	271569
pr439.tsp	23.17	2566479	2566479	253349
pr439.tsp	23.13	2566479	2566479	252411
pr439.tsp	23.21	2566479	2566479	261519
pr439.tsp	23.28	2566479	2566479	231695
pr76.tsp	5.41	2566479	2566479	116669
pr76.tsp	5.27	2566479	2566479	119762
pr76.tsp	5.38	2566479	2566479	122098
pr76.tsp	5.33	2566479	2566479	132225
pr76.tsp	5.39	2566479	2566479	119234
pr76.tsp	5.41	2566479	2566479	119374
pr76.tsp	5.40	2566479	2566479	127836
pr76.tsp	5.29	2566479	2566479	130640
pr76.tsp	5.28	2566479	2566479	135557
pr76.tsp	5.32	2566479	2566479	132345
rat575.tsp	32.08	2566479	2566479	14051
rat575.tsp	32.03	2566479	2566479	15042
rat575.tsp	32.15	2566479	2566479	13296
rat575.tsp	32.21	2566479	2566479	13854
rat575.tsp	32.19	2566479	2566479	13327
rat575.tsp	32.25	2566479	2566479	13646
rat575.tsp	32.16	2566479	2566479	12790
rat575.tsp	32.28	2566479	2566479	13595
rat575.tsp	32.30	2566479	2566479	14502
rat575.tsp	32.30	2566479	2566479	13919
rat783.tsp	44.67	2566479	2566479	23728
rat783.tsp	44.65	2566479	2566479	22428
rat783.tsp	44.77	2566479	2566479	22367
rat783.tsp	45.00	2566479	2566479	22718
rat783.tsp	44.76	2566479	2566479	22179
rat783.tsp	45.25	2566479	2566479	20699
rat783.tsp	44.62	2566479	2566479	23658
rat783.tsp	45.08	2566479	2566479	23012
rat783.tsp	45.16	2566479	2566479	22699
rat783.tsp	44.72	2566479	2566479	21869
rat99.tsp	6.47	2566479	2566479	1395
rat99.tsp	6.51	2566479	2566479	1354
rat99.tsp	6.53	2566479	2566479	1448
rat99.tsp	6.54	2566479	2566479	1418
rat99.tsp	6.50	2566479	2566479	1407
rat99.tsp	6.49	2566479	2566479	1377
rat99.tsp	6.47	2566479	2566479	1413
rat99.tsp	6.50	2566479	2566479	1414
rat99.tsp	6.56	2566479	2566479	1371
rat99.tsp	6.48	2566479	2566479	1384
