a280.tsp	2.14	361824	361824	6079
a280.tsp	2.14	361824	361824	5890
a280.tsp	2.13	361824	361824	5728
a280.tsp	2.13	361824	361824	5764
a280.tsp	2.14	361824	361824	5743
a280.tsp	2.13	361824	361824	5152
a280.tsp	2.14	361824	361824	5863
a280.tsp	2.13	361824	361824	5857
a280.tsp	2.14	361824	361824	5709
a280.tsp	2.13	361824	361824	5315
berlin52.tsp	0.61	361824	361824	8966
berlin52.tsp	0.60	361824	361824	8788
berlin52.tsp	0.60	361824	361824	8549
berlin52.tsp	0.59	361824	361824	8462
berlin52.tsp	0.59	361824	361824	8696
berlin52.tsp	0.60	361824	361824	8747
berlin52.tsp	0.60	361824	361824	7823
berlin52.tsp	0.59	361824	361824	8868
berlin52.tsp	0.60	361824	361824	8901
berlin52.tsp	0.60	361824	361824	8218
bier127.tsp	1.11	361824	361824	154852
bier127.tsp	1.10	361824	361824	160306
bier127.tsp	1.11	361824	361824	159291
bier127.tsp	1.10	361824	361824	159512
bier127.tsp	1.11	361824	361824	169289
bier127.tsp	1.10	361824	361824	170962
bier127.tsp	1.11	361824	361824	166638
bier127.tsp	1.10	361824	361824	155492
bier127.tsp	1.10	361824	361824	167822
bier127.tsp	1.10	361824	361824	175170
eil101.tsp	0.92	361824	361824	753
eil101.tsp	0.92	361824	361824	799
eil101.tsp	0.93	361824	361824	765
eil101.tsp	0.93	361824	361824	798
eil101.tsp	0.92	361824	361824	817
eil101.tsp	0.93	361824	361824	796
eil101.tsp	0.93	361824	361824	791
eil101.tsp	0.93	361824	361824	761
eil101.tsp	0.92	361824	361824	752
eil101.tsp	0.93	361824	361824	788
eil51.tsp	0.60	361824	361824	477
eil51.tsp	0.59	361824	361824	480
eil51.tsp	0.59	361824	361824	448
eil51.tsp	0.61	361824	361824	491
eil51.tsp	0.59	361824	361824	455
eil51.tsp	0.59	361824	361824	471
eil51.tsp	0.60	361824	361824	482
eil51.tsp	0.60	361824	361824	490
eil51.tsp	0.60	361824	361824	474
eil51.tsp	0.60	361824	361824	441
eil76.tsp	0.76	361824	361824	597
eil76.tsp	0.76	361824	361824	697
eil76.tsp	0.76	361824	361824	640
eil76.tsp	0.89	361824	361824	645
eil76.tsp	0.76	361824	361824	650
eil76.tsp	0.75	361824	361824	636
eil76.tsp	0.76	361824	361824	609
eil76.tsp	0.76	361824	361824	681
eil76.tsp	0.76	361824	361824	668
eil76.tsp	0.76	361824	361824	671
gil262.tsp	2.01	361824	361824	4604
gil262.tsp	2.01	361824	361824	4815
gil262.tsp	2.00	361824	361824	4739
gil262.tsp	2.00	361824	361824	4740
gil262.tsp	2.00	361824	361824	5011
gil262.tsp	2.01	361824	361824	5166
gil262.tsp	2.00	361824	361824	4912
gil262.tsp	2.01	361824	361824	4867
gil262.tsp	2.00	361824	361824	4326
gil262.tsp	2.01	361824	361824	4494
kroA100.tsp	0.90	361824	361824	27590
kroA100.tsp	0.92	361824	361824	31412
kroA100.tsp	0.91	361824	361824	33003
kroA100.tsp	0.92	361824	361824	32386
kroA100.tsp	0.90	361824	361824	30660
kroA100.tsp	0.92	361824	361824	32312
kroA100.tsp	0.93	361824	361824	31402
kroA100.tsp	0.90	361824	361824	29243
kroA100.tsp	0.92	361824	361824	36592
kroA100.tsp	0.90	361824	361824	28236
kroA150.tsp	1.26	361824	361824	47280
kroA150.tsp	1.26	361824	361824	43653
kroA150.tsp	1.25	361824	361824	43489
kroA150.tsp	1.26	361824	361824	44589
kroA150.tsp	1.26	361824	361824	44214
kroA150.tsp	1.26	361824	361824	47704
kroA150.tsp	1.26	361824	361824	45868
kroA150.tsp	1.26	361824	361824	42670
kroA150.tsp	1.26	361824	361824	45486
kroA150.tsp	1.26	361824	361824	45709
kroA200.tsp	1.59	361824	361824	57554
kroA200.tsp	1.59	361824	361824	59097
kroA200.tsp	1.59	361824	361824	59026
kroA200.tsp	1.59	361824	361824	54309
kroA200.tsp	1.59	361824	361824	58493
kroA200.tsp	1.60	361824	361824	53425
kroA200.tsp	1.59	361824	361824	59697
kroA200.tsp	1.59	361824	361824	58085
kroA200.tsp	1.59	361824	361824	54684
kroA200.tsp	1.60	361824	361824	49394
kroB100.tsp	0.92	361824	361824	38129
kroB100.tsp	0.92	361824	361824	30282
kroB100.tsp	0.92	361824	361824	36227
kroB100.tsp	0.90	361824	361824	35617
kroB100.tsp	1.16	361824	361824	31706
kroB100.tsp	0.91	361824	361824	31768
kroB100.tsp	0.91	361824	361824	33775
kroB100.tsp	0.92	361824	361824	33973
kroB100.tsp	0.91	361824	361824	33380
kroB100.tsp	0.91	361824	361824	33565
kroB150.tsp	1.26	361824	361824	46406
kroB150.tsp	1.26	361824	361824	47549
kroB150.tsp	1.26	361824	361824	42724
kroB150.tsp	1.26	361824	361824	42984
kroB150.tsp	1.25	361824	361824	44236
kroB150.tsp	1.26	361824	361824	47461
kroB150.tsp	1.26	361824	361824	47763
kroB150.tsp	1.26	361824	361824	40517
kroB150.tsp	1.25	361824	361824	44096
kroB150.tsp	1.26	361824	361824	40810
kroB200.tsp	1.60	361824	361824	56688
kroB200.tsp	1.59	361824	361824	55162
kroB200.tsp	1.59	361824	361824	62248
kroB200.tsp	1.60	361824	361824	56844
kroB200.tsp	1.60	361824	361824	52840
kroB200.tsp	1.59	361824	361824	60702
kroB200.tsp	1.59	361824	361824	58160
kroB200.tsp	1.59	361824	361824	57302
kroB200.tsp	1.59	361824	361824	58874
kroB200.tsp	1.60	361824	361824	56337
kroC100.tsp	0.90	361824	361824	30450
kroC100.tsp	0.90	361824	361824	31681
kroC100.tsp	0.91	361824	361824	32444
kroC100.tsp	0.90	361824	361824	29354
kroC100.tsp	0.90	361824	361824	32990
kroC100.tsp	0.92	361824	361824	28141
kroC100.tsp	0.90	361824	361824	29804
kroC100.tsp	0.92	361824	361824	30862
kroC100.tsp	0.90	361824	361824	28513
kroC100.tsp	0.90	361824	361824	28118
kroD100.tsp	0.90	361824	361824	30766
kroD100.tsp	0.91	361824	361824	30849
kroD100.tsp	0.91	361824	361824	30745
kroD100.tsp	0.92	361824	361824	33440
kroD100.tsp	0.92	361824	361824	30218
kroD100.tsp	0.90	361824	361824	35970
kroD100.tsp	0.92	361824	361824	32373
kroD100.tsp	0.90	361824	361824	36300
kroD100.tsp	0.91	361824	361824	34659
kroD100.tsp	0.92	361824	361824	30259
kroE100.tsp	0.90	361824	361824	31183
kroE100.tsp	0.90	361824	361824	32227
kroE100.tsp	0.92	361824	361824	36452
kroE100.tsp	0.90	361824	361824	31643
kroE100.tsp	0.92	361824	361824	33054
kroE100.tsp	0.90	361824	361824	32489
kroE100.tsp	0.92	361824	361824	31347
kroE100.tsp	0.92	361824	361824	32885
kroE100.tsp	0.91	361824	361824	31960
kroE100.tsp	0.90	361824	361824	33535
lin105.tsp	0.93	361824	361824	22101
lin105.tsp	0.93	361824	361824	21091
lin105.tsp	0.95	361824	361824	20559
lin105.tsp	0.93	361824	361824	22383
lin105.tsp	0.95	361824	361824	21876
lin105.tsp	0.95	361824	361824	18665
lin105.tsp	0.94	361824	361824	23074
lin105.tsp	0.94	361824	361824	23017
lin105.tsp	0.94	361824	361824	22284
lin105.tsp	0.94	361824	361824	24147
lin318.tsp	2.38	361824	361824	104884
lin318.tsp	2.38	361824	361824	108427
lin318.tsp	2.38	361824	361824	104183
lin318.tsp	2.39	361824	361824	105452
lin318.tsp	2.39	361824	361824	105758
lin318.tsp	2.39	361824	361824	109514
lin318.tsp	2.38	361824	361824	111334
lin318.tsp	2.39	361824	361824	104974
lin318.tsp	2.39	361824	361824	103958
lin318.tsp	2.39	361824	361824	101180
linhp318.tsp	2.39	361824	361824	110873
linhp318.tsp	2.39	361824	361824	107667
linhp318.tsp	2.38	361824	361824	109395
linhp318.tsp	2.38	361824	361824	98448
linhp318.tsp	2.39	361824	361824	105814
linhp318.tsp	2.38	361824	361824	93171
linhp318.tsp	2.38	361824	361824	109932
linhp318.tsp	2.39	361824	361824	100896
linhp318.tsp	2.38	361824	361824	112124
linhp318.tsp	2.38	361824	361824	99016
pr107.tsp	0.95	361824	361824	98961
pr107.tsp	0.96	361824	361824	85253
pr107.tsp	0.95	361824	361824	83315
pr107.tsp	0.95	361824	361824	96928
pr107.tsp	0.95	361824	361824	96660
pr107.tsp	0.95	361824	361824	83206
pr107.tsp	0.95	361824	361824	93839
pr107.tsp	0.95	361824	361824	69455
pr107.tsp	0.96	361824	361824	90230
pr107.tsp	0.95	361824	361824	85217
pr124.tsp	1.07	361824	361824	103702
pr124.tsp	1.06	361824	361824	121385
pr124.tsp	1.06	361824	361824	102943
pr124.tsp	1.10	361824	361824	124841
pr124.tsp	1.07	361824	361824	107743
pr124.tsp	1.07	361824	361824	109839
pr124.tsp	1.07	361824	361824	115794
pr124.tsp	1.06	361824	361824	109931
pr124.tsp	1.07	361824	361824	107224
pr124.tsp	1.06	361824	361824	111805
pr136.tsp	1.16	361824	361824	155555
pr136.tsp	1.16	361824	361824	147566
pr136.tsp	1.17	361824	361824	157846
pr136.tsp	1.17	361824	361824	159835
pr136.tsp	1.17	361824	361824	165847
pr136.tsp	1.16	361824	361824	146451
pr136.tsp	1.17	361824	361824	153643
pr136.tsp	1.17	361824	361824	149420
pr136.tsp	1.17	361824	361824	155821
pr136.tsp	1.16	361824	361824	158543
pr144.tsp	1.22	361824	361824	128715
pr144.tsp	1.21	361824	361824	146246
pr144.tsp	1.22	361824	361824	130038
pr144.tsp	1.22	361824	361824	131501
pr144.tsp	1.21	361824	361824	123451
pr144.tsp	1.22	361824	361824	119300
pr144.tsp	1.21	361824	361824	134965
pr144.tsp	1.21	361824	361824	127421
pr144.tsp	1.22	361824	361824	137579
pr144.tsp	1.22	361824	361824	130251
pr152.tsp	1.26	361824	361824	182870
pr152.tsp	1.28	361824	361824	154259
pr152.tsp	1.28	361824	361824	189354
pr152.tsp	1.27	361824	361824	171527
pr152.tsp	1.26	361824	361824	178044
pr152.tsp	1.27	361824	361824	212558
pr152.tsp	1.27	361824	361824	177432
pr152.tsp	1.27	361824	361824	165514
pr152.tsp	1.27	361824	361824	148466
pr152.tsp	1.26	361824	361824	185441
pr226.tsp	1.77	361824	361824	244793
pr226.tsp	1.76	361824	361824	258336
pr226.tsp	1.76	361824	361824	252646
pr226.tsp	1.76	361824	361824	275381
pr226.tsp	1.76	361824	361824	329954
pr226.tsp	1.78	361824	361824	257543
pr226.tsp	1.77	361824	361824	238676
pr226.tsp	1.76	361824	361824	266826
pr226.tsp	1.76	361824	361824	231319
pr226.tsp	1.77	361824	361824	244986
pr264.tsp	2.02	361824	361824	167642
pr264.tsp	2.00	361824	361824	194323
pr264.tsp	2.00	361824	361824	152563
pr264.tsp	2.00	361824	361824	184821
pr264.tsp	2.00	361824	361824	175850
pr264.tsp	2.00	361824	361824	146857
pr264.tsp	2.00	361824	361824	156041
pr264.tsp	2.00	361824	361824	186865
pr264.tsp	2.00	361824	361824	152086
pr264.tsp	2.00	361824	361824	167860
pr299.tsp	2.25	361824	361824	109967
pr299.tsp	2.25	361824	361824	118171
pr299.tsp	2.25	361824	361824	108880
pr299.tsp	2.26	361824	361824	118603
pr299.tsp	2.25	361824	361824	121736
pr299.tsp	2.25	361824	361824	114078
pr299.tsp	2.24	361824	361824	115002
pr299.tsp	2.24	361824	361824	117641
pr299.tsp	2.25	361824	361824	110680
pr299.tsp	2.25	361824	361824	107325
pr439.tsp	3.27	361824	361824	339685
pr439.tsp	3.26	361824	361824	335850
pr439.tsp	3.27	361824	361824	328338
pr439.tsp	3.28	361824	361824	347621
pr439.tsp	4.16	361824	361824	366113
pr439.tsp	3.27	361824	361824	356306
pr439.tsp	3.26	361824	361824	348235
pr439.tsp	3.26	361824	361824	341967
pr439.tsp	3.27	361824	361824	325338
pr439.tsp	3.28	361824	361824	360769
pr76.tsp	0.76	361824	361824	153670
pr76.tsp	0.76	361824	361824	136166
pr76.tsp	0.74	361824	361824	137545
pr76.tsp	0.75	361824	361824	131130
pr76.tsp	0.74	361824	361824	137348
pr76.tsp	0.75	361824	361824	132564
pr76.tsp	0.76	361824	361824	140618
pr76.tsp	0.76	361824	361824	132398
pr76.tsp	0.74	361824	361824	141989
pr76.tsp	0.76	361824	361824	131953
rat575.tsp	4.49	361824	361824	20343
rat575.tsp	4.51	361824	361824	20616
rat575.tsp	4.54	361824	361824	19730
rat575.tsp	4.52	361824	361824	21033
rat575.tsp	4.51	361824	361824	19651
rat575.tsp	4.53	361824	361824	21142
rat575.tsp	4.50	361824	361824	20930
rat575.tsp	4.55	361824	361824	19152
rat575.tsp	4.52	361824	361824	21065
rat575.tsp	4.49	361824	361824	21915
rat783.tsp	6.29	361824	361824	34673
rat783.tsp	6.38	361824	361824	33137
rat783.tsp	6.39	361824	361824	34139
rat783.tsp	6.37	361824	361824	34826
rat783.tsp	6.30	361824	361824	32324
rat783.tsp	6.33	361824	361824	33781
rat783.tsp	6.30	361824	361824	34239
rat783.tsp	6.29	361824	361824	32800
rat783.tsp	6.28	361824	361824	33625
rat783.tsp	6.40	361824	361824	32925
rat99.tsp	0.91	361824	361824	1907
rat99.tsp	0.91	361824	361824	1618
rat99.tsp	0.91	361824	361824	1719
rat99.tsp	0.91	361824	361824	1703
rat99.tsp	0.90	361824	361824	1563
rat99.tsp	0.90	361824	361824	1728
rat99.tsp	0.90	361824	361824	1656
rat99.tsp	0.92	361824	361824	1754
rat99.tsp	0.91	361824	361824	1625
rat99.tsp	0.91	361824	361824	1638
