a280.tsp	3.92	641611	641611	5680
a280.tsp	3.81	641611	641611	5385
a280.tsp	3.82	641611	641611	5016
a280.tsp	3.80	641611	641611	5131
a280.tsp	3.78	641611	641611	5118
a280.tsp	3.80	641611	641611	5273
a280.tsp	3.79	641611	641611	5327
a280.tsp	3.81	641611	641611	5278
a280.tsp	3.85	641611	641611	5364
a280.tsp	3.82	641611	641611	5644
berlin52.tsp	1.06	641611	641611	8384
berlin52.tsp	1.10	641611	641611	8606
berlin52.tsp	1.06	641611	641611	8779
berlin52.tsp	1.06	641611	641611	8215
berlin52.tsp	1.07	641611	641611	8341
berlin52.tsp	1.08	641611	641611	8820
berlin52.tsp	1.06	641611	641611	8233
berlin52.tsp	1.07	641611	641611	8530
berlin52.tsp	1.06	641611	641611	8201
berlin52.tsp	1.07	641611	641611	8602
bier127.tsp	2.01	641611	641611	151687
bier127.tsp	1.99	641611	641611	163921
bier127.tsp	1.94	641611	641611	153326
bier127.tsp	1.98	641611	641611	154849
bier127.tsp	2.01	641611	641611	155984
bier127.tsp	1.99	641611	641611	148828
bier127.tsp	1.96	641611	641611	151872
bier127.tsp	1.99	641611	641611	158422
bier127.tsp	2.13	641611	641611	161850
bier127.tsp	1.98	641611	641611	169097
eil101.tsp	1.64	641611	641611	827
eil101.tsp	1.65	641611	641611	748
eil101.tsp	1.64	641611	641611	732
eil101.tsp	1.64	641611	641611	732
eil101.tsp	1.68	641611	641611	762
eil101.tsp	1.64	641611	641611	752
eil101.tsp	1.65	641611	641611	748
eil101.tsp	1.63	641611	641611	784
eil101.tsp	1.64	641611	641611	765
eil101.tsp	1.64	641611	641611	784
eil51.tsp	1.10	641611	641611	456
eil51.tsp	1.05	641611	641611	451
eil51.tsp	1.08	641611	641611	453
eil51.tsp	1.08	641611	641611	440
eil51.tsp	1.07	641611	641611	482
eil51.tsp	1.08	641611	641611	468
eil51.tsp	1.06	641611	641611	463
eil51.tsp	1.07	641611	641611	464
eil51.tsp	1.07	641611	641611	446
eil51.tsp	1.06	641611	641611	449
eil76.tsp	1.39	641611	641611	621
eil76.tsp	1.35	641611	641611	631
eil76.tsp	1.30	641611	641611	632
eil76.tsp	1.35	641611	641611	597
eil76.tsp	1.35	641611	641611	611
eil76.tsp	1.39	641611	641611	660
eil76.tsp	1.34	641611	641611	602
eil76.tsp	1.36	641611	641611	602
eil76.tsp	1.36	641611	641611	596
eil76.tsp	1.36	641611	641611	639
gil262.tsp	3.60	641611	641611	4236
gil262.tsp	3.64	641611	641611	4255
gil262.tsp	3.56	641611	641611	4316
gil262.tsp	3.55	641611	641611	4632
gil262.tsp	3.68	641611	641611	4626
gil262.tsp	3.62	641611	641611	4573
gil262.tsp	3.56	641611	641611	4726
gil262.tsp	3.57	641611	641611	4942
gil262.tsp	3.59	641611	641611	4614
gil262.tsp	3.58	641611	641611	4316
kroA100.tsp	1.61	641611	641611	30469
kroA100.tsp	1.60	641611	641611	28551
kroA100.tsp	1.63	641611	641611	31023
kroA100.tsp	1.65	641611	641611	29591
kroA100.tsp	1.64	641611	641611	31261
kroA100.tsp	1.60	641611	641611	29627
kroA100.tsp	1.66	641611	641611	32738
kroA100.tsp	1.63	641611	641611	28650
kroA100.tsp	1.66	641611	641611	29856
kroA100.tsp	1.64	641611	641611	27108
kroA150.tsp	2.23	641611	641611	39823
kroA150.tsp	2.27	641611	641611	37788
kroA150.tsp	2.24	641611	641611	40135
kroA150.tsp	2.32	641611	641611	46353
kroA150.tsp	2.22	641611	641611	45581
kroA150.tsp	2.24	641611	641611	48056
kroA150.tsp	2.24	641611	641611	41035
kroA150.tsp	2.22	641611	641611	42465
kroA150.tsp	2.24	641611	641611	43195
kroA150.tsp	2.24	641611	641611	45727
kroA200.tsp	2.81	641611	641611	53807
kroA200.tsp	2.82	641611	641611	59205
kroA200.tsp	2.85	641611	641611	52566
kroA200.tsp	2.83	641611	641611	49784
kroA200.tsp	2.83	641611	641611	51410
kroA200.tsp	2.83	641611	641611	46182
kroA200.tsp	2.84	641611	641611	53135
kroA200.tsp	2.83	641611	641611	52806
kroA200.tsp	2.83	641611	641611	51632
kroA200.tsp	2.82	641611	641611	53566
kroB100.tsp	1.60	641611	641611	32161
kroB100.tsp	1.60	641611	641611	30935
kroB100.tsp	1.60	641611	641611	34821
kroB100.tsp	1.63	641611	641611	30027
kroB100.tsp	1.63	641611	641611	32295
kroB100.tsp	1.66	641611	641611	29598
kroB100.tsp	1.68	641611	641611	29320
kroB100.tsp	1.62	641611	641611	31275
kroB100.tsp	1.60	641611	641611	33457
kroB100.tsp	1.65	641611	641611	30084
kroB150.tsp	2.23	641611	641611	41976
kroB150.tsp	2.24	641611	641611	40344
kroB150.tsp	2.24	641611	641611	41204
kroB150.tsp	2.28	641611	641611	40943
kroB150.tsp	2.25	641611	641611	41102
kroB150.tsp	2.23	641611	641611	46385
kroB150.tsp	2.32	641611	641611	42592
kroB150.tsp	2.27	641611	641611	41812
kroB150.tsp	2.28	641611	641611	41373
kroB150.tsp	2.23	641611	641611	45652
kroB200.tsp	2.79	641611	641611	52957
kroB200.tsp	3.18	641611	641611	52079
kroB200.tsp	2.90	641611	641611	50044
kroB200.tsp	2.82	641611	641611	58148
kroB200.tsp	2.81	641611	641611	53161
kroB200.tsp	2.84	641611	641611	53074
kroB200.tsp	2.84	641611	641611	52796
kroB200.tsp	2.82	641611	641611	49593
kroB200.tsp	2.88	641611	641611	50178
kroB200.tsp	2.84	641611	641611	53461
kroC100.tsp	1.68	641611	641611	30196
kroC100.tsp	1.68	641611	641611	29853
kroC100.tsp	1.63	641611	641611	30849
kroC100.tsp	1.62	641611	641611	27693
kroC100.tsp	1.65	641611	641611	30375
kroC100.tsp	1.64	641611	641611	27616
kroC100.tsp	1.64	641611	641611	28576
kroC100.tsp	1.64	641611	641611	28519
kroC100.tsp	1.60	641611	641611	30979
kroC100.tsp	1.65	641611	641611	28933
kroD100.tsp	1.62	641611	641611	29432
kroD100.tsp	1.62	641611	641611	31012
kroD100.tsp	1.64	641611	641611	30481
kroD100.tsp	1.62	641611	641611	30499
kroD100.tsp	1.70	641611	641611	27762
kroD100.tsp	1.61	641611	641611	32139
kroD100.tsp	1.64	641611	641611	28049
kroD100.tsp	1.63	641611	641611	28904
kroD100.tsp	1.63	641611	641611	31123
kroD100.tsp	1.64	641611	641611	28795
kroE100.tsp	1.60	641611	641611	28067
kroE100.tsp	1.60	641611	641611	28740
kroE100.tsp	1.63	641611	641611	33943
kroE100.tsp	1.63	641611	641611	31268
kroE100.tsp	1.60	641611	641611	32534
kroE100.tsp	1.65	641611	641611	32514
kroE100.tsp	1.61	641611	641611	29642
kroE100.tsp	1.62	641611	641611	30377
kroE100.tsp	1.60	641611	641611	32456
kroE100.tsp	1.60	641611	641611	33440
lin105.tsp	1.67	641611	641611	22246
lin105.tsp	1.67	641611	641611	21832
lin105.tsp	1.67	641611	641611	19994
lin105.tsp	1.65	641611	641611	22535
lin105.tsp	1.67	641611	641611	20476
lin105.tsp	1.66	641611	641611	21950
lin105.tsp	1.66	641611	641611	20557
lin105.tsp	1.64	641611	641611	20159
lin105.tsp	1.70	641611	641611	23262
lin105.tsp	1.71	641611	641611	20970
lin318.tsp	4.39	641611	641611	87234
lin318.tsp	4.23	641611	641611	99782
lin318.tsp	4.25	641611	641611	94393
lin318.tsp	4.27	641611	641611	97645
lin318.tsp	4.24	641611	641611	100768
lin318.tsp	4.26	641611	641611	101178
lin318.tsp	4.26	641611	641611	91693
lin318.tsp	4.25	641611	641611	97735
lin318.tsp	4.25	641611	641611	95881
lin318.tsp	4.28	641611	641611	92517
linhp318.tsp	4.23	641611	641611	97696
linhp318.tsp	4.64	641611	641611	99244
linhp318.tsp	4.24	641611	641611	101747
linhp318.tsp	4.25	641611	641611	99231
linhp318.tsp	4.26	641611	641611	104504
linhp318.tsp	4.27	641611	641611	103101
linhp318.tsp	4.28	641611	641611	100807
linhp318.tsp	4.26	641611	641611	93509
linhp318.tsp	4.22	641611	641611	98801
linhp318.tsp	4.26	641611	641611	95739
pr107.tsp	1.68	641611	641611	68855
pr107.tsp	1.69	641611	641611	85405
pr107.tsp	1.71	641611	641611	87406
pr107.tsp	1.70	641611	641611	69008
pr107.tsp	1.68	641611	641611	82446
pr107.tsp	1.69	641611	641611	71661
pr107.tsp	1.72	641611	641611	73809
pr107.tsp	1.74	641611	641611	70048
pr107.tsp	1.70	641611	641611	93678
pr107.tsp	1.69	641611	641611	67662
pr124.tsp	1.90	641611	641611	104207
pr124.tsp	1.89	641611	641611	109903
pr124.tsp	1.88	641611	641611	115795
pr124.tsp	1.89	641611	641611	96780
pr124.tsp	1.89	641611	641611	101063
pr124.tsp	1.90	641611	641611	115787
pr124.tsp	1.90	641611	641611	96196
pr124.tsp	1.90	641611	641611	103512
pr124.tsp	1.90	641611	641611	117097
pr124.tsp	1.90	641611	641611	99738
pr136.tsp	2.09	641611	641611	139956
pr136.tsp	2.08	641611	641611	155201
pr136.tsp	2.13	641611	641611	157065
pr136.tsp	2.10	641611	641611	173886
pr136.tsp	2.07	641611	641611	128166
pr136.tsp	2.08	641611	641611	153954
pr136.tsp	2.12	641611	641611	151713
pr136.tsp	2.07	641611	641611	147891
pr136.tsp	2.08	641611	641611	145767
pr136.tsp	2.15	641611	641611	147296
pr144.tsp	2.16	641611	641611	124749
pr144.tsp	2.18	641611	641611	120513
pr144.tsp	2.17	641611	641611	153987
pr144.tsp	2.18	641611	641611	130906
pr144.tsp	2.16	641611	641611	147134
pr144.tsp	2.16	641611	641611	111485
pr144.tsp	2.16	641611	641611	120446
pr144.tsp	2.23	641611	641611	125316
pr144.tsp	2.16	641611	641611	133681
pr144.tsp	2.18	641611	641611	126181
pr152.tsp	2.27	641611	641611	167915
pr152.tsp	2.27	641611	641611	153883
pr152.tsp	2.24	641611	641611	157341
pr152.tsp	2.25	641611	641611	165526
pr152.tsp	2.26	641611	641611	173590
pr152.tsp	2.25	641611	641611	147794
pr152.tsp	2.24	641611	641611	147621
pr152.tsp	2.26	641611	641611	179468
pr152.tsp	2.30	641611	641611	168814
pr152.tsp	2.78	641611	641611	188130
pr226.tsp	3.22	641611	641611	229821
pr226.tsp	3.13	641611	641611	263061
pr226.tsp	3.13	641611	641611	271527
pr226.tsp	3.15	641611	641611	223778
pr226.tsp	3.15	641611	641611	225319
pr226.tsp	3.12	641611	641611	242214
pr226.tsp	3.14	641611	641611	254321
pr226.tsp	3.14	641611	641611	249925
pr226.tsp	3.14	641611	641611	216351
pr226.tsp	3.16	641611	641611	270880
pr264.tsp	3.54	641611	641611	153797
pr264.tsp	3.56	641611	641611	158731
pr264.tsp	3.57	641611	641611	131939
pr264.tsp	3.55	641611	641611	129495
pr264.tsp	3.64	641611	641611	136071
pr264.tsp	3.56	641611	641611	162750
pr264.tsp	3.56	641611	641611	163060
pr264.tsp	3.56	641611	641611	125940
pr264.tsp	3.56	641611	641611	156434
pr264.tsp	3.56	641611	641611	145078
pr299.tsp	4.00	641611	641611	106574
pr299.tsp	4.06	641611	641611	112523
pr299.tsp	3.99	641611	641611	114477
pr299.tsp	4.00	641611	641611	105210
pr299.tsp	4.00	641611	641611	121127
pr299.tsp	4.01	641611	641611	111149
pr299.tsp	3.99	641611	641611	115214
pr299.tsp	4.00	641611	641611	110659
pr299.tsp	4.00	641611	641611	115045
pr299.tsp	4.00	641611	641611	111554
pr439.tsp	5.82	641611	641611	313082
pr439.tsp	5.82	641611	641611	327823
pr439.tsp	5.79	641611	641611	313870
pr439.tsp	5.81	641611	641611	336069
pr439.tsp	5.82	641611	641611	316826
pr439.tsp	5.82	641611	641611	313972
pr439.tsp	5.79	641611	641611	291748
pr439.tsp	5.81	641611	641611	295187
pr439.tsp	5.82	641611	641611	304372
pr439.tsp	5.81	641611	641611	305953
pr76.tsp	1.36	641611	641611	131813
pr76.tsp	1.35	641611	641611	128308
pr76.tsp	1.40	641611	641611	141632
pr76.tsp	1.32	641611	641611	149571
pr76.tsp	1.34	641611	641611	137726
pr76.tsp	1.33	641611	641611	126984
pr76.tsp	1.32	641611	641611	126332
pr76.tsp	1.35	641611	641611	138329
pr76.tsp	1.33	641611	641611	129536
pr76.tsp	1.32	641611	641611	128883
rat575.tsp	8.00	641611	641611	18883
rat575.tsp	8.01	641611	641611	18169
rat575.tsp	7.99	641611	641611	16964
rat575.tsp	8.06	641611	641611	17609
rat575.tsp	8.09	641611	641611	16892
rat575.tsp	8.07	641611	641611	17109
rat575.tsp	8.03	641611	641611	18255
rat575.tsp	8.05	641611	641611	17558
rat575.tsp	8.07	641611	641611	16715
rat575.tsp	8.02	641611	641611	17763
rat783.tsp	11.17	641611	641611	28537
rat783.tsp	11.19	641611	641611	29556
rat783.tsp	11.14	641611	641611	30464
rat783.tsp	11.24	641611	641611	29489
rat783.tsp	11.19	641611	641611	29702
rat783.tsp	11.16	641611	641611	29723
rat783.tsp	11.19	641611	641611	29950
rat783.tsp	11.37	641611	641611	29218
rat783.tsp	11.16	641611	641611	28914
rat783.tsp	11.29	641611	641611	31035
rat99.tsp	1.63	641611	641611	1629
rat99.tsp	1.64	641611	641611	1669
rat99.tsp	1.62	641611	641611	1605
rat99.tsp	1.61	641611	641611	1608
rat99.tsp	1.61	641611	641611	1524
rat99.tsp	1.65	641611	641611	1658
rat99.tsp	1.61	641611	641611	1614
rat99.tsp	1.62	641611	641611	1633
rat99.tsp	1.62	641611	641611	1547
rat99.tsp	1.62	641611	641611	1556
