a280.tsp	3.08	515957	515957	5864
a280.tsp	3.06	515957	515957	5245
a280.tsp	3.05	515957	515957	4873
a280.tsp	3.08	515957	515957	5560
a280.tsp	4.53	515957	515957	4843
a280.tsp	3.06	515957	515957	5720
a280.tsp	3.06	515957	515957	5510
a280.tsp	3.06	515957	515957	6465
a280.tsp	3.04	515957	515957	5530
a280.tsp	3.06	515957	515957	5546
berlin52.tsp	0.86	515957	515957	8506
berlin52.tsp	0.86	515957	515957	9254
berlin52.tsp	0.86	515957	515957	8724
berlin52.tsp	0.85	515957	515957	8513
berlin52.tsp	0.85	515957	515957	9411
berlin52.tsp	0.85	515957	515957	8215
berlin52.tsp	0.85	515957	515957	8474
berlin52.tsp	0.85	515957	515957	8918
berlin52.tsp	0.85	515957	515957	8621
berlin52.tsp	0.86	515957	515957	8831
bier127.tsp	1.58	515957	515957	163417
bier127.tsp	1.57	515957	515957	158640
bier127.tsp	1.58	515957	515957	156990
bier127.tsp	1.61	515957	515957	166277
bier127.tsp	1.58	515957	515957	162116
bier127.tsp	1.58	515957	515957	161434
bier127.tsp	1.58	515957	515957	152206
bier127.tsp	1.64	515957	515957	156115
bier127.tsp	1.59	515957	515957	159527
bier127.tsp	1.64	515957	515957	164482
eil101.tsp	1.33	515957	515957	755
eil101.tsp	1.35	515957	515957	778
eil101.tsp	1.32	515957	515957	816
eil101.tsp	1.32	515957	515957	795
eil101.tsp	1.32	515957	515957	773
eil101.tsp	1.34	515957	515957	808
eil101.tsp	1.32	515957	515957	799
eil101.tsp	1.33	515957	515957	768
eil101.tsp	1.32	515957	515957	750
eil101.tsp	1.32	515957	515957	813
eil51.tsp	0.86	515957	515957	471
eil51.tsp	0.86	515957	515957	473
eil51.tsp	0.85	515957	515957	511
eil51.tsp	0.85	515957	515957	473
eil51.tsp	0.84	515957	515957	472
eil51.tsp	0.85	515957	515957	476
eil51.tsp	0.85	515957	515957	442
eil51.tsp	0.86	515957	515957	463
eil51.tsp	0.87	515957	515957	464
eil51.tsp	0.87	515957	515957	449
eil76.tsp	1.08	515957	515957	657
eil76.tsp	1.09	515957	515957	646
eil76.tsp	1.09	515957	515957	650
eil76.tsp	1.09	515957	515957	639
eil76.tsp	1.08	515957	515957	620
eil76.tsp	1.08	515957	515957	616
eil76.tsp	1.09	515957	515957	607
eil76.tsp	1.09	515957	515957	623
eil76.tsp	1.08	515957	515957	611
eil76.tsp	1.08	515957	515957	628
gil262.tsp	2.86	515957	515957	4392
gil262.tsp	2.86	515957	515957	5063
gil262.tsp	2.86	515957	515957	4416
gil262.tsp	2.87	515957	515957	4784
gil262.tsp	2.86	515957	515957	4504
gil262.tsp	2.85	515957	515957	4619
gil262.tsp	2.87	515957	515957	4788
gil262.tsp	2.88	515957	515957	4161
gil262.tsp	2.89	515957	515957	4485
gil262.tsp	2.92	515957	515957	4279
kroA100.tsp	1.28	515957	515957	31592
kroA100.tsp	1.32	515957	515957	29620
kroA100.tsp	1.32	515957	515957	27879
kroA100.tsp	1.29	515957	515957	31680
kroA100.tsp	1.29	515957	515957	27717
kroA100.tsp	1.32	515957	515957	31924
kroA100.tsp	1.30	515957	515957	30015
kroA100.tsp	1.29	515957	515957	32374
kroA100.tsp	1.31	515957	515957	34199
kroA100.tsp	1.33	515957	515957	28775
kroA150.tsp	1.84	515957	515957	43959
kroA150.tsp	1.84	515957	515957	43727
kroA150.tsp	1.82	515957	515957	42544
kroA150.tsp	1.85	515957	515957	39322
kroA150.tsp	1.80	515957	515957	45870
kroA150.tsp	1.80	515957	515957	45253
kroA150.tsp	1.80	515957	515957	45099
kroA150.tsp	1.80	515957	515957	44339
kroA150.tsp	1.83	515957	515957	43008
kroA150.tsp	1.80	515957	515957	42617
kroA200.tsp	2.31	515957	515957	56988
kroA200.tsp	2.28	515957	515957	54315
kroA200.tsp	2.27	515957	515957	51295
kroA200.tsp	2.28	515957	515957	51000
kroA200.tsp	2.28	515957	515957	54723
kroA200.tsp	2.28	515957	515957	55936
kroA200.tsp	2.28	515957	515957	57463
kroA200.tsp	2.28	515957	515957	59383
kroA200.tsp	2.27	515957	515957	58083
kroA200.tsp	2.28	515957	515957	57398
kroB100.tsp	1.44	515957	515957	30180
kroB100.tsp	1.31	515957	515957	33052
kroB100.tsp	1.28	515957	515957	30824
kroB100.tsp	1.32	515957	515957	28238
kroB100.tsp	1.28	515957	515957	29119
kroB100.tsp	1.28	515957	515957	30879
kroB100.tsp	1.29	515957	515957	33564
kroB100.tsp	1.32	515957	515957	30619
kroB100.tsp	1.28	515957	515957	31699
kroB100.tsp	1.30	515957	515957	30974
kroB150.tsp	1.80	515957	515957	42831
kroB150.tsp	1.84	515957	515957	45763
kroB150.tsp	2.14	515957	515957	41528
kroB150.tsp	1.79	515957	515957	47220
kroB150.tsp	1.80	515957	515957	47338
kroB150.tsp	1.79	515957	515957	46558
kroB150.tsp	1.80	515957	515957	43948
kroB150.tsp	1.82	515957	515957	43879
kroB150.tsp	1.86	515957	515957	43416
kroB150.tsp	1.84	515957	515957	40403
kroB200.tsp	2.27	515957	515957	59670
kroB200.tsp	2.60	515957	515957	57348
kroB200.tsp	2.30	515957	515957	53424
kroB200.tsp	2.30	515957	515957	54302
kroB200.tsp	2.28	515957	515957	53428
kroB200.tsp	2.33	515957	515957	57068
kroB200.tsp	2.32	515957	515957	53867
kroB200.tsp	2.32	515957	515957	48704
kroB200.tsp	2.30	515957	515957	60196
kroB200.tsp	2.70	515957	515957	51333
kroC100.tsp	1.28	515957	515957	28597
kroC100.tsp	1.28	515957	515957	28060
kroC100.tsp	1.30	515957	515957	32057
kroC100.tsp	1.32	515957	515957	33160
kroC100.tsp	1.31	515957	515957	31386
kroC100.tsp	1.28	515957	515957	28586
kroC100.tsp	1.30	515957	515957	31513
kroC100.tsp	1.30	515957	515957	33651
kroC100.tsp	1.31	515957	515957	29635
kroC100.tsp	1.33	515957	515957	27314
kroD100.tsp	1.30	515957	515957	33852
kroD100.tsp	1.31	515957	515957	30638
kroD100.tsp	1.31	515957	515957	30697
kroD100.tsp	1.31	515957	515957	30142
kroD100.tsp	1.32	515957	515957	28760
kroD100.tsp	1.32	515957	515957	29720
kroD100.tsp	1.28	515957	515957	29912
kroD100.tsp	1.32	515957	515957	27275
kroD100.tsp	1.29	515957	515957	27993
kroD100.tsp	1.31	515957	515957	33549
kroE100.tsp	1.29	515957	515957	30084
kroE100.tsp	1.28	515957	515957	30810
kroE100.tsp	1.30	515957	515957	31093
kroE100.tsp	1.31	515957	515957	27714
kroE100.tsp	1.32	515957	515957	30818
kroE100.tsp	1.29	515957	515957	30787
kroE100.tsp	1.30	515957	515957	28380
kroE100.tsp	1.32	515957	515957	32034
kroE100.tsp	1.28	515957	515957	33212
kroE100.tsp	1.32	515957	515957	30718
lin105.tsp	1.34	515957	515957	22515
lin105.tsp	1.36	515957	515957	21575
lin105.tsp	1.39	515957	515957	20945
lin105.tsp	1.33	515957	515957	21025
lin105.tsp	1.34	515957	515957	20174
lin105.tsp	1.35	515957	515957	18479
lin105.tsp	1.34	515957	515957	24397
lin105.tsp	1.34	515957	515957	24472
lin105.tsp	1.34	515957	515957	20562
lin105.tsp	1.34	515957	515957	23218
lin318.tsp	3.40	515957	515957	101387
lin318.tsp	3.41	515957	515957	97930
lin318.tsp	3.44	515957	515957	107508
lin318.tsp	3.40	515957	515957	110631
lin318.tsp	3.40	515957	515957	94801
lin318.tsp	3.40	515957	515957	89431
lin318.tsp	3.41	515957	515957	106267
lin318.tsp	3.41	515957	515957	111246
lin318.tsp	3.41	515957	515957	97293
lin318.tsp	3.42	515957	515957	101057
linhp318.tsp	3.46	515957	515957	95748
linhp318.tsp	3.40	515957	515957	98127
linhp318.tsp	3.40	515957	515957	95311
linhp318.tsp	3.47	515957	515957	87666
linhp318.tsp	3.46	515957	515957	105823
linhp318.tsp	3.52	515957	515957	100315
linhp318.tsp	3.45	515957	515957	103644
linhp318.tsp	3.40	515957	515957	98191
linhp318.tsp	3.41	515957	515957	94886
linhp318.tsp	3.40	515957	515957	95564
pr107.tsp	1.37	515957	515957	87811
pr107.tsp	1.36	515957	515957	90718
pr107.tsp	1.36	515957	515957	67691
pr107.tsp	1.36	515957	515957	97436
pr107.tsp	1.36	515957	515957	71074
pr107.tsp	1.36	515957	515957	84393
pr107.tsp	1.36	515957	515957	86193
pr107.tsp	1.36	515957	515957	95611
pr107.tsp	1.39	515957	515957	96273
pr107.tsp	1.36	515957	515957	79737
pr124.tsp	1.52	515957	515957	130534
pr124.tsp	1.52	515957	515957	118325
pr124.tsp	1.53	515957	515957	112361
pr124.tsp	1.53	515957	515957	107977
pr124.tsp	1.52	515957	515957	96516
pr124.tsp	1.52	515957	515957	113983
pr124.tsp	1.52	515957	515957	115896
pr124.tsp	1.52	515957	515957	109484
pr124.tsp	1.51	515957	515957	110143
pr124.tsp	1.52	515957	515957	109821
pr136.tsp	1.66	515957	515957	149382
pr136.tsp	1.68	515957	515957	134792
pr136.tsp	1.68	515957	515957	162362
pr136.tsp	1.66	515957	515957	150324
pr136.tsp	1.66	515957	515957	138717
pr136.tsp	1.67	515957	515957	149382
pr136.tsp	1.66	515957	515957	164713
pr136.tsp	1.66	515957	515957	138658
pr136.tsp	1.68	515957	515957	143551
pr136.tsp	1.72	515957	515957	164350
pr144.tsp	1.78	515957	515957	136366
pr144.tsp	1.80	515957	515957	118207
pr144.tsp	1.73	515957	515957	129729
pr144.tsp	1.74	515957	515957	136992
pr144.tsp	1.74	515957	515957	129441
pr144.tsp	1.76	515957	515957	139548
pr144.tsp	1.74	515957	515957	125325
pr144.tsp	1.74	515957	515957	133712
pr144.tsp	1.72	515957	515957	134832
pr144.tsp	1.74	515957	515957	121543
pr152.tsp	1.81	515957	515957	164601
pr152.tsp	1.81	515957	515957	159242
pr152.tsp	1.81	515957	515957	149706
pr152.tsp	1.82	515957	515957	180704
pr152.tsp	1.80	515957	515957	155657
pr152.tsp	1.84	515957	515957	165379
pr152.tsp	1.84	515957	515957	171404
pr152.tsp	1.82	515957	515957	166527
pr152.tsp	1.80	515957	515957	170765
pr152.tsp	1.82	515957	515957	177014
pr226.tsp	2.52	515957	515957	201468
pr226.tsp	2.54	515957	515957	269251
pr226.tsp	2.54	515957	515957	290974
pr226.tsp	2.53	515957	515957	236965
pr226.tsp	2.54	515957	515957	218222
pr226.tsp	2.54	515957	515957	226721
pr226.tsp	2.52	515957	515957	244349
pr226.tsp	2.54	515957	515957	271147
pr226.tsp	2.52	515957	515957	228856
pr226.tsp	2.52	515957	515957	252974
pr264.tsp	2.86	515957	515957	169835
pr264.tsp	2.86	515957	515957	146577
pr264.tsp	2.85	515957	515957	153975
pr264.tsp	2.89	515957	515957	139183
pr264.tsp	2.86	515957	515957	151426
pr264.tsp	2.87	515957	515957	166974
pr264.tsp	2.85	515957	515957	171810
pr264.tsp	2.86	515957	515957	133639
pr264.tsp	2.86	515957	515957	153446
pr264.tsp	2.86	515957	515957	170546
pr299.tsp	3.20	515957	515957	116459
pr299.tsp	3.22	515957	515957	114540
pr299.tsp	3.22	515957	515957	127080
pr299.tsp	3.21	515957	515957	107081
pr299.tsp	3.21	515957	515957	110669
pr299.tsp	3.21	515957	515957	111106
pr299.tsp	3.23	515957	515957	106258
pr299.tsp	3.21	515957	515957	110517
pr299.tsp	3.20	515957	515957	114514
pr299.tsp	3.22	515957	515957	110001
pr439.tsp	4.67	515957	515957	312496
pr439.tsp	4.68	515957	515957	293759
pr439.tsp	4.66	515957	515957	324328
pr439.tsp	4.68	515957	515957	337634
pr439.tsp	4.67	515957	515957	312976
pr439.tsp	4.71	515957	515957	317991
pr439.tsp	4.66	515957	515957	326468
pr439.tsp	4.69	515957	515957	308006
pr439.tsp	4.67	515957	515957	307308
pr439.tsp	4.68	515957	515957	329167
pr76.tsp	1.08	515957	515957	140100
pr76.tsp	1.09	515957	515957	131299
pr76.tsp	1.09	515957	515957	133756
pr76.tsp	1.08	515957	515957	129922
pr76.tsp	1.08	515957	515957	126687
pr76.tsp	1.07	515957	515957	135569
pr76.tsp	1.06	515957	515957	140069
pr76.tsp	1.06	515957	515957	138623
pr76.tsp	1.08	515957	515957	154485
pr76.tsp	1.07	515957	515957	132689
rat575.tsp	6.46	515957	515957	19445
rat575.tsp	6.47	515957	515957	17762
rat575.tsp	6.46	515957	515957	17693
rat575.tsp	6.48	515957	515957	18838
rat575.tsp	6.47	515957	515957	18464
rat575.tsp	6.46	515957	515957	19962
rat575.tsp	6.46	515957	515957	19984
rat575.tsp	6.47	515957	515957	17469
rat575.tsp	6.41	515957	515957	18722
rat575.tsp	6.47	515957	515957	19032
rat783.tsp	9.05	515957	515957	31111
rat783.tsp	9.07	515957	515957	29890
rat783.tsp	9.06	515957	515957	30897
rat783.tsp	9.06	515957	515957	32301
rat783.tsp	9.13	515957	515957	29823
rat783.tsp	8.95	515957	515957	30906
rat783.tsp	8.95	515957	515957	30949
rat783.tsp	8.97	515957	515957	30755
rat783.tsp	9.13	515957	515957	31548
rat783.tsp	9.09	515957	515957	31820
rat99.tsp	1.29	515957	515957	1554
rat99.tsp	1.54	515957	515957	1575
rat99.tsp	1.30	515957	515957	1481
rat99.tsp	1.31	515957	515957	1593
rat99.tsp	1.31	515957	515957	1447
rat99.tsp	1.30	515957	515957	1518
rat99.tsp	1.30	515957	515957	1531
rat99.tsp	1.32	515957	515957	1845
rat99.tsp	1.30	515957	515957	1459
rat99.tsp	1.32	515957	515957	1702
