a280.tsp	1.72	289117	289117	5833
a280.tsp	1.71	289117	289117	5915
a280.tsp	1.72	289117	289117	6504
a280.tsp	1.74	289117	289117	5999
a280.tsp	1.73	289117	289117	5644
a280.tsp	1.70	289117	289117	6402
a280.tsp	2.15	289117	289117	5617
a280.tsp	1.76	289117	289117	6282
a280.tsp	1.76	289117	289117	5895
a280.tsp	1.71	289117	289117	6313
berlin52.tsp	0.47	289117	289117	8869
berlin52.tsp	0.47	289117	289117	9342
berlin52.tsp	0.48	289117	289117	8544
berlin52.tsp	0.48	289117	289117	8509
berlin52.tsp	0.47	289117	289117	9680
berlin52.tsp	0.48	289117	289117	8319
berlin52.tsp	0.49	289117	289117	9331
berlin52.tsp	0.47	289117	289117	9017
berlin52.tsp	0.49	289117	289117	9307
berlin52.tsp	0.48	289117	289117	8606
bier127.tsp	0.88	289117	289117	171967
bier127.tsp	0.88	289117	289117	155748
bier127.tsp	0.92	289117	289117	161502
bier127.tsp	0.88	289117	289117	161959
bier127.tsp	0.88	289117	289117	165551
bier127.tsp	0.88	289117	289117	161659
bier127.tsp	0.88	289117	289117	166425
bier127.tsp	0.88	289117	289117	173343
bier127.tsp	0.88	289117	289117	173757
bier127.tsp	0.88	289117	289117	174355
eil101.tsp	0.74	289117	289117	776
eil101.tsp	0.75	289117	289117	768
eil101.tsp	0.74	289117	289117	865
eil101.tsp	0.74	289117	289117	796
eil101.tsp	0.74	289117	289117	760
eil101.tsp	0.74	289117	289117	768
eil101.tsp	0.74	289117	289117	789
eil101.tsp	0.74	289117	289117	724
eil101.tsp	0.75	289117	289117	762
eil101.tsp	0.74	289117	289117	775
eil51.tsp	0.50	289117	289117	487
eil51.tsp	0.49	289117	289117	503
eil51.tsp	0.47	289117	289117	458
eil51.tsp	0.48	289117	289117	478
eil51.tsp	0.48	289117	289117	472
eil51.tsp	0.48	289117	289117	490
eil51.tsp	0.48	289117	289117	459
eil51.tsp	0.48	289117	289117	508
eil51.tsp	0.48	289117	289117	477
eil51.tsp	0.48	289117	289117	474
eil76.tsp	0.60	289117	289117	622
eil76.tsp	0.61	289117	289117	665
eil76.tsp	0.60	289117	289117	648
eil76.tsp	0.62	289117	289117	669
eil76.tsp	0.62	289117	289117	648
eil76.tsp	0.62	289117	289117	667
eil76.tsp	0.62	289117	289117	653
eil76.tsp	0.60	289117	289117	640
eil76.tsp	0.63	289117	289117	620
eil76.tsp	0.60	289117	289117	677
gil262.tsp	1.64	289117	289117	4944
gil262.tsp	1.62	289117	289117	5083
gil262.tsp	1.63	289117	289117	4417
gil262.tsp	1.61	289117	289117	5378
gil262.tsp	1.63	289117	289117	4984
gil262.tsp	1.63	289117	289117	4749
gil262.tsp	1.64	289117	289117	5156
gil262.tsp	1.61	289117	289117	4485
gil262.tsp	1.61	289117	289117	5325
gil262.tsp	1.60	289117	289117	5033
kroA100.tsp	0.72	289117	289117	34615
kroA100.tsp	0.72	289117	289117	31894
kroA100.tsp	0.73	289117	289117	35224
kroA100.tsp	0.73	289117	289117	34304
kroA100.tsp	0.74	289117	289117	37597
kroA100.tsp	0.73	289117	289117	34347
kroA100.tsp	0.74	289117	289117	33944
kroA100.tsp	0.75	289117	289117	30311
kroA100.tsp	0.72	289117	289117	31214
kroA100.tsp	0.72	289117	289117	28508
kroA150.tsp	1.00	289117	289117	42426
kroA150.tsp	1.01	289117	289117	45014
kroA150.tsp	1.00	289117	289117	45753
kroA150.tsp	1.01	289117	289117	43805
kroA150.tsp	1.01	289117	289117	44436
kroA150.tsp	1.04	289117	289117	47636
kroA150.tsp	1.02	289117	289117	47468
kroA150.tsp	1.00	289117	289117	55497
kroA150.tsp	1.01	289117	289117	45521
kroA150.tsp	1.01	289117	289117	48865
kroA200.tsp	1.28	289117	289117	55098
kroA200.tsp	1.33	289117	289117	64816
kroA200.tsp	1.30	289117	289117	53298
kroA200.tsp	1.32	289117	289117	62673
kroA200.tsp	1.27	289117	289117	54667
kroA200.tsp	1.30	289117	289117	69021
kroA200.tsp	1.51	289117	289117	56695
kroA200.tsp	1.34	289117	289117	58233
kroA200.tsp	1.28	289117	289117	61769
kroA200.tsp	1.30	289117	289117	53652
kroB100.tsp	0.73	289117	289117	31736
kroB100.tsp	0.72	289117	289117	32539
kroB100.tsp	0.73	289117	289117	29825
kroB100.tsp	0.73	289117	289117	34519
kroB100.tsp	0.74	289117	289117	33933
kroB100.tsp	0.72	289117	289117	34310
kroB100.tsp	0.73	289117	289117	34792
kroB100.tsp	0.74	289117	289117	37380
kroB100.tsp	0.75	289117	289117	32878
kroB100.tsp	0.73	289117	289117	30005
kroB150.tsp	1.04	289117	289117	41102
kroB150.tsp	1.01	289117	289117	45483
kroB150.tsp	1.02	289117	289117	48870
kroB150.tsp	1.04	289117	289117	42613
kroB150.tsp	1.00	289117	289117	51030
kroB150.tsp	1.00	289117	289117	45787
kroB150.tsp	1.01	289117	289117	45149
kroB150.tsp	1.00	289117	289117	44522
kroB150.tsp	1.01	289117	289117	45476
kroB150.tsp	1.00	289117	289117	43096
kroB200.tsp	1.26	289117	289117	58924
kroB200.tsp	1.27	289117	289117	61451
kroB200.tsp	1.28	289117	289117	60623
kroB200.tsp	1.28	289117	289117	58514
kroB200.tsp	1.27	289117	289117	59891
kroB200.tsp	1.27	289117	289117	67828
kroB200.tsp	1.27	289117	289117	57326
kroB200.tsp	1.28	289117	289117	55873
kroB200.tsp	1.28	289117	289117	56759
kroB200.tsp	1.27	289117	289117	64535
kroC100.tsp	0.76	289117	289117	31617
kroC100.tsp	0.74	289117	289117	33743
kroC100.tsp	0.77	289117	289117	31915
kroC100.tsp	0.73	289117	289117	31619
kroC100.tsp	0.72	289117	289117	30703
kroC100.tsp	0.74	289117	289117	33299
kroC100.tsp	0.73	289117	289117	33479
kroC100.tsp	0.76	289117	289117	37498
kroC100.tsp	0.72	289117	289117	35388
kroC100.tsp	0.72	289117	289117	28091
kroD100.tsp	0.73	289117	289117	30895
kroD100.tsp	0.72	289117	289117	36779
kroD100.tsp	0.72	289117	289117	33526
kroD100.tsp	0.74	289117	289117	33596
kroD100.tsp	0.74	289117	289117	32969
kroD100.tsp	0.73	289117	289117	30410
kroD100.tsp	0.73	289117	289117	29456
kroD100.tsp	0.74	289117	289117	31657
kroD100.tsp	0.73	289117	289117	33539
kroD100.tsp	0.74	289117	289117	32598
kroE100.tsp	0.74	289117	289117	32897
kroE100.tsp	0.72	289117	289117	35961
kroE100.tsp	0.73	289117	289117	35145
kroE100.tsp	0.73	289117	289117	31775
kroE100.tsp	0.72	289117	289117	30225
kroE100.tsp	0.77	289117	289117	36060
kroE100.tsp	0.72	289117	289117	32527
kroE100.tsp	0.76	289117	289117	34030
kroE100.tsp	0.72	289117	289117	31593
kroE100.tsp	0.76	289117	289117	35008
lin105.tsp	0.78	289117	289117	22320
lin105.tsp	0.74	289117	289117	24931
lin105.tsp	0.78	289117	289117	22953
lin105.tsp	0.77	289117	289117	20874
lin105.tsp	0.76	289117	289117	24062
lin105.tsp	0.75	289117	289117	20403
lin105.tsp	0.76	289117	289117	23439
lin105.tsp	0.76	289117	289117	21963
lin105.tsp	0.75	289117	289117	23149
lin105.tsp	0.75	289117	289117	26148
lin318.tsp	1.93	289117	289117	110561
lin318.tsp	1.90	289117	289117	109420
lin318.tsp	1.93	289117	289117	118922
lin318.tsp	1.93	289117	289117	117270
lin318.tsp	1.91	289117	289117	109581
lin318.tsp	1.91	289117	289117	107982
lin318.tsp	1.94	289117	289117	99976
lin318.tsp	1.92	289117	289117	102119
lin318.tsp	1.91	289117	289117	102411
lin318.tsp	1.99	289117	289117	118242
linhp318.tsp	1.91	289117	289117	115893
linhp318.tsp	1.91	289117	289117	104733
linhp318.tsp	1.91	289117	289117	105689
linhp318.tsp	1.91	289117	289117	113691
linhp318.tsp	1.91	289117	289117	112133
linhp318.tsp	1.91	289117	289117	113403
linhp318.tsp	1.92	289117	289117	111442
linhp318.tsp	1.91	289117	289117	100038
linhp318.tsp	1.94	289117	289117	104724
linhp318.tsp	1.93	289117	289117	112552
pr107.tsp	0.76	289117	289117	82975
pr107.tsp	0.76	289117	289117	83409
pr107.tsp	0.78	289117	289117	81623
pr107.tsp	0.76	289117	289117	103965
pr107.tsp	0.76	289117	289117	82385
pr107.tsp	0.76	289117	289117	81448
pr107.tsp	0.76	289117	289117	73157
pr107.tsp	0.76	289117	289117	87530
pr107.tsp	0.76	289117	289117	89373
pr107.tsp	0.76	289117	289117	74217
pr124.tsp	0.85	289117	289117	108153
pr124.tsp	0.88	289117	289117	108457
pr124.tsp	0.85	289117	289117	97259
pr124.tsp	0.87	289117	289117	120460
pr124.tsp	0.86	289117	289117	111900
pr124.tsp	0.85	289117	289117	108414
pr124.tsp	0.86	289117	289117	113570
pr124.tsp	0.84	289117	289117	105446
pr124.tsp	0.86	289117	289117	112307
pr124.tsp	0.86	289117	289117	111335
pr136.tsp	0.96	289117	289117	168067
pr136.tsp	0.96	289117	289117	143267
pr136.tsp	0.96	289117	289117	152222
pr136.tsp	0.96	289117	289117	156684
pr136.tsp	0.93	289117	289117	143765
pr136.tsp	0.93	289117	289117	154757
pr136.tsp	0.97	289117	289117	191551
pr136.tsp	0.93	289117	289117	176250
pr136.tsp	0.98	289117	289117	154832
pr136.tsp	0.94	289117	289117	140745
pr144.tsp	0.97	289117	289117	149187
pr144.tsp	0.98	289117	289117	143204
pr144.tsp	0.97	289117	289117	134830
pr144.tsp	1.00	289117	289117	155763
pr144.tsp	1.10	289117	289117	149254
pr144.tsp	0.98	289117	289117	152768
pr144.tsp	0.98	289117	289117	137008
pr144.tsp	0.98	289117	289117	146232
pr144.tsp	0.97	289117	289117	121664
pr144.tsp	0.97	289117	289117	156743
pr152.tsp	1.02	289117	289117	180853
pr152.tsp	1.02	289117	289117	190716
pr152.tsp	1.01	289117	289117	180198
pr152.tsp	1.01	289117	289117	199455
pr152.tsp	1.02	289117	289117	178072
pr152.tsp	1.02	289117	289117	187061
pr152.tsp	1.01	289117	289117	196109
pr152.tsp	1.02	289117	289117	178348
pr152.tsp	1.01	289117	289117	163586
pr152.tsp	1.01	289117	289117	200164
pr226.tsp	1.42	289117	289117	255602
pr226.tsp	1.42	289117	289117	266164
pr226.tsp	1.42	289117	289117	279357
pr226.tsp	1.54	289117	289117	259893
pr226.tsp	1.42	289117	289117	306706
pr226.tsp	1.42	289117	289117	284505
pr226.tsp	1.42	289117	289117	298299
pr226.tsp	1.42	289117	289117	263328
pr226.tsp	1.43	289117	289117	254557
pr226.tsp	1.47	289117	289117	277417
pr264.tsp	1.73	289117	289117	167237
pr264.tsp	1.60	289117	289117	182118
pr264.tsp	1.61	289117	289117	176656
pr264.tsp	1.61	289117	289117	165420
pr264.tsp	1.60	289117	289117	137791
pr264.tsp	1.60	289117	289117	169709
pr264.tsp	1.60	289117	289117	179342
pr264.tsp	1.60	289117	289117	177239
pr264.tsp	1.60	289117	289117	182589
pr264.tsp	1.60	289117	289117	174052
pr299.tsp	2.10	289117	289117	127323
pr299.tsp	1.80	289117	289117	119267
pr299.tsp	1.80	289117	289117	118889
pr299.tsp	1.81	289117	289117	127798
pr299.tsp	2.00	289117	289117	117392
pr299.tsp	1.86	289117	289117	120757
pr299.tsp	1.79	289117	289117	129952
pr299.tsp	2.41	289117	289117	120180
pr299.tsp	1.80	289117	289117	122765
pr299.tsp	1.80	289117	289117	112287
pr439.tsp	2.63	289117	289117	377367
pr439.tsp	2.62	289117	289117	373771
pr439.tsp	2.65	289117	289117	339118
pr439.tsp	2.63	289117	289117	371087
pr439.tsp	2.62	289117	289117	365126
pr439.tsp	2.62	289117	289117	363197
pr439.tsp	2.62	289117	289117	349857
pr439.tsp	2.60	289117	289117	378246
pr439.tsp	3.07	289117	289117	386518
pr439.tsp	2.62	289117	289117	355010
pr76.tsp	0.61	289117	289117	134357
pr76.tsp	0.62	289117	289117	135547
pr76.tsp	0.60	289117	289117	147371
pr76.tsp	0.61	289117	289117	150087
pr76.tsp	0.59	289117	289117	126164
pr76.tsp	0.61	289117	289117	149695
pr76.tsp	0.59	289117	289117	147146
pr76.tsp	0.60	289117	289117	139141
pr76.tsp	0.59	289117	289117	137974
pr76.tsp	0.60	289117	289117	148798
rat575.tsp	3.60	289117	289117	20820
rat575.tsp	3.59	289117	289117	20767
rat575.tsp	3.61	289117	289117	20844
rat575.tsp	3.61	289117	289117	20278
rat575.tsp	3.61	289117	289117	23159
rat575.tsp	3.61	289117	289117	20582
rat575.tsp	3.63	289117	289117	20736
rat575.tsp	3.62	289117	289117	21866
rat575.tsp	3.61	289117	289117	22135
rat575.tsp	3.63	289117	289117	20977
rat783.tsp	5.05	289117	289117	37913
rat783.tsp	5.03	289117	289117	35310
rat783.tsp	5.05	289117	289117	35773
rat783.tsp	5.07	289117	289117	36445
rat783.tsp	5.04	289117	289117	36102
rat783.tsp	5.07	289117	289117	37483
rat783.tsp	5.03	289117	289117	35496
rat783.tsp	5.04	289117	289117	36176
rat783.tsp	5.03	289117	289117	36915
rat783.tsp	5.04	289117	289117	35069
rat99.tsp	0.75	289117	289117	1646
rat99.tsp	0.72	289117	289117	1751
rat99.tsp	0.73	289117	289117	1612
rat99.tsp	0.73	289117	289117	1705
rat99.tsp	0.74	289117	289117	1804
rat99.tsp	0.73	289117	289117	1488
rat99.tsp	0.73	289117	289117	1668
rat99.tsp	0.72	289117	289117	1518
rat99.tsp	0.72	289117	289117	1569
rat99.tsp	0.73	289117	289117	1629
