a280.tsp	4.67	790623	790623	5409
a280.tsp	4.66	790623	790623	5131
a280.tsp	4.65	790623	790623	5111
a280.tsp	4.66	790623	790623	4953
a280.tsp	4.66	790623	790623	5341
a280.tsp	4.69	790623	790623	4615
a280.tsp	4.66	790623	790623	4830
a280.tsp	4.65	790623	790623	5028
a280.tsp	4.64	790623	790623	5330
a280.tsp	4.65	790623	790623	4934
berlin52.tsp	1.30	790623	790623	8141
berlin52.tsp	1.30	790623	790623	8032
berlin52.tsp	1.31	790623	790623	8281
berlin52.tsp	1.30	790623	790623	9099
berlin52.tsp	1.28	790623	790623	8149
berlin52.tsp	1.32	790623	790623	8446
berlin52.tsp	1.30	790623	790623	8345
berlin52.tsp	1.29	790623	790623	8228
berlin52.tsp	1.32	790623	790623	8138
berlin52.tsp	1.31	790623	790623	8105
bier127.tsp	2.41	790623	790623	157351
bier127.tsp	2.40	790623	790623	140808
bier127.tsp	2.40	790623	790623	155195
bier127.tsp	2.40	790623	790623	155397
bier127.tsp	2.40	790623	790623	149886
bier127.tsp	2.39	790623	790623	153798
bier127.tsp	2.42	790623	790623	156811
bier127.tsp	2.39	790623	790623	159650
bier127.tsp	2.41	790623	790623	174561
bier127.tsp	2.41	790623	790623	153724
eil101.tsp	2.02	790623	790623	762
eil101.tsp	2.01	790623	790623	805
eil101.tsp	2.03	790623	790623	765
eil101.tsp	2.00	790623	790623	691
eil101.tsp	2.02	790623	790623	744
eil101.tsp	2.04	790623	790623	752
eil101.tsp	2.00	790623	790623	748
eil101.tsp	2.03	790623	790623	724
eil101.tsp	2.01	790623	790623	762
eil101.tsp	2.01	790623	790623	741
eil51.tsp	1.32	790623	790623	456
eil51.tsp	1.31	790623	790623	443
eil51.tsp	1.32	790623	790623	436
eil51.tsp	1.32	790623	790623	453
eil51.tsp	1.30	790623	790623	461
eil51.tsp	1.30	790623	790623	459
eil51.tsp	1.30	790623	790623	438
eil51.tsp	1.30	790623	790623	491
eil51.tsp	1.30	790623	790623	446
eil51.tsp	1.30	790623	790623	456
eil76.tsp	1.66	790623	790623	620
eil76.tsp	1.66	790623	790623	611
eil76.tsp	1.67	790623	790623	632
eil76.tsp	1.65	790623	790623	600
eil76.tsp	1.66	790623	790623	599
eil76.tsp	1.66	790623	790623	651
eil76.tsp	1.66	790623	790623	606
eil76.tsp	1.66	790623	790623	599
eil76.tsp	1.65	790623	790623	638
eil76.tsp	1.66	790623	790623	587
gil262.tsp	4.38	790623	790623	4121
gil262.tsp	4.39	790623	790623	4121
gil262.tsp	4.34	790623	790623	4211
gil262.tsp	4.37	790623	790623	4391
gil262.tsp	4.37	790623	790623	4572
gil262.tsp	4.38	790623	790623	4535
gil262.tsp	4.38	790623	790623	4664
gil262.tsp	4.38	790623	790623	4234
gil262.tsp	4.38	790623	790623	3964
gil262.tsp	4.39	790623	790623	3953
kroA100.tsp	2.00	790623	790623	28385
kroA100.tsp	1.97	790623	790623	30436
kroA100.tsp	1.98	790623	790623	27503
kroA100.tsp	1.96	790623	790623	27940
kroA100.tsp	2.00	790623	790623	28383
kroA100.tsp	1.96	790623	790623	30094
kroA100.tsp	1.96	790623	790623	31142
kroA100.tsp	1.96	790623	790623	32937
kroA100.tsp	1.97	790623	790623	28197
kroA100.tsp	1.97	790623	790623	26606
kroA150.tsp	2.73	790623	790623	40789
kroA150.tsp	2.76	790623	790623	42487
kroA150.tsp	2.76	790623	790623	41330
kroA150.tsp	2.72	790623	790623	41432
kroA150.tsp	2.74	790623	790623	38915
kroA150.tsp	2.77	790623	790623	36392
kroA150.tsp	2.73	790623	790623	39273
kroA150.tsp	2.74	790623	790623	40375
kroA150.tsp	2.75	790623	790623	40885
kroA150.tsp	2.72	790623	790623	42533
kroA200.tsp	3.48	790623	790623	52289
kroA200.tsp	3.50	790623	790623	53564
kroA200.tsp	3.51	790623	790623	48770
kroA200.tsp	3.47	790623	790623	49875
kroA200.tsp	3.47	790623	790623	49675
kroA200.tsp	3.47	790623	790623	51295
kroA200.tsp	3.47	790623	790623	49586
kroA200.tsp	3.46	790623	790623	52317
kroA200.tsp	4.00	790623	790623	55934
kroA200.tsp	3.46	790623	790623	56136
kroB100.tsp	2.01	790623	790623	31773
kroB100.tsp	2.02	790623	790623	31222
kroB100.tsp	1.96	790623	790623	31942
kroB100.tsp	2.02	790623	790623	30499
kroB100.tsp	2.00	790623	790623	30619
kroB100.tsp	2.01	790623	790623	27414
kroB100.tsp	2.02	790623	790623	28520
kroB100.tsp	1.99	790623	790623	29263
kroB100.tsp	1.97	790623	790623	27133
kroB100.tsp	2.01	790623	790623	30163
kroB150.tsp	2.76	790623	790623	36122
kroB150.tsp	2.73	790623	790623	40364
kroB150.tsp	2.74	790623	790623	40251
kroB150.tsp	2.74	790623	790623	34908
kroB150.tsp	2.73	790623	790623	40805
kroB150.tsp	2.76	790623	790623	41466
kroB150.tsp	2.74	790623	790623	42565
kroB150.tsp	2.74	790623	790623	40478
kroB150.tsp	2.74	790623	790623	41756
kroB150.tsp	2.74	790623	790623	41854
kroB200.tsp	3.50	790623	790623	53931
kroB200.tsp	3.50	790623	790623	49549
kroB200.tsp	3.49	790623	790623	53944
kroB200.tsp	3.46	790623	790623	51378
kroB200.tsp	3.45	790623	790623	52707
kroB200.tsp	3.44	790623	790623	46833
kroB200.tsp	3.50	790623	790623	49947
kroB200.tsp	3.46	790623	790623	52151
kroB200.tsp	3.47	790623	790623	50180
kroB200.tsp	3.47	790623	790623	51949
kroC100.tsp	2.01	790623	790623	28210
kroC100.tsp	1.97	790623	790623	31147
kroC100.tsp	2.00	790623	790623	28951
kroC100.tsp	2.00	790623	790623	27633
kroC100.tsp	1.98	790623	790623	30750
kroC100.tsp	2.01	790623	790623	25664
kroC100.tsp	2.02	790623	790623	28469
kroC100.tsp	1.96	790623	790623	26324
kroC100.tsp	1.98	790623	790623	27868
kroC100.tsp	1.97	790623	790623	31271
kroD100.tsp	1.96	790623	790623	28088
kroD100.tsp	1.98	790623	790623	32423
kroD100.tsp	1.99	790623	790623	28201
kroD100.tsp	1.97	790623	790623	31096
kroD100.tsp	1.96	790623	790623	30089
kroD100.tsp	1.96	790623	790623	28323
kroD100.tsp	1.96	790623	790623	29477
kroD100.tsp	1.96	790623	790623	27216
kroD100.tsp	2.01	790623	790623	29749
kroD100.tsp	1.98	790623	790623	27100
kroE100.tsp	2.02	790623	790623	27856
kroE100.tsp	1.97	790623	790623	31962
kroE100.tsp	1.97	790623	790623	31142
kroE100.tsp	1.96	790623	790623	29223
kroE100.tsp	2.03	790623	790623	26443
kroE100.tsp	1.96	790623	790623	26690
kroE100.tsp	2.01	790623	790623	28175
kroE100.tsp	2.01	790623	790623	30083
kroE100.tsp	2.00	790623	790623	28419
kroE100.tsp	2.00	790623	790623	33545
lin105.tsp	2.04	790623	790623	20148
lin105.tsp	2.05	790623	790623	22222
lin105.tsp	2.05	790623	790623	19653
lin105.tsp	2.06	790623	790623	21219
lin105.tsp	2.06	790623	790623	22317
lin105.tsp	2.04	790623	790623	19646
lin105.tsp	2.06	790623	790623	20871
lin105.tsp	2.05	790623	790623	18351
lin105.tsp	2.03	790623	790623	21711
lin105.tsp	2.06	790623	790623	19670
lin318.tsp	5.20	790623	790623	94502
lin318.tsp	5.20	790623	790623	96721
lin318.tsp	5.21	790623	790623	97000
lin318.tsp	5.20	790623	790623	93245
lin318.tsp	5.18	790623	790623	85523
lin318.tsp	5.19	790623	790623	103552
lin318.tsp	5.21	790623	790623	85230
lin318.tsp	5.20	790623	790623	91438
lin318.tsp	5.20	790623	790623	98316
lin318.tsp	5.20	790623	790623	97397
linhp318.tsp	5.17	790623	790623	99728
linhp318.tsp	5.20	790623	790623	90395
linhp318.tsp	5.21	790623	790623	87734
linhp318.tsp	5.21	790623	790623	97463
linhp318.tsp	5.20	790623	790623	92846
linhp318.tsp	5.20	790623	790623	89189
linhp318.tsp	5.20	790623	790623	97704
linhp318.tsp	5.19	790623	790623	94726
linhp318.tsp	5.20	790623	790623	97037
linhp318.tsp	5.19	790623	790623	85806
pr107.tsp	2.08	790623	790623	68368
pr107.tsp	2.08	790623	790623	73542
pr107.tsp	2.07	790623	790623	80433
pr107.tsp	2.08	790623	790623	64452
pr107.tsp	2.08	790623	790623	64528
pr107.tsp	2.08	790623	790623	82123
pr107.tsp	2.07	790623	790623	69279
pr107.tsp	2.10	790623	790623	72522
pr107.tsp	2.09	790623	790623	66140
pr107.tsp	2.09	790623	790623	55155
pr124.tsp	2.32	790623	790623	100161
pr124.tsp	2.33	790623	790623	110495
pr124.tsp	2.34	790623	790623	101832
pr124.tsp	2.31	790623	790623	107468
pr124.tsp	2.33	790623	790623	97704
pr124.tsp	2.33	790623	790623	100963
pr124.tsp	2.32	790623	790623	102422
pr124.tsp	2.31	790623	790623	91619
pr124.tsp	2.32	790623	790623	83704
pr124.tsp	2.33	790623	790623	102638
pr136.tsp	2.55	790623	790623	152584
pr136.tsp	2.56	790623	790623	142237
pr136.tsp	2.53	790623	790623	138907
pr136.tsp	2.55	790623	790623	141511
pr136.tsp	2.55	790623	790623	138075
pr136.tsp	2.53	790623	790623	136194
pr136.tsp	2.54	790623	790623	138571
pr136.tsp	2.54	790623	790623	139472
pr136.tsp	2.54	790623	790623	138265
pr136.tsp	2.55	790623	790623	132927
pr144.tsp	2.64	790623	790623	118930
pr144.tsp	2.66	790623	790623	122145
pr144.tsp	2.66	790623	790623	114134
pr144.tsp	2.63	790623	790623	119489
pr144.tsp	2.65	790623	790623	123685
pr144.tsp	2.65	790623	790623	113913
pr144.tsp	2.64	790623	790623	118245
pr144.tsp	2.64	790623	790623	123162
pr144.tsp	2.66	790623	790623	115429
pr144.tsp	2.63	790623	790623	122631
pr152.tsp	2.75	790623	790623	150038
pr152.tsp	2.78	790623	790623	140637
pr152.tsp	2.77	790623	790623	160635
pr152.tsp	2.76	790623	790623	171074
pr152.tsp	2.77	790623	790623	158527
pr152.tsp	2.76	790623	790623	137567
pr152.tsp	2.75	790623	790623	160798
pr152.tsp	2.77	790623	790623	119137
pr152.tsp	2.75	790623	790623	144912
pr152.tsp	2.76	790623	790623	170721
pr226.tsp	3.84	790623	790623	250466
pr226.tsp	3.86	790623	790623	252255
pr226.tsp	3.88	790623	790623	227471
pr226.tsp	3.84	790623	790623	233005
pr226.tsp	3.88	790623	790623	222389
pr226.tsp	3.86	790623	790623	186852
pr226.tsp	3.86	790623	790623	237644
pr226.tsp	3.85	790623	790623	230775
pr226.tsp	3.87	790623	790623	247133
pr226.tsp	4.94	790623	790623	237800
pr264.tsp	4.38	790623	790623	146308
pr264.tsp	4.37	790623	790623	136035
pr264.tsp	4.37	790623	790623	154995
pr264.tsp	4.37	790623	790623	130834
pr264.tsp	4.36	790623	790623	144111
pr264.tsp	4.36	790623	790623	147139
pr264.tsp	4.41	790623	790623	132436
pr264.tsp	4.36	790623	790623	170542
pr264.tsp	4.37	790623	790623	140908
pr264.tsp	4.36	790623	790623	145780
pr299.tsp	4.91	790623	790623	102159
pr299.tsp	4.89	790623	790623	99908
pr299.tsp	4.89	790623	790623	108110
pr299.tsp	4.90	790623	790623	110349
pr299.tsp	4.91	790623	790623	107502
pr299.tsp	4.89	790623	790623	109372
pr299.tsp	4.90	790623	790623	108747
pr299.tsp	4.89	790623	790623	104475
pr299.tsp	4.90	790623	790623	105639
pr299.tsp	4.91	790623	790623	94342
pr439.tsp	7.14	790623	790623	286288
pr439.tsp	7.14	790623	790623	264082
pr439.tsp	7.11	790623	790623	300957
pr439.tsp	7.14	790623	790623	318215
pr439.tsp	7.15	790623	790623	300365
pr439.tsp	7.11	790623	790623	294849
pr439.tsp	7.14	790623	790623	310348
pr439.tsp	7.14	790623	790623	305263
pr439.tsp	7.13	790623	790623	304569
pr439.tsp	7.13	790623	790623	274859
pr76.tsp	1.65	790623	790623	132965
pr76.tsp	1.62	790623	790623	131197
pr76.tsp	1.64	790623	790623	129234
pr76.tsp	1.63	790623	790623	133280
pr76.tsp	1.62	790623	790623	132925
pr76.tsp	1.66	790623	790623	134779
pr76.tsp	1.66	790623	790623	129977
pr76.tsp	1.66	790623	790623	133876
pr76.tsp	1.66	790623	790623	140545
pr76.tsp	1.65	790623	790623	132093
rat575.tsp	9.87	790623	790623	17056
rat575.tsp	9.84	790623	790623	17677
rat575.tsp	9.85	790623	790623	17163
rat575.tsp	9.88	790623	790623	16901
rat575.tsp	9.85	790623	790623	18468
rat575.tsp	9.82	790623	790623	14766
rat575.tsp	9.83	790623	790623	16725
rat575.tsp	9.83	790623	790623	17588
rat575.tsp	9.83	790623	790623	16324
rat575.tsp	9.85	790623	790623	17794
rat783.tsp	13.88	790623	790623	26526
rat783.tsp	13.77	790623	790623	27673
rat783.tsp	13.83	790623	790623	27256
rat783.tsp	13.92	790623	790623	29678
rat783.tsp	13.72	790623	790623	27766
rat783.tsp	13.94	790623	790623	27842
rat783.tsp	13.72	790623	790623	26923
rat783.tsp	13.71	790623	790623	27131
rat783.tsp	13.85	790623	790623	27468
rat783.tsp	13.75	790623	790623	26279
rat99.tsp	1.99	790623	790623	1533
rat99.tsp	2.00	790623	790623	1628
rat99.tsp	1.98	790623	790623	1535
rat99.tsp	2.00	790623	790623	1586
rat99.tsp	1.98	790623	790623	1563
rat99.tsp	2.00	790623	790623	1482
rat99.tsp	1.99	790623	790623	1522
rat99.tsp	1.98	790623	790623	1629
rat99.tsp	1.98	790623	790623	1456
rat99.tsp	2.00	790623	790623	1490
