a280.tsp	1.40	237180	237180	6546
a280.tsp	1.41	237180	237180	5759
a280.tsp	1.40	237180	237180	6065
a280.tsp	1.40	237180	237180	6016
a280.tsp	1.40	237180	237180	6260
a280.tsp	1.40	237180	237180	6502
a280.tsp	1.40	237180	237180	5719
a280.tsp	1.40	237180	237180	6320
a280.tsp	1.40	237180	237180	5550
a280.tsp	1.40	237180	237180	5659
berlin52.tsp	0.39	237180	237180	8677
berlin52.tsp	0.39	237180	237180	9338
berlin52.tsp	0.39	237180	237180	9511
berlin52.tsp	0.39	237180	237180	8502
berlin52.tsp	0.38	237180	237180	8788
berlin52.tsp	0.39	237180	237180	8782
berlin52.tsp	0.39	237180	237180	8732
berlin52.tsp	0.38	237180	237180	8912
berlin52.tsp	0.39	237180	237180	8562
berlin52.tsp	0.39	237180	237180	9365
bier127.tsp	0.72	237180	237180	160460
bier127.tsp	0.73	237180	237180	172388
bier127.tsp	0.73	237180	237180	163552
bier127.tsp	0.72	237180	237180	163117
bier127.tsp	0.72	237180	237180	163919
bier127.tsp	0.72	237180	237180	154881
bier127.tsp	0.72	237180	237180	160347
bier127.tsp	0.72	237180	237180	169691
bier127.tsp	0.72	237180	237180	177154
bier127.tsp	0.72	237180	237180	173182
eil101.tsp	0.60	237180	237180	811
eil101.tsp	0.61	237180	237180	834
eil101.tsp	0.61	237180	237180	822
eil101.tsp	0.60	237180	237180	835
eil101.tsp	0.61	237180	237180	796
eil101.tsp	0.60	237180	237180	839
eil101.tsp	0.60	237180	237180	820
eil101.tsp	0.61	237180	237180	794
eil101.tsp	0.60	237180	237180	939
eil101.tsp	0.60	237180	237180	833
eil51.tsp	0.39	237180	237180	500
eil51.tsp	0.39	237180	237180	483
eil51.tsp	0.39	237180	237180	477
eil51.tsp	0.38	237180	237180	452
eil51.tsp	0.39	237180	237180	469
eil51.tsp	0.38	237180	237180	480
eil51.tsp	0.39	237180	237180	455
eil51.tsp	0.39	237180	237180	489
eil51.tsp	0.39	237180	237180	451
eil51.tsp	0.40	237180	237180	471
eil76.tsp	0.49	237180	237180	685
eil76.tsp	0.50	237180	237180	709
eil76.tsp	0.50	237180	237180	670
eil76.tsp	0.50	237180	237180	661
eil76.tsp	0.50	237180	237180	681
eil76.tsp	0.50	237180	237180	667
eil76.tsp	0.49	237180	237180	625
eil76.tsp	0.49	237180	237180	655
eil76.tsp	0.50	237180	237180	610
eil76.tsp	0.50	237180	237180	682
gil262.tsp	1.31	237180	237180	5352
gil262.tsp	1.31	237180	237180	5057
gil262.tsp	1.32	237180	237180	4742
gil262.tsp	1.31	237180	237180	4702
gil262.tsp	1.31	237180	237180	5357
gil262.tsp	1.31	237180	237180	4850
gil262.tsp	1.31	237180	237180	5316
gil262.tsp	1.31	237180	237180	5369
gil262.tsp	1.32	237180	237180	5033
gil262.tsp	1.70	237180	237180	5019
kroA100.tsp	0.60	237180	237180	33214
kroA100.tsp	0.59	237180	237180	35136
kroA100.tsp	0.59	237180	237180	29921
kroA100.tsp	0.59	237180	237180	32531
kroA100.tsp	0.60	237180	237180	28503
kroA100.tsp	0.60	237180	237180	31934
kroA100.tsp	0.59	237180	237180	33984
kroA100.tsp	0.60	237180	237180	32660
kroA100.tsp	0.59	237180	237180	34601
kroA100.tsp	0.60	237180	237180	35587
kroA150.tsp	0.81	237180	237180	51276
kroA150.tsp	1.01	237180	237180	47879
kroA150.tsp	0.83	237180	237180	49329
kroA150.tsp	0.82	237180	237180	45832
kroA150.tsp	0.82	237180	237180	45526
kroA150.tsp	0.83	237180	237180	52153
kroA150.tsp	0.82	237180	237180	45609
kroA150.tsp	0.82	237180	237180	42586
kroA150.tsp	0.83	237180	237180	48349
kroA150.tsp	0.82	237180	237180	45872
kroA200.tsp	1.04	237180	237180	58920
kroA200.tsp	1.04	237180	237180	53798
kroA200.tsp	1.04	237180	237180	59092
kroA200.tsp	1.04	237180	237180	57979
kroA200.tsp	1.06	237180	237180	59605
kroA200.tsp	1.04	237180	237180	61705
kroA200.tsp	1.04	237180	237180	56995
kroA200.tsp	1.04	237180	237180	57845
kroA200.tsp	1.05	237180	237180	63541
kroA200.tsp	1.04	237180	237180	56080
kroB100.tsp	0.59	237180	237180	33580
kroB100.tsp	0.60	237180	237180	32016
kroB100.tsp	0.60	237180	237180	29962
kroB100.tsp	0.61	237180	237180	33221
kroB100.tsp	0.59	237180	237180	33093
kroB100.tsp	0.59	237180	237180	32724
kroB100.tsp	0.60	237180	237180	33805
kroB100.tsp	0.59	237180	237180	34152
kroB100.tsp	0.59	237180	237180	31018
kroB100.tsp	0.59	237180	237180	29567
kroB150.tsp	0.82	237180	237180	48035
kroB150.tsp	0.82	237180	237180	46873
kroB150.tsp	0.82	237180	237180	52624
kroB150.tsp	0.82	237180	237180	49232
kroB150.tsp	0.82	237180	237180	43268
kroB150.tsp	0.82	237180	237180	50233
kroB150.tsp	0.82	237180	237180	47511
kroB150.tsp	0.82	237180	237180	47517
kroB150.tsp	0.82	237180	237180	47297
kroB150.tsp	0.82	237180	237180	48507
kroB200.tsp	1.05	237180	237180	55792
kroB200.tsp	1.05	237180	237180	58032
kroB200.tsp	1.05	237180	237180	52531
kroB200.tsp	1.04	237180	237180	60107
kroB200.tsp	1.04	237180	237180	58876
kroB200.tsp	1.04	237180	237180	62771
kroB200.tsp	1.05	237180	237180	57018
kroB200.tsp	1.04	237180	237180	62565
kroB200.tsp	1.04	237180	237180	53982
kroB200.tsp	1.04	237180	237180	61653
kroC100.tsp	0.60	237180	237180	32414
kroC100.tsp	0.59	237180	237180	37906
kroC100.tsp	0.60	237180	237180	32485
kroC100.tsp	0.58	237180	237180	35178
kroC100.tsp	0.78	237180	237180	33088
kroC100.tsp	0.58	237180	237180	33361
kroC100.tsp	0.59	237180	237180	27793
kroC100.tsp	0.59	237180	237180	32554
kroC100.tsp	0.60	237180	237180	33615
kroC100.tsp	0.60	237180	237180	35639
kroD100.tsp	0.60	237180	237180	30796
kroD100.tsp	0.59	237180	237180	29755
kroD100.tsp	0.60	237180	237180	33875
kroD100.tsp	0.59	237180	237180	36212
kroD100.tsp	0.60	237180	237180	30941
kroD100.tsp	0.60	237180	237180	35295
kroD100.tsp	0.59	237180	237180	32081
kroD100.tsp	0.60	237180	237180	30271
kroD100.tsp	0.59	237180	237180	31061
kroD100.tsp	0.58	237180	237180	35418
kroE100.tsp	0.59	237180	237180	30997
kroE100.tsp	0.59	237180	237180	33381
kroE100.tsp	0.59	237180	237180	32922
kroE100.tsp	0.60	237180	237180	34386
kroE100.tsp	0.58	237180	237180	32296
kroE100.tsp	0.60	237180	237180	33734
kroE100.tsp	0.60	237180	237180	35366
kroE100.tsp	0.60	237180	237180	37543
kroE100.tsp	0.60	237180	237180	32143
kroE100.tsp	0.59	237180	237180	34445
lin105.tsp	0.62	237180	237180	24355
lin105.tsp	0.61	237180	237180	24025
lin105.tsp	0.61	237180	237180	22309
lin105.tsp	0.62	237180	237180	23752
lin105.tsp	0.61	237180	237180	21176
lin105.tsp	0.62	237180	237180	22457
lin105.tsp	0.61	237180	237180	22825
lin105.tsp	0.62	237180	237180	21308
lin105.tsp	0.62	237180	237180	22862
lin105.tsp	0.61	237180	237180	26036
lin318.tsp	1.56	237180	237180	113511
lin318.tsp	1.56	237180	237180	116245
lin318.tsp	1.56	237180	237180	109901
lin318.tsp	1.56	237180	237180	103652
lin318.tsp	1.56	237180	237180	101686
lin318.tsp	1.56	237180	237180	108883
lin318.tsp	1.56	237180	237180	107872
lin318.tsp	1.56	237180	237180	114753
lin318.tsp	1.56	237180	237180	97751
lin318.tsp	1.56	237180	237180	110620
linhp318.tsp	1.56	237180	237180	106657
linhp318.tsp	1.56	237180	237180	113676
linhp318.tsp	1.56	237180	237180	111853
linhp318.tsp	1.56	237180	237180	104105
linhp318.tsp	1.56	237180	237180	109094
linhp318.tsp	1.57	237180	237180	113822
linhp318.tsp	1.56	237180	237180	104444
linhp318.tsp	1.56	237180	237180	104916
linhp318.tsp	1.56	237180	237180	109890
linhp318.tsp	1.57	237180	237180	105211
pr107.tsp	0.62	237180	237180	70409
pr107.tsp	0.62	237180	237180	112233
pr107.tsp	0.62	237180	237180	85762
pr107.tsp	0.62	237180	237180	82762
pr107.tsp	0.62	237180	237180	86584
pr107.tsp	0.62	237180	237180	72562
pr107.tsp	0.62	237180	237180	118849
pr107.tsp	0.62	237180	237180	114158
pr107.tsp	0.62	237180	237180	91049
pr107.tsp	0.62	237180	237180	83622
pr124.tsp	0.70	237180	237180	115534
pr124.tsp	0.69	237180	237180	131275
pr124.tsp	0.70	237180	237180	111123
pr124.tsp	0.70	237180	237180	129786
pr124.tsp	0.70	237180	237180	117651
pr124.tsp	0.70	237180	237180	126424
pr124.tsp	0.70	237180	237180	117722
pr124.tsp	0.70	237180	237180	109889
pr124.tsp	0.70	237180	237180	115843
pr124.tsp	0.70	237180	237180	108193
pr136.tsp	0.76	237180	237180	165076
pr136.tsp	0.76	237180	237180	171205
pr136.tsp	0.76	237180	237180	178030
pr136.tsp	0.76	237180	237180	154641
pr136.tsp	0.76	237180	237180	161269
pr136.tsp	0.76	237180	237180	167637
pr136.tsp	0.76	237180	237180	168992
pr136.tsp	0.76	237180	237180	182344
pr136.tsp	0.76	237180	237180	179249
pr136.tsp	0.76	237180	237180	172230
pr144.tsp	0.79	237180	237180	141978
pr144.tsp	0.79	237180	237180	135760
pr144.tsp	0.80	237180	237180	132864
pr144.tsp	0.80	237180	237180	164369
pr144.tsp	0.80	237180	237180	157712
pr144.tsp	0.80	237180	237180	145270
pr144.tsp	0.79	237180	237180	140007
pr144.tsp	0.80	237180	237180	145587
pr144.tsp	0.80	237180	237180	153971
pr144.tsp	0.81	237180	237180	142338
pr152.tsp	0.82	237180	237180	183761
pr152.tsp	0.83	237180	237180	174900
pr152.tsp	0.83	237180	237180	184800
pr152.tsp	0.83	237180	237180	182664
pr152.tsp	0.83	237180	237180	179676
pr152.tsp	0.83	237180	237180	176053
pr152.tsp	0.83	237180	237180	187167
pr152.tsp	0.83	237180	237180	182802
pr152.tsp	1.24	237180	237180	224296
pr152.tsp	0.82	237180	237180	191961
pr226.tsp	1.16	237180	237180	286450
pr226.tsp	1.16	237180	237180	222318
pr226.tsp	1.16	237180	237180	273899
pr226.tsp	1.15	237180	237180	266791
pr226.tsp	1.15	237180	237180	261620
pr226.tsp	1.16	237180	237180	268828
pr226.tsp	1.16	237180	237180	279182
pr226.tsp	1.16	237180	237180	284801
pr226.tsp	1.17	237180	237180	300506
pr226.tsp	1.15	237180	237180	256859
pr264.tsp	1.31	237180	237180	158288
pr264.tsp	1.31	237180	237180	192039
pr264.tsp	1.31	237180	237180	199931
pr264.tsp	1.31	237180	237180	193580
pr264.tsp	1.32	237180	237180	163742
pr264.tsp	1.30	237180	237180	198550
pr264.tsp	1.32	237180	237180	186759
pr264.tsp	1.31	237180	237180	182755
pr264.tsp	1.31	237180	237180	157044
pr264.tsp	1.31	237180	237180	191416
pr299.tsp	1.48	237180	237180	134832
pr299.tsp	1.47	237180	237180	118390
pr299.tsp	1.46	237180	237180	118964
pr299.tsp	1.48	237180	237180	123971
pr299.tsp	1.47	237180	237180	118018
pr299.tsp	1.48	237180	237180	125140
pr299.tsp	1.47	237180	237180	123367
pr299.tsp	1.47	237180	237180	110600
pr299.tsp	1.48	237180	237180	125249
pr299.tsp	1.47	237180	237180	116473
pr439.tsp	2.14	237180	237180	389339
pr439.tsp	2.13	237180	237180	354808
pr439.tsp	2.14	237180	237180	369886
pr439.tsp	2.15	237180	237180	339912
pr439.tsp	2.13	237180	237180	361817
pr439.tsp	2.14	237180	237180	352563
pr439.tsp	2.14	237180	237180	389023
pr439.tsp	2.14	237180	237180	365511
pr439.tsp	2.15	237180	237180	390804
pr439.tsp	2.13	237180	237180	361728
pr76.tsp	0.49	237180	237180	149617
pr76.tsp	0.49	237180	237180	148231
pr76.tsp	0.49	237180	237180	135438
pr76.tsp	0.50	237180	237180	140583
pr76.tsp	0.50	237180	237180	153426
pr76.tsp	0.48	237180	237180	143227
pr76.tsp	0.48	237180	237180	145539
pr76.tsp	0.48	237180	237180	143480
pr76.tsp	0.49	237180	237180	140973
pr76.tsp	0.49	237180	237180	141675
rat575.tsp	2.95	237180	237180	22120
rat575.tsp	2.94	237180	237180	21084
rat575.tsp	2.94	237180	237180	22767
rat575.tsp	2.97	237180	237180	21774
rat575.tsp	2.97	237180	237180	22109
rat575.tsp	2.94	237180	237180	20408
rat575.tsp	2.95	237180	237180	21737
rat575.tsp	2.96	237180	237180	22116
rat575.tsp	2.95	237180	237180	21146
rat575.tsp	3.91	237180	237180	21169
rat783.tsp	4.18	237180	237180	35836
rat783.tsp	4.11	237180	237180	36875
rat783.tsp	4.11	237180	237180	35683
rat783.tsp	4.13	237180	237180	35887
rat783.tsp	4.13	237180	237180	37539
rat783.tsp	4.12	237180	237180	35333
rat783.tsp	4.12	237180	237180	36594
rat783.tsp	4.12	237180	237180	36282
rat783.tsp	4.18	237180	237180	36317
rat783.tsp	4.16	237180	237180	35322
rat99.tsp	0.60	237180	237180	1546
rat99.tsp	0.60	237180	237180	1785
rat99.tsp	0.60	237180	237180	1684
rat99.tsp	0.59	237180	237180	1542
rat99.tsp	0.59	237180	237180	1762
rat99.tsp	0.60	237180	237180	1788
rat99.tsp	0.59	237180	237180	1715
rat99.tsp	0.60	237180	237180	1618
rat99.tsp	0.60	237180	237180	1633
rat99.tsp	0.59	237180	237180	1585
