a280.tsp	14.02	2371889	2371889	4659
a280.tsp	13.94	2371889	2371889	4194
a280.tsp	13.96	2371889	2371889	4354
a280.tsp	13.93	2371889	2371889	4554
a280.tsp	14.00	2371889	2371889	4526
a280.tsp	13.95	2371889	2371889	4549
a280.tsp	13.95	2371889	2371889	4506
a280.tsp	13.92	2371889	2371889	4392
a280.tsp	13.96	2371889	2371889	4552
a280.tsp	13.94	2371889	2371889	4478
berlin52.tsp	3.91	2371889	2371889	8214
berlin52.tsp	3.95	2371889	2371889	8069
berlin52.tsp	3.93	2371889	2371889	7955
berlin52.tsp	3.92	2371889	2371889	8243
berlin52.tsp	4.00	2371889	2371889	7940
berlin52.tsp	3.99	2371889	2371889	8324
berlin52.tsp	3.90	2371889	2371889	8190
berlin52.tsp	3.94	2371889	2371889	8300
berlin52.tsp	3.90	2371889	2371889	8198
berlin52.tsp	3.97	2371889	2371889	7797
bier127.tsp	7.23	2371889	2371889	139999
bier127.tsp	7.22	2371889	2371889	143421
bier127.tsp	7.31	2371889	2371889	139221
bier127.tsp	7.27	2371889	2371889	146936
bier127.tsp	7.24	2371889	2371889	144382
bier127.tsp	7.21	2371889	2371889	147622
bier127.tsp	7.23	2371889	2371889	137414
bier127.tsp	7.22	2371889	2371889	138828
bier127.tsp	7.28	2371889	2371889	151479
bier127.tsp	7.26	2371889	2371889	147254
eil101.tsp	6.06	2371889	2371889	707
eil101.tsp	6.02	2371889	2371889	701
eil101.tsp	6.12	2371889	2371889	704
eil101.tsp	6.10	2371889	2371889	698
eil101.tsp	7.28	2371889	2371889	696
eil101.tsp	7.32	2371889	2371889	714
eil101.tsp	6.13	2371889	2371889	698
eil101.tsp	6.06	2371889	2371889	686
eil101.tsp	6.04	2371889	2371889	699
eil101.tsp	6.04	2371889	2371889	674
eil51.tsp	3.94	2371889	2371889	449
eil51.tsp	3.96	2371889	2371889	445
eil51.tsp	4.01	2371889	2371889	451
eil51.tsp	3.93	2371889	2371889	456
eil51.tsp	3.94	2371889	2371889	437
eil51.tsp	3.87	2371889	2371889	434
eil51.tsp	3.94	2371889	2371889	444
eil51.tsp	3.97	2371889	2371889	439
eil51.tsp	4.02	2371889	2371889	477
eil51.tsp	3.91	2371889	2371889	444
eil76.tsp	4.97	2371889	2371889	614
eil76.tsp	4.98	2371889	2371889	584
eil76.tsp	4.98	2371889	2371889	562
eil76.tsp	4.99	2371889	2371889	588
eil76.tsp	4.98	2371889	2371889	586
eil76.tsp	4.99	2371889	2371889	585
eil76.tsp	4.97	2371889	2371889	600
eil76.tsp	5.01	2371889	2371889	556
eil76.tsp	5.00	2371889	2371889	550
eil76.tsp	4.98	2371889	2371889	608
gil262.tsp	13.13	2371889	2371889	3652
gil262.tsp	13.14	2371889	2371889	3788
gil262.tsp	13.09	2371889	2371889	3685
gil262.tsp	13.16	2371889	2371889	3712
gil262.tsp	13.15	2371889	2371889	3802
gil262.tsp	13.13	2371889	2371889	3885
gil262.tsp	13.14	2371889	2371889	3524
gil262.tsp	13.13	2371889	2371889	3676
gil262.tsp	13.10	2371889	2371889	3763
gil262.tsp	13.12	2371889	2371889	3376
kroA100.tsp	6.08	2371889	2371889	26337
kroA100.tsp	6.03	2371889	2371889	28757
kroA100.tsp	6.10	2371889	2371889	28364
kroA100.tsp	6.01	2371889	2371889	26520
kroA100.tsp	5.91	2371889	2371889	25048
kroA100.tsp	6.04	2371889	2371889	28091
kroA100.tsp	5.92	2371889	2371889	24739
kroA100.tsp	6.08	2371889	2371889	29708
kroA100.tsp	6.06	2371889	2371889	26412
kroA100.tsp	5.89	2371889	2371889	28053
kroA150.tsp	8.25	2371889	2371889	35672
kroA150.tsp	8.22	2371889	2371889	35621
kroA150.tsp	8.26	2371889	2371889	35365
kroA150.tsp	8.27	2371889	2371889	37877
kroA150.tsp	8.20	2371889	2371889	37176
kroA150.tsp	8.18	2371889	2371889	36230
kroA150.tsp	8.23	2371889	2371889	37528
kroA150.tsp	8.25	2371889	2371889	36430
kroA150.tsp	8.23	2371889	2371889	36532
kroA150.tsp	8.21	2371889	2371889	39648
kroA200.tsp	10.36	2371889	2371889	49023
kroA200.tsp	10.40	2371889	2371889	41693
kroA200.tsp	10.39	2371889	2371889	48172
kroA200.tsp	10.40	2371889	2371889	43069
kroA200.tsp	10.52	2371889	2371889	44844
kroA200.tsp	10.36	2371889	2371889	47200
kroA200.tsp	10.34	2371889	2371889	45230
kroA200.tsp	10.44	2371889	2371889	46962
kroA200.tsp	10.50	2371889	2371889	44071
kroA200.tsp	10.51	2371889	2371889	45583
kroB100.tsp	6.02	2371889	2371889	28410
kroB100.tsp	6.06	2371889	2371889	28092
kroB100.tsp	6.06	2371889	2371889	26953
kroB100.tsp	6.06	2371889	2371889	27128
kroB100.tsp	5.99	2371889	2371889	25223
kroB100.tsp	6.02	2371889	2371889	26877
kroB100.tsp	6.00	2371889	2371889	26115
kroB100.tsp	6.04	2371889	2371889	25013
kroB100.tsp	5.98	2371889	2371889	28990
kroB100.tsp	5.89	2371889	2371889	31427
kroB150.tsp	8.16	2371889	2371889	34088
kroB150.tsp	8.20	2371889	2371889	38068
kroB150.tsp	8.27	2371889	2371889	38888
kroB150.tsp	8.46	2371889	2371889	35456
kroB150.tsp	8.28	2371889	2371889	37831
kroB150.tsp	8.17	2371889	2371889	38496
kroB150.tsp	8.17	2371889	2371889	36130
kroB150.tsp	8.22	2371889	2371889	35977
kroB150.tsp	8.26	2371889	2371889	37922
kroB150.tsp	8.26	2371889	2371889	39159
kroB200.tsp	10.40	2371889	2371889	44859
kroB200.tsp	10.41	2371889	2371889	46105
kroB200.tsp	10.37	2371889	2371889	47263
kroB200.tsp	10.44	2371889	2371889	45908
kroB200.tsp	10.40	2371889	2371889	43891
kroB200.tsp	10.42	2371889	2371889	45627
kroB200.tsp	10.38	2371889	2371889	45623
kroB200.tsp	10.40	2371889	2371889	47178
kroB200.tsp	10.51	2371889	2371889	45679
kroB200.tsp	11.94	2371889	2371889	49455
kroC100.tsp	6.04	2371889	2371889	26493
kroC100.tsp	6.06	2371889	2371889	29255
kroC100.tsp	5.91	2371889	2371889	25819
kroC100.tsp	6.06	2371889	2371889	25660
kroC100.tsp	6.03	2371889	2371889	25224
kroC100.tsp	5.89	2371889	2371889	24051
kroC100.tsp	5.97	2371889	2371889	27514
kroC100.tsp	5.87	2371889	2371889	25707
kroC100.tsp	5.90	2371889	2371889	25167
kroC100.tsp	5.88	2371889	2371889	28448
kroD100.tsp	5.90	2371889	2371889	24831
kroD100.tsp	5.93	2371889	2371889	25939
kroD100.tsp	6.04	2371889	2371889	27972
kroD100.tsp	5.88	2371889	2371889	27182
kroD100.tsp	6.03	2371889	2371889	27463
kroD100.tsp	5.97	2371889	2371889	26877
kroD100.tsp	5.88	2371889	2371889	27282
kroD100.tsp	5.87	2371889	2371889	26428
kroD100.tsp	6.06	2371889	2371889	26084
kroD100.tsp	6.03	2371889	2371889	25086
kroE100.tsp	6.01	2371889	2371889	28266
kroE100.tsp	5.88	2371889	2371889	27992
kroE100.tsp	6.07	2371889	2371889	25839
kroE100.tsp	6.05	2371889	2371889	28467
kroE100.tsp	6.11	2371889	2371889	26820
kroE100.tsp	5.92	2371889	2371889	27275
kroE100.tsp	5.86	2371889	2371889	27000
kroE100.tsp	5.93	2371889	2371889	27040
kroE100.tsp	6.04	2371889	2371889	26948
kroE100.tsp	6.34	2371889	2371889	24255
lin105.tsp	6.14	2371889	2371889	17404
lin105.tsp	6.12	2371889	2371889	19730
lin105.tsp	6.16	2371889	2371889	18538
lin105.tsp	6.07	2371889	2371889	19811
lin105.tsp	6.06	2371889	2371889	18391
lin105.tsp	6.12	2371889	2371889	17406
lin105.tsp	6.15	2371889	2371889	19603
lin105.tsp	6.13	2371889	2371889	19504
lin105.tsp	6.18	2371889	2371889	20163
lin105.tsp	6.25	2371889	2371889	18997
lin318.tsp	15.62	2371889	2371889	82014
lin318.tsp	15.66	2371889	2371889	77849
lin318.tsp	15.60	2371889	2371889	84909
lin318.tsp	15.63	2371889	2371889	77468
lin318.tsp	15.57	2371889	2371889	81606
lin318.tsp	15.64	2371889	2371889	88601
lin318.tsp	15.64	2371889	2371889	85925
lin318.tsp	15.60	2371889	2371889	72760
lin318.tsp	15.63	2371889	2371889	84734
lin318.tsp	15.61	2371889	2371889	85389
linhp318.tsp	15.63	2371889	2371889	84497
linhp318.tsp	15.61	2371889	2371889	80685
linhp318.tsp	15.55	2371889	2371889	82231
linhp318.tsp	15.60	2371889	2371889	75785
linhp318.tsp	15.65	2371889	2371889	77415
linhp318.tsp	15.60	2371889	2371889	77718
linhp318.tsp	15.56	2371889	2371889	86341
linhp318.tsp	15.53	2371889	2371889	84621
linhp318.tsp	15.56	2371889	2371889	79425
linhp318.tsp	15.62	2371889	2371889	79343
pr107.tsp	6.27	2371889	2371889	65942
pr107.tsp	6.22	2371889	2371889	65198
pr107.tsp	6.26	2371889	2371889	76514
pr107.tsp	6.25	2371889	2371889	63421
pr107.tsp	6.25	2371889	2371889	63495
pr107.tsp	6.27	2371889	2371889	53507
pr107.tsp	6.25	2371889	2371889	69787
pr107.tsp	6.26	2371889	2371889	64090
pr107.tsp	6.22	2371889	2371889	64661
pr107.tsp	6.26	2371889	2371889	65100
pr124.tsp	7.03	2371889	2371889	94352
pr124.tsp	7.02	2371889	2371889	79937
pr124.tsp	7.09	2371889	2371889	81575
pr124.tsp	6.99	2371889	2371889	87686
pr124.tsp	6.94	2371889	2371889	89162
pr124.tsp	6.99	2371889	2371889	86113
pr124.tsp	7.00	2371889	2371889	90674
pr124.tsp	7.10	2371889	2371889	88762
pr124.tsp	7.00	2371889	2371889	85155
pr124.tsp	7.00	2371889	2371889	80940
pr136.tsp	7.64	2371889	2371889	122809
pr136.tsp	7.61	2371889	2371889	125176
pr136.tsp	7.64	2371889	2371889	125636
pr136.tsp	7.62	2371889	2371889	138691
pr136.tsp	7.58	2371889	2371889	135136
pr136.tsp	7.60	2371889	2371889	129181
pr136.tsp	7.61	2371889	2371889	140885
pr136.tsp	7.64	2371889	2371889	134858
pr136.tsp	7.60	2371889	2371889	128928
pr136.tsp	7.58	2371889	2371889	124355
pr144.tsp	7.94	2371889	2371889	107377
pr144.tsp	7.90	2371889	2371889	99082
pr144.tsp	8.02	2371889	2371889	94992
pr144.tsp	7.95	2371889	2371889	93728
pr144.tsp	7.93	2371889	2371889	111398
pr144.tsp	8.00	2371889	2371889	90315
pr144.tsp	7.98	2371889	2371889	96866
pr144.tsp	8.01	2371889	2371889	97533
pr144.tsp	7.98	2371889	2371889	118191
pr144.tsp	7.91	2371889	2371889	115236
pr152.tsp	8.36	2371889	2371889	128108
pr152.tsp	8.29	2371889	2371889	128161
pr152.tsp	8.27	2371889	2371889	148887
pr152.tsp	8.27	2371889	2371889	133368
pr152.tsp	8.26	2371889	2371889	133643
pr152.tsp	8.32	2371889	2371889	118061
pr152.tsp	8.28	2371889	2371889	128173
pr152.tsp	8.28	2371889	2371889	120841
pr152.tsp	8.37	2371889	2371889	138486
pr152.tsp	8.34	2371889	2371889	119590
pr226.tsp	11.60	2371889	2371889	192022
pr226.tsp	11.51	2371889	2371889	191616
pr226.tsp	11.52	2371889	2371889	150736
pr226.tsp	11.52	2371889	2371889	169293
pr226.tsp	11.57	2371889	2371889	167288
pr226.tsp	11.58	2371889	2371889	185165
pr226.tsp	11.52	2371889	2371889	181678
pr226.tsp	11.58	2371889	2371889	175111
pr226.tsp	11.62	2371889	2371889	196467
pr226.tsp	11.60	2371889	2371889	181408
pr264.tsp	13.07	2371889	2371889	125107
pr264.tsp	13.09	2371889	2371889	140558
pr264.tsp	13.11	2371889	2371889	129421
pr264.tsp	13.10	2371889	2371889	102621
pr264.tsp	13.07	2371889	2371889	128993
pr264.tsp	13.06	2371889	2371889	122264
pr264.tsp	13.10	2371889	2371889	114540
pr264.tsp	13.14	2371889	2371889	103117
pr264.tsp	13.11	2371889	2371889	136100
pr264.tsp	13.11	2371889	2371889	128387
pr299.tsp	14.68	2371889	2371889	90968
pr299.tsp	14.74	2371889	2371889	87034
pr299.tsp	14.72	2371889	2371889	94529
pr299.tsp	14.69	2371889	2371889	84013
pr299.tsp	14.71	2371889	2371889	83130
pr299.tsp	14.73	2371889	2371889	85118
pr299.tsp	14.71	2371889	2371889	86893
pr299.tsp	14.70	2371889	2371889	102365
pr299.tsp	14.72	2371889	2371889	85390
pr299.tsp	14.69	2371889	2371889	94490
pr439.tsp	21.38	2371889	2371889	260594
pr439.tsp	21.34	2371889	2371889	249174
pr439.tsp	21.34	2371889	2371889	251931
pr439.tsp	21.35	2371889	2371889	253181
pr439.tsp	21.44	2371889	2371889	248397
pr439.tsp	21.41	2371889	2371889	243582
pr439.tsp	21.38	2371889	2371889	254652
pr439.tsp	21.36	2371889	2371889	269792
pr439.tsp	21.27	2371889	2371889	240145
pr439.tsp	21.33	2371889	2371889	251805
pr76.tsp	4.94	2371889	2371889	129995
pr76.tsp	4.96	2371889	2371889	119632
pr76.tsp	4.93	2371889	2371889	130728
pr76.tsp	4.90	2371889	2371889	128142
pr76.tsp	4.86	2371889	2371889	127705
pr76.tsp	4.88	2371889	2371889	125500
pr76.tsp	4.90	2371889	2371889	123675
pr76.tsp	4.98	2371889	2371889	124065
pr76.tsp	4.96	2371889	2371889	125833
pr76.tsp	4.97	2371889	2371889	122542
rat575.tsp	29.46	2371889	2371889	14297
rat575.tsp	29.50	2371889	2371889	13979
rat575.tsp	29.44	2371889	2371889	12758
rat575.tsp	29.55	2371889	2371889	14461
rat575.tsp	29.51	2371889	2371889	14684
rat575.tsp	29.47	2371889	2371889	13490
rat575.tsp	29.48	2371889	2371889	14077
rat575.tsp	29.43	2371889	2371889	12989
rat575.tsp	29.52	2371889	2371889	14708
rat575.tsp	29.51	2371889	2371889	14513
rat783.tsp	41.23	2371889	2371889	21918
rat783.tsp	41.16	2371889	2371889	21638
rat783.tsp	41.28	2371889	2371889	23396
rat783.tsp	41.56	2371889	2371889	22352
rat783.tsp	41.21	2371889	2371889	20608
rat783.tsp	41.45	2371889	2371889	22017
rat783.tsp	41.06	2371889	2371889	21503
rat783.tsp	41.31	2371889	2371889	21840
rat783.tsp	41.62	2371889	2371889	22530
rat783.tsp	41.20	2371889	2371889	22799
rat99.tsp	6.75	2371889	2371889	1469
rat99.tsp	6.00	2371889	2371889	1414
rat99.tsp	5.92	2371889	2371889	1356
rat99.tsp	6.01	2371889	2371889	1479
rat99.tsp	6.04	2371889	2371889	1485
rat99.tsp	6.06	2371889	2371889	1414
rat99.tsp	6.00	2371889	2371889	1452
rat99.tsp	5.95	2371889	2371889	1428
rat99.tsp	6.04	2371889	2371889	1470
rat99.tsp	6.02	2371889	2371889	1445
