a280.tsp	1.94	325258	325258	6057
a280.tsp	1.95	325258	325258	6040
a280.tsp	1.92	325258	325258	5460
a280.tsp	1.94	325258	325258	5963
a280.tsp	1.97	325258	325258	5771
a280.tsp	1.92	325258	325258	6433
a280.tsp	1.94	325258	325258	5483
a280.tsp	1.93	325258	325258	5999
a280.tsp	1.98	325258	325258	6433
a280.tsp	1.92	325258	325258	6022
berlin52.tsp	0.54	325258	325258	8818
berlin52.tsp	0.53	325258	325258	8774
berlin52.tsp	0.53	325258	325258	9657
berlin52.tsp	0.55	325258	325258	8484
berlin52.tsp	0.54	325258	325258	9108
berlin52.tsp	0.54	325258	325258	8768
berlin52.tsp	0.53	325258	325258	8582
berlin52.tsp	0.56	325258	325258	8754
berlin52.tsp	0.55	325258	325258	9136
berlin52.tsp	0.54	325258	325258	8082
bier127.tsp	1.04	325258	325258	158955
bier127.tsp	1.00	325258	325258	156404
bier127.tsp	0.99	325258	325258	173535
bier127.tsp	1.00	325258	325258	168133
bier127.tsp	1.00	325258	325258	169366
bier127.tsp	0.99	325258	325258	168557
bier127.tsp	0.99	325258	325258	156433
bier127.tsp	1.00	325258	325258	165743
bier127.tsp	0.99	325258	325258	165178
bier127.tsp	1.00	325258	325258	160266
eil101.tsp	0.84	325258	325258	810
eil101.tsp	0.87	325258	325258	847
eil101.tsp	0.83	325258	325258	755
eil101.tsp	0.84	325258	325258	815
eil101.tsp	0.84	325258	325258	793
eil101.tsp	0.84	325258	325258	797
eil101.tsp	0.83	325258	325258	770
eil101.tsp	0.83	325258	325258	832
eil101.tsp	0.84	325258	325258	758
eil101.tsp	0.84	325258	325258	750
eil51.tsp	0.53	325258	325258	489
eil51.tsp	0.54	325258	325258	438
eil51.tsp	0.56	325258	325258	469
eil51.tsp	0.53	325258	325258	490
eil51.tsp	0.54	325258	325258	443
eil51.tsp	0.55	325258	325258	487
eil51.tsp	0.54	325258	325258	432
eil51.tsp	0.54	325258	325258	467
eil51.tsp	0.54	325258	325258	476
eil51.tsp	0.53	325258	325258	502
eil76.tsp	0.68	325258	325258	689
eil76.tsp	0.68	325258	325258	651
eil76.tsp	0.68	325258	325258	639
eil76.tsp	0.68	325258	325258	635
eil76.tsp	0.71	325258	325258	635
eil76.tsp	0.70	325258	325258	638
eil76.tsp	0.68	325258	325258	590
eil76.tsp	0.69	325258	325258	673
eil76.tsp	0.70	325258	325258	659
eil76.tsp	0.68	325258	325258	612
gil262.tsp	1.87	325258	325258	5179
gil262.tsp	1.88	325258	325258	5080
gil262.tsp	1.88	325258	325258	5220
gil262.tsp	1.81	325258	325258	4712
gil262.tsp	1.82	325258	325258	5013
gil262.tsp	1.82	325258	325258	4489
gil262.tsp	2.19	325258	325258	4446
gil262.tsp	1.81	325258	325258	4689
gil262.tsp	1.87	325258	325258	5200
gil262.tsp	1.80	325258	325258	5117
kroA100.tsp	0.83	325258	325258	29994
kroA100.tsp	0.83	325258	325258	33474
kroA100.tsp	0.82	325258	325258	34622
kroA100.tsp	0.81	325258	325258	32464
kroA100.tsp	0.83	325258	325258	35931
kroA100.tsp	0.82	325258	325258	35366
kroA100.tsp	0.86	325258	325258	32214
kroA100.tsp	0.83	325258	325258	30834
kroA100.tsp	0.83	325258	325258	33191
kroA100.tsp	0.81	325258	325258	30793
kroA150.tsp	1.14	325258	325258	48312
kroA150.tsp	1.13	325258	325258	46961
kroA150.tsp	1.12	325258	325258	48649
kroA150.tsp	1.18	325258	325258	44215
kroA150.tsp	1.17	325258	325258	43613
kroA150.tsp	1.18	325258	325258	40244
kroA150.tsp	1.18	325258	325258	43029
kroA150.tsp	1.14	325258	325258	48543
kroA150.tsp	1.14	325258	325258	40135
kroA150.tsp	1.13	325258	325258	45362
kroA200.tsp	1.44	325258	325258	58598
kroA200.tsp	1.44	325258	325258	55941
kroA200.tsp	1.50	325258	325258	52800
kroA200.tsp	1.44	325258	325258	60702
kroA200.tsp	1.43	325258	325258	53779
kroA200.tsp	1.48	325258	325258	55184
kroA200.tsp	1.49	325258	325258	59885
kroA200.tsp	1.44	325258	325258	54493
kroA200.tsp	1.45	325258	325258	59908
kroA200.tsp	1.43	325258	325258	58823
kroB100.tsp	0.83	325258	325258	29902
kroB100.tsp	0.84	325258	325258	33219
kroB100.tsp	0.84	325258	325258	33833
kroB100.tsp	0.81	325258	325258	35641
kroB100.tsp	0.81	325258	325258	32042
kroB100.tsp	0.82	325258	325258	32009
kroB100.tsp	0.82	325258	325258	32260
kroB100.tsp	0.82	325258	325258	32620
kroB100.tsp	0.83	325258	325258	30201
kroB100.tsp	0.86	325258	325258	32747
kroB150.tsp	1.18	325258	325258	40047
kroB150.tsp	1.17	325258	325258	45335
kroB150.tsp	1.17	325258	325258	48334
kroB150.tsp	1.14	325258	325258	51921
kroB150.tsp	1.14	325258	325258	47334
kroB150.tsp	1.13	325258	325258	42961
kroB150.tsp	1.14	325258	325258	40626
kroB150.tsp	1.13	325258	325258	45850
kroB150.tsp	1.12	325258	325258	45213
kroB150.tsp	1.14	325258	325258	48857
kroB200.tsp	1.44	325258	325258	58693
kroB200.tsp	1.44	325258	325258	56485
kroB200.tsp	1.72	325258	325258	65872
kroB200.tsp	1.44	325258	325258	50676
kroB200.tsp	1.44	325258	325258	53873
kroB200.tsp	1.44	325258	325258	59477
kroB200.tsp	1.43	325258	325258	54720
kroB200.tsp	1.44	325258	325258	47763
kroB200.tsp	1.44	325258	325258	52324
kroB200.tsp	1.43	325258	325258	54427
kroC100.tsp	0.82	325258	325258	33586
kroC100.tsp	0.81	325258	325258	31505
kroC100.tsp	0.81	325258	325258	30970
kroC100.tsp	0.83	325258	325258	29279
kroC100.tsp	0.83	325258	325258	34366
kroC100.tsp	0.82	325258	325258	30376
kroC100.tsp	0.82	325258	325258	31309
kroC100.tsp	0.82	325258	325258	31235
kroC100.tsp	0.82	325258	325258	32781
kroC100.tsp	0.86	325258	325258	34799
kroD100.tsp	0.82	325258	325258	34114
kroD100.tsp	0.81	325258	325258	31805
kroD100.tsp	0.82	325258	325258	33587
kroD100.tsp	0.82	325258	325258	30162
kroD100.tsp	0.83	325258	325258	29111
kroD100.tsp	0.82	325258	325258	30769
kroD100.tsp	0.82	325258	325258	32908
kroD100.tsp	0.82	325258	325258	31269
kroD100.tsp	0.82	325258	325258	30208
kroD100.tsp	0.83	325258	325258	31335
kroE100.tsp	0.86	325258	325258	31474
kroE100.tsp	0.82	325258	325258	30701
kroE100.tsp	0.84	325258	325258	35383
kroE100.tsp	0.83	325258	325258	30657
kroE100.tsp	0.81	325258	325258	31510
kroE100.tsp	0.83	325258	325258	33990
kroE100.tsp	0.84	325258	325258	30527
kroE100.tsp	0.82	325258	325258	30406
kroE100.tsp	0.83	325258	325258	30870
kroE100.tsp	0.84	325258	325258	33991
lin105.tsp	0.85	325258	325258	19428
lin105.tsp	0.86	325258	325258	22436
lin105.tsp	0.86	325258	325258	21570
lin105.tsp	0.84	325258	325258	21413
lin105.tsp	0.89	325258	325258	23224
lin105.tsp	0.84	325258	325258	22753
lin105.tsp	0.85	325258	325258	24512
lin105.tsp	0.85	325258	325258	19809
lin105.tsp	0.84	325258	325258	22141
lin105.tsp	0.84	325258	325258	25056
lin318.tsp	2.16	325258	325258	111151
lin318.tsp	2.15	325258	325258	112413
lin318.tsp	2.19	325258	325258	108858
lin318.tsp	2.14	325258	325258	101157
lin318.tsp	2.15	325258	325258	100772
lin318.tsp	2.16	325258	325258	103353
lin318.tsp	2.15	325258	325258	109031
lin318.tsp	2.18	325258	325258	113572
lin318.tsp	2.15	325258	325258	105897
lin318.tsp	2.17	325258	325258	103706
linhp318.tsp	2.14	325258	325258	93376
linhp318.tsp	2.18	325258	325258	106694
linhp318.tsp	2.14	325258	325258	99094
linhp318.tsp	2.15	325258	325258	106961
linhp318.tsp	2.14	325258	325258	106156
linhp318.tsp	2.15	325258	325258	110385
linhp318.tsp	2.15	325258	325258	107801
linhp318.tsp	2.15	325258	325258	107549
linhp318.tsp	2.20	325258	325258	108008
linhp318.tsp	2.16	325258	325258	120995
pr107.tsp	0.87	325258	325258	81177
pr107.tsp	0.86	325258	325258	76610
pr107.tsp	0.86	325258	325258	90140
pr107.tsp	0.86	325258	325258	74913
pr107.tsp	0.86	325258	325258	80373
pr107.tsp	0.86	325258	325258	88029
pr107.tsp	0.86	325258	325258	99039
pr107.tsp	0.90	325258	325258	83997
pr107.tsp	0.86	325258	325258	87496
pr107.tsp	0.86	325258	325258	87119
pr124.tsp	0.98	325258	325258	126351
pr124.tsp	0.98	325258	325258	105434
pr124.tsp	0.95	325258	325258	113801
pr124.tsp	0.95	325258	325258	103375
pr124.tsp	0.96	325258	325258	108172
pr124.tsp	0.96	325258	325258	104657
pr124.tsp	0.96	325258	325258	117323
pr124.tsp	0.96	325258	325258	92590
pr124.tsp	0.96	325258	325258	109664
pr124.tsp	0.96	325258	325258	93330
pr136.tsp	1.07	325258	325258	146335
pr136.tsp	1.05	325258	325258	162918
pr136.tsp	1.08	325258	325258	163384
pr136.tsp	1.05	325258	325258	184704
pr136.tsp	1.09	325258	325258	163509
pr136.tsp	1.05	325258	325258	166809
pr136.tsp	1.08	325258	325258	148427
pr136.tsp	1.05	325258	325258	168767
pr136.tsp	1.05	325258	325258	157557
pr136.tsp	1.04	325258	325258	159102
pr144.tsp	1.09	325258	325258	141334
pr144.tsp	1.09	325258	325258	131945
pr144.tsp	1.10	325258	325258	119463
pr144.tsp	1.10	325258	325258	147610
pr144.tsp	1.15	325258	325258	146359
pr144.tsp	1.00	325258	325258	142437
pr144.tsp	1.10	325258	325258	133047
pr144.tsp	1.09	325258	325258	134047
pr144.tsp	1.09	325258	325258	148952
pr144.tsp	1.09	325258	325258	126529
pr152.tsp	1.15	325258	325258	187100
pr152.tsp	1.14	325258	325258	191533
pr152.tsp	1.14	325258	325258	188915
pr152.tsp	1.14	325258	325258	190955
pr152.tsp	1.14	325258	325258	164230
pr152.tsp	1.15	325258	325258	179122
pr152.tsp	1.14	325258	325258	177936
pr152.tsp	1.14	325258	325258	176301
pr152.tsp	1.15	325258	325258	178532
pr152.tsp	1.14	325258	325258	184523
pr226.tsp	1.59	325258	325258	258473
pr226.tsp	1.59	325258	325258	259990
pr226.tsp	1.59	325258	325258	275603
pr226.tsp	1.58	325258	325258	257763
pr226.tsp	1.60	325258	325258	279876
pr226.tsp	1.60	325258	325258	261546
pr226.tsp	1.59	325258	325258	261866
pr226.tsp	1.60	325258	325258	272663
pr226.tsp	1.59	325258	325258	302933
pr226.tsp	1.59	325258	325258	292867
pr264.tsp	1.80	325258	325258	154794
pr264.tsp	1.80	325258	325258	177677
pr264.tsp	1.90	325258	325258	195469
pr264.tsp	1.82	325258	325258	186426
pr264.tsp	1.80	325258	325258	151782
pr264.tsp	1.81	325258	325258	156436
pr264.tsp	1.82	325258	325258	169365
pr264.tsp	1.80	325258	325258	151215
pr264.tsp	1.80	325258	325258	179271
pr264.tsp	1.81	325258	325258	153380
pr299.tsp	2.03	325258	325258	120435
pr299.tsp	2.04	325258	325258	121978
pr299.tsp	2.03	325258	325258	119064
pr299.tsp	2.02	325258	325258	118823
pr299.tsp	2.03	325258	325258	118959
pr299.tsp	2.03	325258	325258	120917
pr299.tsp	2.03	325258	325258	137007
pr299.tsp	2.03	325258	325258	105519
pr299.tsp	2.02	325258	325258	119689
pr299.tsp	2.02	325258	325258	124032
pr439.tsp	2.94	325258	325258	348905
pr439.tsp	2.96	325258	325258	331034
pr439.tsp	2.95	325258	325258	348451
pr439.tsp	2.96	325258	325258	355691
pr439.tsp	2.95	325258	325258	351477
pr439.tsp	2.96	325258	325258	343276
pr439.tsp	3.78	325258	325258	332435
pr439.tsp	2.96	325258	325258	331010
pr439.tsp	2.96	325258	325258	346539
pr439.tsp	2.94	325258	325258	329839
pr76.tsp	0.68	325258	325258	134825
pr76.tsp	0.70	325258	325258	145465
pr76.tsp	0.68	325258	325258	131885
pr76.tsp	0.70	325258	325258	151448
pr76.tsp	0.68	325258	325258	136993
pr76.tsp	0.67	325258	325258	132341
pr76.tsp	0.67	325258	325258	138162
pr76.tsp	0.67	325258	325258	137496
pr76.tsp	0.68	325258	325258	149428
pr76.tsp	0.67	325258	325258	133932
rat575.tsp	4.07	325258	325258	20812
rat575.tsp	4.05	325258	325258	20096
rat575.tsp	4.06	325258	325258	20850
rat575.tsp	4.06	325258	325258	21074
rat575.tsp	4.04	325258	325258	21068
rat575.tsp	4.06	325258	325258	21872
rat575.tsp	4.06	325258	325258	22770
rat575.tsp	4.07	325258	325258	20061
rat575.tsp	4.05	325258	325258	19830
rat575.tsp	4.10	325258	325258	20154
rat783.tsp	5.69	325258	325258	33471
rat783.tsp	5.66	325258	325258	35810
rat783.tsp	5.66	325258	325258	33908
rat783.tsp	5.69	325258	325258	35302
rat783.tsp	5.73	325258	325258	34387
rat783.tsp	5.71	325258	325258	35768
rat783.tsp	5.67	325258	325258	34980
rat783.tsp	5.67	325258	325258	34544
rat783.tsp	5.64	325258	325258	36282
rat783.tsp	5.68	325258	325258	34753
rat99.tsp	0.82	325258	325258	1767
rat99.tsp	0.82	325258	325258	1686
rat99.tsp	0.82	325258	325258	1717
rat99.tsp	0.82	325258	325258	1448
rat99.tsp	0.81	325258	325258	1800
rat99.tsp	0.82	325258	325258	1660
rat99.tsp	0.81	325258	325258	1555
rat99.tsp	0.82	325258	325258	1696
rat99.tsp	0.82	325258	325258	1619
rat99.tsp	0.82	325258	325258	1804
