a280.tsp	15.47	2602147	2602147	4903
a280.tsp	15.57	2602147	2602147	4120
a280.tsp	15.37	2602147	2602147	4282
a280.tsp	15.53	2602147	2602147	4820
a280.tsp	15.55	2602147	2602147	4534
a280.tsp	15.37	2602147	2602147	4609
a280.tsp	15.54	2602147	2602147	4290
a280.tsp	15.52	2602147	2602147	4616
a280.tsp	15.43	2602147	2602147	4069
a280.tsp	15.40	2602147	2602147	4300
berlin52.tsp	4.36	2602147	2602147	7989
berlin52.tsp	4.32	2602147	2602147	8334
berlin52.tsp	4.24	2602147	2602147	8459
berlin52.tsp	4.27	2602147	2602147	8373
berlin52.tsp	4.30	2602147	2602147	8511
berlin52.tsp	4.33	2602147	2602147	7888
berlin52.tsp	4.40	2602147	2602147	8316
berlin52.tsp	4.38	2602147	2602147	8150
berlin52.tsp	4.31	2602147	2602147	8871
berlin52.tsp	4.33	2602147	2602147	8261
bier127.tsp	8.07	2602147	2602147	151220
bier127.tsp	8.00	2602147	2602147	146743
bier127.tsp	7.96	2602147	2602147	138765
bier127.tsp	7.95	2602147	2602147	142104
bier127.tsp	8.02	2602147	2602147	139671
bier127.tsp	8.01	2602147	2602147	137923
bier127.tsp	8.01	2602147	2602147	144413
bier127.tsp	7.90	2602147	2602147	133502
bier127.tsp	7.92	2602147	2602147	144946
bier127.tsp	8.01	2602147	2602147	142103
eil101.tsp	6.71	2602147	2602147	718
eil101.tsp	6.76	2602147	2602147	682
eil101.tsp	6.71	2602147	2602147	711
eil101.tsp	6.72	2602147	2602147	695
eil101.tsp	6.63	2602147	2602147	726
eil101.tsp	6.62	2602147	2602147	717
eil101.tsp	6.74	2602147	2602147	695
eil101.tsp	6.69	2602147	2602147	725
eil101.tsp	6.70	2602147	2602147	698
eil101.tsp	6.70	2602147	2602147	704
eil51.tsp	4.32	2602147	2602147	443
eil51.tsp	4.30	2602147	2602147	445
eil51.tsp	4.36	2602147	2602147	455
eil51.tsp	4.29	2602147	2602147	459
eil51.tsp	4.39	2602147	2602147	453
eil51.tsp	4.28	2602147	2602147	436
eil51.tsp	4.27	2602147	2602147	442
eil51.tsp	4.31	2602147	2602147	457
eil51.tsp	4.30	2602147	2602147	427
eil51.tsp	4.29	2602147	2602147	431
eil76.tsp	5.51	2602147	2602147	569
eil76.tsp	5.56	2602147	2602147	575
eil76.tsp	5.56	2602147	2602147	581
eil76.tsp	5.48	2602147	2602147	611
eil76.tsp	5.52	2602147	2602147	598
eil76.tsp	5.50	2602147	2602147	571
eil76.tsp	5.50	2602147	2602147	574
eil76.tsp	5.55	2602147	2602147	592
eil76.tsp	5.48	2602147	2602147	597
eil76.tsp	5.49	2602147	2602147	590
gil262.tsp	14.48	2602147	2602147	3867
gil262.tsp	14.60	2602147	2602147	3944
gil262.tsp	14.59	2602147	2602147	3528
gil262.tsp	14.46	2602147	2602147	3631
gil262.tsp	14.52	2602147	2602147	3722
gil262.tsp	14.52	2602147	2602147	3801
gil262.tsp	14.49	2602147	2602147	3839
gil262.tsp	14.43	2602147	2602147	3886
gil262.tsp	14.47	2602147	2602147	3667
gil262.tsp	14.48	2602147	2602147	4102
kroA100.tsp	6.49	2602147	2602147	23859
kroA100.tsp	6.50	2602147	2602147	25675
kroA100.tsp	6.61	2602147	2602147	26272
kroA100.tsp	6.54	2602147	2602147	25411
kroA100.tsp	6.67	2602147	2602147	28695
kroA100.tsp	6.64	2602147	2602147	27536
kroA100.tsp	6.64	2602147	2602147	23888
kroA100.tsp	6.69	2602147	2602147	26488
kroA100.tsp	6.64	2602147	2602147	26023
kroA100.tsp	6.64	2602147	2602147	25453
kroA150.tsp	9.05	2602147	2602147	33955
kroA150.tsp	9.05	2602147	2602147	39392
kroA150.tsp	9.13	2602147	2602147	41609
kroA150.tsp	9.06	2602147	2602147	34419
kroA150.tsp	9.22	2602147	2602147	37176
kroA150.tsp	9.13	2602147	2602147	36988
kroA150.tsp	9.09	2602147	2602147	36694
kroA150.tsp	9.08	2602147	2602147	34086
kroA150.tsp	9.03	2602147	2602147	40003
kroA150.tsp	9.14	2602147	2602147	35774
kroA200.tsp	11.44	2602147	2602147	42855
kroA200.tsp	11.50	2602147	2602147	46161
kroA200.tsp	11.60	2602147	2602147	48793
kroA200.tsp	11.51	2602147	2602147	44733
kroA200.tsp	11.52	2602147	2602147	47806
kroA200.tsp	11.60	2602147	2602147	46964
kroA200.tsp	11.64	2602147	2602147	46390
kroA200.tsp	11.58	2602147	2602147	50096
kroA200.tsp	11.41	2602147	2602147	45241
kroA200.tsp	11.51	2602147	2602147	44111
kroB100.tsp	6.56	2602147	2602147	28823
kroB100.tsp	6.67	2602147	2602147	27080
kroB100.tsp	6.55	2602147	2602147	27025
kroB100.tsp	6.52	2602147	2602147	26090
kroB100.tsp	6.68	2602147	2602147	25448
kroB100.tsp	6.51	2602147	2602147	26567
kroB100.tsp	6.58	2602147	2602147	27858
kroB100.tsp	6.67	2602147	2602147	28337
kroB100.tsp	6.58	2602147	2602147	26371
kroB100.tsp	6.61	2602147	2602147	27337
kroB150.tsp	9.19	2602147	2602147	34118
kroB150.tsp	9.18	2602147	2602147	34418
kroB150.tsp	9.16	2602147	2602147	37968
kroB150.tsp	9.14	2602147	2602147	41119
kroB150.tsp	9.01	2602147	2602147	35894
kroB150.tsp	9.08	2602147	2602147	35759
kroB150.tsp	9.05	2602147	2602147	37012
kroB150.tsp	9.03	2602147	2602147	34195
kroB150.tsp	9.01	2602147	2602147	33607
kroB150.tsp	9.16	2602147	2602147	37339
kroB200.tsp	11.56	2602147	2602147	42275
kroB200.tsp	11.51	2602147	2602147	43439
kroB200.tsp	11.55	2602147	2602147	44487
kroB200.tsp	11.53	2602147	2602147	44830
kroB200.tsp	11.50	2602147	2602147	46089
kroB200.tsp	11.45	2602147	2602147	46661
kroB200.tsp	11.48	2602147	2602147	47601
kroB200.tsp	11.50	2602147	2602147	41298
kroB200.tsp	11.52	2602147	2602147	45746
kroB200.tsp	11.50	2602147	2602147	44245
kroC100.tsp	6.50	2602147	2602147	26529
kroC100.tsp	6.55	2602147	2602147	25685
kroC100.tsp	6.64	2602147	2602147	25401
kroC100.tsp	6.56	2602147	2602147	26917
kroC100.tsp	6.70	2602147	2602147	24712
kroC100.tsp	6.71	2602147	2602147	27445
kroC100.tsp	6.70	2602147	2602147	27759
kroC100.tsp	6.54	2602147	2602147	25634
kroC100.tsp	6.68	2602147	2602147	28287
kroC100.tsp	6.52	2602147	2602147	26857
kroD100.tsp	6.60	2602147	2602147	26143
kroD100.tsp	6.55	2602147	2602147	28300
kroD100.tsp	6.48	2602147	2602147	25070
kroD100.tsp	6.62	2602147	2602147	24676
kroD100.tsp	6.68	2602147	2602147	27556
kroD100.tsp	6.60	2602147	2602147	27277
kroD100.tsp	6.52	2602147	2602147	26284
kroD100.tsp	6.54	2602147	2602147	25717
kroD100.tsp	6.56	2602147	2602147	25430
kroD100.tsp	6.65	2602147	2602147	25651
kroE100.tsp	6.56	2602147	2602147	27568
kroE100.tsp	6.62	2602147	2602147	26079
kroE100.tsp	6.68	2602147	2602147	25879
kroE100.tsp	6.50	2602147	2602147	25454
kroE100.tsp	6.49	2602147	2602147	27074
kroE100.tsp	6.54	2602147	2602147	31089
kroE100.tsp	6.66	2602147	2602147	27889
kroE100.tsp	6.54	2602147	2602147	26006
kroE100.tsp	6.62	2602147	2602147	24666
kroE100.tsp	6.67	2602147	2602147	27733
lin105.tsp	6.81	2602147	2602147	18437
lin105.tsp	6.89	2602147	2602147	18020
lin105.tsp	6.80	2602147	2602147	21073
lin105.tsp	6.81	2602147	2602147	20109
lin105.tsp	6.72	2602147	2602147	19798
lin105.tsp	6.82	2602147	2602147	17135
lin105.tsp	6.88	2602147	2602147	18186
lin105.tsp	7.24	2602147	2602147	18531
lin105.tsp	6.77	2602147	2602147	17128
lin105.tsp	6.73	2602147	2602147	18875
lin318.tsp	17.28	2602147	2602147	83059
lin318.tsp	17.25	2602147	2602147	84082
lin318.tsp	17.17	2602147	2602147	77115
lin318.tsp	17.21	2602147	2602147	82405
lin318.tsp	17.22	2602147	2602147	84768
lin318.tsp	17.23	2602147	2602147	80498
lin318.tsp	17.34	2602147	2602147	81320
lin318.tsp	17.18	2602147	2602147	73742
lin318.tsp	17.11	2602147	2602147	80595
lin318.tsp	17.17	2602147	2602147	80165
linhp318.tsp	17.18	2602147	2602147	75549
linhp318.tsp	17.22	2602147	2602147	83575
linhp318.tsp	17.12	2602147	2602147	78448
linhp318.tsp	17.21	2602147	2602147	82715
linhp318.tsp	17.21	2602147	2602147	77918
linhp318.tsp	17.12	2602147	2602147	84000
linhp318.tsp	17.10	2602147	2602147	74951
linhp318.tsp	17.13	2602147	2602147	75166
linhp318.tsp	17.18	2602147	2602147	80731
linhp318.tsp	17.21	2602147	2602147	80127
pr107.tsp	6.90	2602147	2602147	50617
pr107.tsp	6.97	2602147	2602147	62968
pr107.tsp	6.91	2602147	2602147	77794
pr107.tsp	6.88	2602147	2602147	54693
pr107.tsp	6.90	2602147	2602147	77667
pr107.tsp	6.87	2602147	2602147	50907
pr107.tsp	6.90	2602147	2602147	67068
pr107.tsp	6.88	2602147	2602147	64299
pr107.tsp	6.93	2602147	2602147	66180
pr107.tsp	6.89	2602147	2602147	50261
pr124.tsp	7.75	2602147	2602147	104558
pr124.tsp	7.77	2602147	2602147	83004
pr124.tsp	7.65	2602147	2602147	77218
pr124.tsp	7.67	2602147	2602147	79026
pr124.tsp	7.63	2602147	2602147	82649
pr124.tsp	7.70	2602147	2602147	76487
pr124.tsp	7.70	2602147	2602147	88784
pr124.tsp	7.77	2602147	2602147	85040
pr124.tsp	7.74	2602147	2602147	85545
pr124.tsp	7.71	2602147	2602147	80531
pr136.tsp	8.44	2602147	2602147	122440
pr136.tsp	8.46	2602147	2602147	134797
pr136.tsp	8.44	2602147	2602147	124796
pr136.tsp	8.36	2602147	2602147	138207
pr136.tsp	8.45	2602147	2602147	128160
pr136.tsp	8.34	2602147	2602147	128339
pr136.tsp	8.38	2602147	2602147	123590
pr136.tsp	8.39	2602147	2602147	131059
pr136.tsp	10.21	2602147	2602147	133460
pr136.tsp	8.50	2602147	2602147	129324
pr144.tsp	8.80	2602147	2602147	107843
pr144.tsp	8.80	2602147	2602147	104522
pr144.tsp	8.85	2602147	2602147	100237
pr144.tsp	8.79	2602147	2602147	112031
pr144.tsp	8.76	2602147	2602147	109769
pr144.tsp	8.78	2602147	2602147	98921
pr144.tsp	8.82	2602147	2602147	104414
pr144.tsp	8.79	2602147	2602147	88905
pr144.tsp	8.84	2602147	2602147	99252
pr144.tsp	11.32	2602147	2602147	94207
pr152.tsp	9.08	2602147	2602147	137065
pr152.tsp	9.10	2602147	2602147	131163
pr152.tsp	9.10	2602147	2602147	127038
pr152.tsp	9.13	2602147	2602147	115391
pr152.tsp	9.14	2602147	2602147	116300
pr152.tsp	9.18	2602147	2602147	140388
pr152.tsp	9.21	2602147	2602147	125106
pr152.tsp	9.22	2602147	2602147	136653
pr152.tsp	9.10	2602147	2602147	139704
pr152.tsp	9.22	2602147	2602147	122602
pr226.tsp	12.79	2602147	2602147	157445
pr226.tsp	12.69	2602147	2602147	161656
pr226.tsp	12.88	2602147	2602147	213559
pr226.tsp	12.74	2602147	2602147	180580
pr226.tsp	12.72	2602147	2602147	179146
pr226.tsp	12.76	2602147	2602147	182240
pr226.tsp	12.69	2602147	2602147	156182
pr226.tsp	12.88	2602147	2602147	182135
pr226.tsp	12.76	2602147	2602147	173118
pr226.tsp	12.82	2602147	2602147	194233
pr264.tsp	17.74	2602147	2602147	127600
pr264.tsp	14.39	2602147	2602147	108596
pr264.tsp	14.44	2602147	2602147	110314
pr264.tsp	14.65	2602147	2602147	110498
pr264.tsp	14.41	2602147	2602147	111354
pr264.tsp	14.42	2602147	2602147	128243
pr264.tsp	14.46	2602147	2602147	103646
pr264.tsp	14.46	2602147	2602147	112942
pr264.tsp	14.42	2602147	2602147	126959
pr264.tsp	14.42	2602147	2602147	104095
pr299.tsp	16.20	2602147	2602147	92961
pr299.tsp	16.27	2602147	2602147	95372
pr299.tsp	16.24	2602147	2602147	95820
pr299.tsp	16.18	2602147	2602147	84610
pr299.tsp	16.22	2602147	2602147	94398
pr299.tsp	16.34	2602147	2602147	100475
pr299.tsp	16.18	2602147	2602147	94581
pr299.tsp	16.16	2602147	2602147	82803
pr299.tsp	16.18	2602147	2602147	92533
pr299.tsp	16.23	2602147	2602147	91889
pr439.tsp	23.70	2602147	2602147	250124
pr439.tsp	23.55	2602147	2602147	236377
pr439.tsp	23.82	2602147	2602147	244955
pr439.tsp	23.62	2602147	2602147	236070
pr439.tsp	23.55	2602147	2602147	253306
pr439.tsp	23.54	2602147	2602147	255907
pr439.tsp	23.65	2602147	2602147	255930
pr439.tsp	23.50	2602147	2602147	242368
pr439.tsp	23.47	2602147	2602147	256490
pr439.tsp	23.48	2602147	2602147	228555
pr76.tsp	5.48	2602147	2602147	133484
pr76.tsp	5.49	2602147	2602147	123072
pr76.tsp	5.38	2602147	2602147	121698
pr76.tsp	5.47	2602147	2602147	128636
pr76.tsp	5.46	2602147	2602147	121857
pr76.tsp	5.37	2602147	2602147	118798
pr76.tsp	5.50	2602147	2602147	129672
pr76.tsp	5.47	2602147	2602147	129716
pr76.tsp	5.41	2602147	2602147	131212
pr76.tsp	5.46	2602147	2602147	129918
rat575.tsp	32.46	2602147	2602147	14519
rat575.tsp	32.53	2602147	2602147	13009
rat575.tsp	32.47	2602147	2602147	12782
rat575.tsp	32.38	2602147	2602147	14490
rat575.tsp	32.52	2602147	2602147	14332
rat575.tsp	32.45	2602147	2602147	13493
rat575.tsp	32.60	2602147	2602147	14433
rat575.tsp	32.45	2602147	2602147	13598
rat575.tsp	32.52	2602147	2602147	13274
rat575.tsp	32.67	2602147	2602147	13946
rat783.tsp	45.22	2602147	2602147	21429
rat783.tsp	45.25	2602147	2602147	23638
rat783.tsp	45.29	2602147	2602147	22632
rat783.tsp	45.83	2602147	2602147	22385
rat783.tsp	46.09	2602147	2602147	23996
rat783.tsp	45.84	2602147	2602147	22579
rat783.tsp	45.50	2602147	2602147	20677
rat783.tsp	45.17	2602147	2602147	21510
rat783.tsp	45.27	2602147	2602147	21859
rat783.tsp	45.39	2602147	2602147	21875
rat99.tsp	6.54	2602147	2602147	1442
rat99.tsp	6.53	2602147	2602147	1433
rat99.tsp	6.59	2602147	2602147	1397
rat99.tsp	6.62	2602147	2602147	1374
rat99.tsp	7.39	2602147	2602147	1468
rat99.tsp	6.68	2602147	2602147	1416
rat99.tsp	6.63	2602147	2602147	1456
rat99.tsp	6.56	2602147	2602147	1324
rat99.tsp	6.61	2602147	2602147	1435
rat99.tsp	6.60	2602147	2602147	1377
