a280.tsp	155.35	26021572	26021572	3296
a280.tsp	154.63	26021572	26021572	3468
a280.tsp	153.38	26021572	26021572	3367
a280.tsp	154.79	26021572	26021572	3389
a280.tsp	154.40	26021572	26021572	3473
a280.tsp	154.40	26021572	26021572	3371
a280.tsp	154.37	26021572	26021572	3504
a280.tsp	154.42	26021572	26021572	3704
a280.tsp	155.34	26021572	26021572	3443
a280.tsp	153.95	26021572	26021572	3505
berlin52.tsp	44.14	26021572	26021572	7882
berlin52.tsp	43.65	26021572	26021572	8154
berlin52.tsp	43.03	26021572	26021572	7887
berlin52.tsp	43.67	26021572	26021572	7792
berlin52.tsp	43.40	26021572	26021572	7728
berlin52.tsp	43.46	26021572	26021572	7924
berlin52.tsp	43.28	26021572	26021572	7777
berlin52.tsp	42.64	26021572	26021572	8013
berlin52.tsp	43.44	26021572	26021572	7744
berlin52.tsp	42.94	26021572	26021572	7983
bier127.tsp	80.00	26021572	26021572	123395
bier127.tsp	80.23	26021572	26021572	132934
bier127.tsp	79.74	26021572	26021572	131522
bier127.tsp	79.64	26021572	26021572	134134
bier127.tsp	80.22	26021572	26021572	130317
bier127.tsp	79.76	26021572	26021572	139606
bier127.tsp	80.12	26021572	26021572	130402
bier127.tsp	79.86	26021572	26021572	127235
bier127.tsp	79.35	26021572	26021572	131077
bier127.tsp	79.52	26021572	26021572	133300
eil101.tsp	66.69	26021572	26021572	654
eil101.tsp	68.04	26021572	26021572	666
eil101.tsp	66.77	26021572	26021572	680
eil101.tsp	66.64	26021572	26021572	666
eil101.tsp	66.36	26021572	26021572	665
eil101.tsp	67.09	26021572	26021572	642
eil101.tsp	67.13	26021572	26021572	659
eil101.tsp	66.94	26021572	26021572	656
eil101.tsp	67.16	26021572	26021572	676
eil101.tsp	66.70	26021572	26021572	678
eil51.tsp	42.67	26021572	26021572	431
eil51.tsp	43.48	26021572	26021572	445
eil51.tsp	43.28	26021572	26021572	448
eil51.tsp	43.92	26021572	26021572	426
eil51.tsp	42.96	26021572	26021572	426
eil51.tsp	42.95	26021572	26021572	443
eil51.tsp	43.23	26021572	26021572	433
eil51.tsp	43.44	26021572	26021572	428
eil51.tsp	42.70	26021572	26021572	432
eil51.tsp	42.79	26021572	26021572	425
eil76.tsp	54.97	26021572	26021572	568
eil76.tsp	55.65	26021572	26021572	561
eil76.tsp	54.89	26021572	26021572	579
eil76.tsp	55.07	26021572	26021572	576
eil76.tsp	55.12	26021572	26021572	571
eil76.tsp	54.69	26021572	26021572	559
eil76.tsp	54.77	26021572	26021572	549
eil76.tsp	54.86	26021572	26021572	564
eil76.tsp	55.16	26021572	26021572	572
eil76.tsp	54.81	26021572	26021572	578
gil262.tsp	145.04	26021572	26021572	3036
gil262.tsp	145.00	26021572	26021572	3054
gil262.tsp	145.36	26021572	26021572	3006
gil262.tsp	145.76	26021572	26021572	3214
gil262.tsp	144.96	26021572	26021572	3080
gil262.tsp	145.13	26021572	26021572	3028
gil262.tsp	144.34	26021572	26021572	3131
gil262.tsp	144.31	26021572	26021572	3192
gil262.tsp	144.63	26021572	26021572	3024
gil262.tsp	145.03	26021572	26021572	3068
kroA100.tsp	66.60	26021572	26021572	23460
kroA100.tsp	64.66	26021572	26021572	25022
kroA100.tsp	66.84	26021572	26021572	23218
kroA100.tsp	65.50	26021572	26021572	24304
kroA100.tsp	66.18	26021572	26021572	22307
kroA100.tsp	66.57	26021572	26021572	23550
kroA100.tsp	67.30	26021572	26021572	23608
kroA100.tsp	66.38	26021572	26021572	24440
kroA100.tsp	66.57	26021572	26021572	23608
kroA100.tsp	66.67	26021572	26021572	23120
kroA150.tsp	91.00	26021572	26021572	32342
kroA150.tsp	90.33	26021572	26021572	30907
kroA150.tsp	90.89	26021572	26021572	30790
kroA150.tsp	90.63	26021572	26021572	33495
kroA150.tsp	90.53	26021572	26021572	30906
kroA150.tsp	91.10	26021572	26021572	30372
kroA150.tsp	91.71	26021572	26021572	31095
kroA150.tsp	90.98	26021572	26021572	31749
kroA150.tsp	90.71	26021572	26021572	30742
kroA150.tsp	90.30	26021572	26021572	30594
kroA200.tsp	115.18	26021572	26021572	39304
kroA200.tsp	114.44	26021572	26021572	35247
kroA200.tsp	114.88	26021572	26021572	35994
kroA200.tsp	116.10	26021572	26021572	37290
kroA200.tsp	115.02	26021572	26021572	38277
kroA200.tsp	115.27	26021572	26021572	39299
kroA200.tsp	114.51	26021572	26021572	37691
kroA200.tsp	114.17	26021572	26021572	38255
kroA200.tsp	115.24	26021572	26021572	36413
kroA200.tsp	116.15	26021572	26021572	35683
kroB100.tsp	66.19	26021572	26021572	23100
kroB100.tsp	67.07	26021572	26021572	25551
kroB100.tsp	66.72	26021572	26021572	24480
kroB100.tsp	66.21	26021572	26021572	23610
kroB100.tsp	65.00	26021572	26021572	25363
kroB100.tsp	66.38	26021572	26021572	24183
kroB100.tsp	66.34	26021572	26021572	24384
kroB100.tsp	65.80	26021572	26021572	25026
kroB100.tsp	65.50	26021572	26021572	24986
kroB100.tsp	64.94	26021572	26021572	23796
kroB150.tsp	91.03	26021572	26021572	30672
kroB150.tsp	91.19	26021572	26021572	29601
kroB150.tsp	90.31	26021572	26021572	29206
kroB150.tsp	90.01	26021572	26021572	28745
kroB150.tsp	90.28	26021572	26021572	33590
kroB150.tsp	90.39	26021572	26021572	31617
kroB150.tsp	89.99	26021572	26021572	29127
kroB150.tsp	90.40	26021572	26021572	30930
kroB150.tsp	90.33	26021572	26021572	29503
kroB150.tsp	90.62	26021572	26021572	31926
kroB200.tsp	114.60	26021572	26021572	38976
kroB200.tsp	115.23	26021572	26021572	37659
kroB200.tsp	113.82	26021572	26021572	35983
kroB200.tsp	115.21	26021572	26021572	35862
kroB200.tsp	114.83	26021572	26021572	36136
kroB200.tsp	114.59	26021572	26021572	37901
kroB200.tsp	115.00	26021572	26021572	34940
kroB200.tsp	115.88	26021572	26021572	37397
kroB200.tsp	114.29	26021572	26021572	35780
kroB200.tsp	114.33	26021572	26021572	38390
kroC100.tsp	66.46	26021572	26021572	22538
kroC100.tsp	65.50	26021572	26021572	22045
kroC100.tsp	66.18	26021572	26021572	24621
kroC100.tsp	66.42	26021572	26021572	24227
kroC100.tsp	65.65	26021572	26021572	22604
kroC100.tsp	66.88	26021572	26021572	24036
kroC100.tsp	66.13	26021572	26021572	23474
kroC100.tsp	66.20	26021572	26021572	24026
kroC100.tsp	66.44	26021572	26021572	21501
kroC100.tsp	66.27	26021572	26021572	23615
kroD100.tsp	65.11	26021572	26021572	22762
kroD100.tsp	66.94	26021572	26021572	23508
kroD100.tsp	66.70	26021572	26021572	23839
kroD100.tsp	64.76	26021572	26021572	24397
kroD100.tsp	65.40	26021572	26021572	23065
kroD100.tsp	66.69	26021572	26021572	23650
kroD100.tsp	64.98	26021572	26021572	27166
kroD100.tsp	66.62	26021572	26021572	24018
kroD100.tsp	65.38	26021572	26021572	22831
kroD100.tsp	66.32	26021572	26021572	23531
kroE100.tsp	66.45	26021572	26021572	25779
kroE100.tsp	65.06	26021572	26021572	24176
kroE100.tsp	66.12	26021572	26021572	24050
kroE100.tsp	66.82	26021572	26021572	25309
kroE100.tsp	66.55	26021572	26021572	25033
kroE100.tsp	65.56	26021572	26021572	23714
kroE100.tsp	66.49	26021572	26021572	23382
kroE100.tsp	66.67	26021572	26021572	24129
kroE100.tsp	66.49	26021572	26021572	24004
kroE100.tsp	66.41	26021572	26021572	25204
lin105.tsp	68.31	26021572	26021572	16578
lin105.tsp	68.19	26021572	26021572	16140
lin105.tsp	68.02	26021572	26021572	16180
lin105.tsp	67.02	26021572	26021572	15381
lin105.tsp	68.01	26021572	26021572	16216
lin105.tsp	67.90	26021572	26021572	16535
lin105.tsp	66.82	26021572	26021572	17432
lin105.tsp	68.80	26021572	26021572	16363
lin105.tsp	66.72	26021572	26021572	17157
lin105.tsp	66.94	26021572	26021572	15759
lin318.tsp	170.54	26021572	26021572	57983
lin318.tsp	172.32	26021572	26021572	62456
lin318.tsp	171.90	26021572	26021572	61464
lin318.tsp	171.18	26021572	26021572	56518
lin318.tsp	171.92	26021572	26021572	60675
lin318.tsp	171.91	26021572	26021572	61541
lin318.tsp	172.28	26021572	26021572	58911
lin318.tsp	172.52	26021572	26021572	59000
lin318.tsp	172.69	26021572	26021572	59001
lin318.tsp	172.28	26021572	26021572	60015
linhp318.tsp	171.89	26021572	26021572	59082
linhp318.tsp	171.83	26021572	26021572	59344
linhp318.tsp	171.79	26021572	26021572	60288
linhp318.tsp	171.78	26021572	26021572	61489
linhp318.tsp	171.46	26021572	26021572	61340
linhp318.tsp	171.34	26021572	26021572	60310
linhp318.tsp	172.54	26021572	26021572	62225
linhp318.tsp	172.47	26021572	26021572	61064
linhp318.tsp	171.80	26021572	26021572	59418
linhp318.tsp	171.15	26021572	26021572	66388
pr107.tsp	68.90	26021572	26021572	49861
pr107.tsp	69.35	26021572	26021572	45398
pr107.tsp	68.86	26021572	26021572	49264
pr107.tsp	68.62	26021572	26021572	47603
pr107.tsp	68.69	26021572	26021572	47052
pr107.tsp	68.89	26021572	26021572	61647
pr107.tsp	68.96	26021572	26021572	47461
pr107.tsp	68.86	26021572	26021572	49579
pr107.tsp	68.80	26021572	26021572	47403
pr107.tsp	69.24	26021572	26021572	59601
pr124.tsp	77.64	26021572	26021572	61149
pr124.tsp	77.46	26021572	26021572	63148
pr124.tsp	76.98	26021572	26021572	70530
pr124.tsp	77.86	26021572	26021572	67210
pr124.tsp	77.13	26021572	26021572	70555
pr124.tsp	77.09	26021572	26021572	72870
pr124.tsp	76.51	26021572	26021572	69482
pr124.tsp	76.39	26021572	26021572	68007
pr124.tsp	76.59	26021572	26021572	62265
pr124.tsp	77.44	26021572	26021572	70922
pr136.tsp	84.42	26021572	26021572	109671
pr136.tsp	84.21	26021572	26021572	120988
pr136.tsp	84.34	26021572	26021572	111902
pr136.tsp	83.86	26021572	26021572	113720
pr136.tsp	83.94	26021572	26021572	114178
pr136.tsp	84.47	26021572	26021572	111397
pr136.tsp	84.25	26021572	26021572	106828
pr136.tsp	83.72	26021572	26021572	114940
pr136.tsp	84.26	26021572	26021572	108513
pr136.tsp	84.47	26021572	26021572	121160
pr144.tsp	87.64	26021572	26021572	79475
pr144.tsp	88.10	26021572	26021572	68478
pr144.tsp	87.58	26021572	26021572	83222
pr144.tsp	117.94	26021572	26021572	83613
pr144.tsp	88.04	26021572	26021572	69915
pr144.tsp	87.57	26021572	26021572	75097
pr144.tsp	87.63	26021572	26021572	81435
pr144.tsp	87.24	26021572	26021572	85750
pr144.tsp	87.72	26021572	26021572	72261
pr144.tsp	87.78	26021572	26021572	79749
pr152.tsp	90.89	26021572	26021572	98002
pr152.tsp	92.04	26021572	26021572	94829
pr152.tsp	92.16	26021572	26021572	108712
pr152.tsp	91.54	26021572	26021572	91660
pr152.tsp	91.00	26021572	26021572	84614
pr152.tsp	91.13	26021572	26021572	103127
pr152.tsp	91.53	26021572	26021572	93160
pr152.tsp	91.76	26021572	26021572	101906
pr152.tsp	91.86	26021572	26021572	87248
pr152.tsp	91.95	26021572	26021572	93734
pr226.tsp	126.88	26021572	26021572	126522
pr226.tsp	127.22	26021572	26021572	127940
pr226.tsp	127.28	26021572	26021572	115873
pr226.tsp	128.60	26021572	26021572	147606
pr226.tsp	144.92	26021572	26021572	113486
pr226.tsp	126.56	26021572	26021572	124892
pr226.tsp	127.48	26021572	26021572	125949
pr226.tsp	127.96	26021572	26021572	140466
pr226.tsp	127.56	26021572	26021572	137960
pr226.tsp	128.36	26021572	26021572	131074
pr264.tsp	144.02	26021572	26021572	75226
pr264.tsp	144.26	26021572	26021572	92867
pr264.tsp	144.89	26021572	26021572	93640
pr264.tsp	145.26	26021572	26021572	79693
pr264.tsp	144.24	26021572	26021572	82483
pr264.tsp	144.54	26021572	26021572	77848
pr264.tsp	143.99	26021572	26021572	86413
pr264.tsp	144.11	26021572	26021572	72945
pr264.tsp	144.01	26021572	26021572	84886
pr264.tsp	144.56	26021572	26021572	84067
pr299.tsp	162.37	26021572	26021572	68695
pr299.tsp	163.21	26021572	26021572	66660
pr299.tsp	162.26	26021572	26021572	67684
pr299.tsp	162.33	26021572	26021572	69586
pr299.tsp	163.02	26021572	26021572	66288
pr299.tsp	162.63	26021572	26021572	67811
pr299.tsp	162.34	26021572	26021572	69355
pr299.tsp	161.60	26021572	26021572	69333
pr299.tsp	162.19	26021572	26021572	65729
pr299.tsp	162.42	26021572	26021572	68600
pr439.tsp	235.20	26021572	26021572	177970
pr439.tsp	235.52	26021572	26021572	173090
pr439.tsp	237.36	26021572	26021572	166023
pr439.tsp	236.48	26021572	26021572	173766
pr439.tsp	236.26	26021572	26021572	177266
pr439.tsp	234.97	26021572	26021572	161488
pr439.tsp	235.72	26021572	26021572	179217
pr439.tsp	235.12	26021572	26021572	172075
pr439.tsp	235.28	26021572	26021572	176769
pr439.tsp	235.26	26021572	26021572	190651
pr76.tsp	54.82	26021572	26021572	116593
pr76.tsp	54.74	26021572	26021572	113978
pr76.tsp	53.78	26021572	26021572	115577
pr76.tsp	54.71	26021572	26021572	123460
pr76.tsp	54.72	26021572	26021572	112404
pr76.tsp	53.63	26021572	26021572	114984
pr76.tsp	54.85	26021572	26021572	120550
pr76.tsp	54.02	26021572	26021572	116465
pr76.tsp	53.82	26021572	26021572	110477
pr76.tsp	55.03	26021572	26021572	112579
rat575.tsp	324.57	26021572	26021572	10470
rat575.tsp	325.39	26021572	26021572	10040
rat575.tsp	325.38	26021572	26021572	10402
rat575.tsp	325.12	26021572	26021572	11009
rat575.tsp	325.11	26021572	26021572	9903
rat575.tsp	325.94	26021572	26021572	11301
rat575.tsp	326.80	26021572	26021572	9462
rat575.tsp	325.33	26021572	26021572	10596
rat575.tsp	324.69	26021572	26021572	10247
rat575.tsp	327.08	26021572	26021572	10388
rat783.tsp	453.31	26021572	26021572	15200
rat783.tsp	450.83	26021572	26021572	15134
rat783.tsp	453.67	26021572	26021572	15475
rat783.tsp	457.72	26021572	26021572	15594
rat783.tsp	456.42	26021572	26021572	15967
rat783.tsp	456.31	26021572	26021572	15808
rat783.tsp	455.10	26021572	26021572	15415
rat783.tsp	453.55	26021572	26021572	15743
rat783.tsp	451.89	26021572	26021572	15590
rat783.tsp	453.44	26021572	26021572	14590
rat99.tsp	65.46	26021572	26021572	1308
rat99.tsp	65.86	26021572	26021572	1288
rat99.tsp	65.41	26021572	26021572	1273
rat99.tsp	65.86	26021572	26021572	1303
rat99.tsp	66.01	26021572	26021572	1345
rat99.tsp	66.23	26021572	26021572	1353
rat99.tsp	65.70	26021572	26021572	1335
rat99.tsp	65.29	26021572	26021572	1240
rat99.tsp	66.45	26021572	26021572	1314
rat99.tsp	65.46	26021572	26021572	1300
