a280.tsp	1.75	296477	296477	5438
a280.tsp	1.76	296477	296477	6179
a280.tsp	1.74	296477	296477	6043
a280.tsp	1.74	296477	296477	5871
a280.tsp	1.74	296477	296477	5751
a280.tsp	1.75	296477	296477	5728
a280.tsp	1.75	296477	296477	6420
a280.tsp	1.76	296477	296477	5621
a280.tsp	1.74	296477	296477	5532
a280.tsp	1.74	296477	296477	5935
berlin52.tsp	0.49	296477	296477	8622
berlin52.tsp	0.48	296477	296477	8858
berlin52.tsp	0.49	296477	296477	9256
berlin52.tsp	0.49	296477	296477	8742
berlin52.tsp	0.48	296477	296477	9481
berlin52.tsp	0.48	296477	296477	8267
berlin52.tsp	0.48	296477	296477	8565
berlin52.tsp	0.48	296477	296477	9037
berlin52.tsp	0.48	296477	296477	8829
berlin52.tsp	0.48	296477	296477	8974
bier127.tsp	0.90	296477	296477	165242
bier127.tsp	0.90	296477	296477	157069
bier127.tsp	0.90	296477	296477	157453
bier127.tsp	0.90	296477	296477	158663
bier127.tsp	0.90	296477	296477	177019
bier127.tsp	0.90	296477	296477	163174
bier127.tsp	0.92	296477	296477	157751
bier127.tsp	0.90	296477	296477	162386
bier127.tsp	0.90	296477	296477	166607
bier127.tsp	0.90	296477	296477	153547
eil101.tsp	0.76	296477	296477	784
eil101.tsp	0.76	296477	296477	781
eil101.tsp	0.76	296477	296477	765
eil101.tsp	0.76	296477	296477	763
eil101.tsp	0.75	296477	296477	792
eil101.tsp	0.75	296477	296477	757
eil101.tsp	0.75	296477	296477	815
eil101.tsp	0.75	296477	296477	873
eil101.tsp	0.76	296477	296477	765
eil101.tsp	0.76	296477	296477	771
eil51.tsp	0.48	296477	296477	466
eil51.tsp	0.48	296477	296477	478
eil51.tsp	0.49	296477	296477	463
eil51.tsp	0.48	296477	296477	450
eil51.tsp	0.49	296477	296477	461
eil51.tsp	0.48	296477	296477	454
eil51.tsp	0.49	296477	296477	477
eil51.tsp	0.48	296477	296477	473
eil51.tsp	0.48	296477	296477	468
eil51.tsp	0.50	296477	296477	465
eil76.tsp	0.62	296477	296477	650
eil76.tsp	0.62	296477	296477	669
eil76.tsp	0.62	296477	296477	601
eil76.tsp	0.62	296477	296477	643
eil76.tsp	0.62	296477	296477	703
eil76.tsp	0.62	296477	296477	602
eil76.tsp	0.62	296477	296477	605
eil76.tsp	0.62	296477	296477	629
eil76.tsp	0.62	296477	296477	653
eil76.tsp	0.62	296477	296477	624
gil262.tsp	1.64	296477	296477	5032
gil262.tsp	1.64	296477	296477	4809
gil262.tsp	1.64	296477	296477	5003
gil262.tsp	1.64	296477	296477	5123
gil262.tsp	1.64	296477	296477	4545
gil262.tsp	1.64	296477	296477	5473
gil262.tsp	1.64	296477	296477	4358
gil262.tsp	1.64	296477	296477	4711
gil262.tsp	1.64	296477	296477	5025
gil262.tsp	1.64	296477	296477	4997
kroA100.tsp	0.75	296477	296477	33158
kroA100.tsp	0.73	296477	296477	29787
kroA100.tsp	0.76	296477	296477	32792
kroA100.tsp	0.76	296477	296477	34803
kroA100.tsp	0.76	296477	296477	35544
kroA100.tsp	0.74	296477	296477	33664
kroA100.tsp	0.74	296477	296477	32207
kroA100.tsp	0.75	296477	296477	33581
kroA100.tsp	0.74	296477	296477	34253
kroA100.tsp	0.74	296477	296477	32521
kroA150.tsp	1.03	296477	296477	44739
kroA150.tsp	1.02	296477	296477	47147
kroA150.tsp	1.03	296477	296477	50143
kroA150.tsp	1.02	296477	296477	44810
kroA150.tsp	1.03	296477	296477	48683
kroA150.tsp	1.02	296477	296477	52743
kroA150.tsp	1.02	296477	296477	42238
kroA150.tsp	1.04	296477	296477	39479
kroA150.tsp	1.03	296477	296477	38667
kroA150.tsp	1.03	296477	296477	43593
kroA200.tsp	1.30	296477	296477	57587
kroA200.tsp	1.30	296477	296477	57189
kroA200.tsp	1.30	296477	296477	54953
kroA200.tsp	1.31	296477	296477	58797
kroA200.tsp	1.30	296477	296477	58042
kroA200.tsp	1.30	296477	296477	61049
kroA200.tsp	1.30	296477	296477	52599
kroA200.tsp	1.32	296477	296477	61825
kroA200.tsp	1.30	296477	296477	56237
kroA200.tsp	1.30	296477	296477	54577
kroB100.tsp	0.74	296477	296477	27984
kroB100.tsp	0.74	296477	296477	32115
kroB100.tsp	0.75	296477	296477	33353
kroB100.tsp	0.74	296477	296477	35064
kroB100.tsp	0.76	296477	296477	37941
kroB100.tsp	0.74	296477	296477	34560
kroB100.tsp	0.74	296477	296477	31147
kroB100.tsp	0.75	296477	296477	29567
kroB100.tsp	0.74	296477	296477	34253
kroB100.tsp	0.74	296477	296477	33668
kroB150.tsp	1.03	296477	296477	48400
kroB150.tsp	1.04	296477	296477	43273
kroB150.tsp	1.03	296477	296477	52085
kroB150.tsp	1.03	296477	296477	45250
kroB150.tsp	1.03	296477	296477	43168
kroB150.tsp	1.03	296477	296477	50052
kroB150.tsp	1.03	296477	296477	51425
kroB150.tsp	1.03	296477	296477	41354
kroB150.tsp	1.03	296477	296477	40985
kroB150.tsp	1.02	296477	296477	44215
kroB200.tsp	1.30	296477	296477	62796
kroB200.tsp	1.30	296477	296477	58604
kroB200.tsp	1.30	296477	296477	55233
kroB200.tsp	1.31	296477	296477	57447
kroB200.tsp	1.30	296477	296477	59854
kroB200.tsp	1.30	296477	296477	55697
kroB200.tsp	1.31	296477	296477	56010
kroB200.tsp	1.32	296477	296477	53360
kroB200.tsp	1.30	296477	296477	59197
kroB200.tsp	1.30	296477	296477	53343
kroC100.tsp	0.74	296477	296477	31846
kroC100.tsp	0.75	296477	296477	34141
kroC100.tsp	0.75	296477	296477	31095
kroC100.tsp	0.75	296477	296477	31797
kroC100.tsp	0.74	296477	296477	32576
kroC100.tsp	0.76	296477	296477	33811
kroC100.tsp	0.74	296477	296477	33258
kroC100.tsp	0.74	296477	296477	33416
kroC100.tsp	0.75	296477	296477	32222
kroC100.tsp	0.73	296477	296477	32875
kroD100.tsp	0.75	296477	296477	33925
kroD100.tsp	0.74	296477	296477	28882
kroD100.tsp	0.74	296477	296477	31999
kroD100.tsp	0.74	296477	296477	35293
kroD100.tsp	0.74	296477	296477	34149
kroD100.tsp	0.76	296477	296477	33381
kroD100.tsp	0.74	296477	296477	32399
kroD100.tsp	0.74	296477	296477	28287
kroD100.tsp	0.75	296477	296477	29619
kroD100.tsp	0.75	296477	296477	33117
kroE100.tsp	0.75	296477	296477	34545
kroE100.tsp	0.74	296477	296477	32886
kroE100.tsp	0.73	296477	296477	36930
kroE100.tsp	0.75	296477	296477	36696
kroE100.tsp	0.75	296477	296477	33164
kroE100.tsp	0.75	296477	296477	32089
kroE100.tsp	0.75	296477	296477	31865
kroE100.tsp	0.75	296477	296477	35419
kroE100.tsp	0.75	296477	296477	30249
kroE100.tsp	0.74	296477	296477	32936
lin105.tsp	0.76	296477	296477	24786
lin105.tsp	0.77	296477	296477	23739
lin105.tsp	0.76	296477	296477	24873
lin105.tsp	0.77	296477	296477	26947
lin105.tsp	0.78	296477	296477	20941
lin105.tsp	0.76	296477	296477	22922
lin105.tsp	0.77	296477	296477	21857
lin105.tsp	0.77	296477	296477	21306
lin105.tsp	0.76	296477	296477	23722
lin105.tsp	0.77	296477	296477	20857
lin318.tsp	1.95	296477	296477	107895
lin318.tsp	1.96	296477	296477	107936
lin318.tsp	1.95	296477	296477	107942
lin318.tsp	1.95	296477	296477	109552
lin318.tsp	1.96	296477	296477	104591
lin318.tsp	1.95	296477	296477	102812
lin318.tsp	1.95	296477	296477	103421
lin318.tsp	1.95	296477	296477	108535
lin318.tsp	1.95	296477	296477	104840
lin318.tsp	1.96	296477	296477	104661
linhp318.tsp	1.95	296477	296477	111035
linhp318.tsp	1.95	296477	296477	108596
linhp318.tsp	1.95	296477	296477	106812
linhp318.tsp	1.95	296477	296477	103932
linhp318.tsp	1.96	296477	296477	109470
linhp318.tsp	1.96	296477	296477	111462
linhp318.tsp	1.95	296477	296477	107462
linhp318.tsp	1.95	296477	296477	100549
linhp318.tsp	1.95	296477	296477	100371
linhp318.tsp	1.95	296477	296477	102313
pr107.tsp	0.78	296477	296477	89254
pr107.tsp	0.78	296477	296477	80469
pr107.tsp	0.78	296477	296477	58876
pr107.tsp	0.78	296477	296477	82792
pr107.tsp	0.78	296477	296477	90703
pr107.tsp	0.78	296477	296477	83119
pr107.tsp	0.78	296477	296477	85396
pr107.tsp	0.77	296477	296477	74083
pr107.tsp	0.78	296477	296477	90620
pr107.tsp	0.78	296477	296477	104338
pr124.tsp	0.88	296477	296477	108549
pr124.tsp	0.87	296477	296477	122451
pr124.tsp	0.87	296477	296477	125911
pr124.tsp	0.87	296477	296477	94255
pr124.tsp	0.87	296477	296477	123159
pr124.tsp	0.87	296477	296477	100842
pr124.tsp	0.87	296477	296477	104889
pr124.tsp	0.87	296477	296477	125237
pr124.tsp	0.87	296477	296477	114039
pr124.tsp	0.88	296477	296477	129940
pr136.tsp	1.42	296477	296477	149596
pr136.tsp	0.95	296477	296477	150412
pr136.tsp	0.96	296477	296477	156880
pr136.tsp	0.94	296477	296477	140734
pr136.tsp	0.95	296477	296477	168798
pr136.tsp	0.95	296477	296477	151517
pr136.tsp	0.95	296477	296477	145971
pr136.tsp	0.94	296477	296477	158552
pr136.tsp	0.95	296477	296477	154234
pr136.tsp	0.95	296477	296477	148576
pr144.tsp	0.99	296477	296477	132714
pr144.tsp	0.99	296477	296477	141748
pr144.tsp	1.00	296477	296477	133847
pr144.tsp	0.99	296477	296477	148744
pr144.tsp	1.00	296477	296477	133426
pr144.tsp	1.00	296477	296477	122999
pr144.tsp	0.99	296477	296477	132096
pr144.tsp	0.99	296477	296477	152761
pr144.tsp	0.99	296477	296477	140781
pr144.tsp	0.99	296477	296477	151408
pr152.tsp	1.04	296477	296477	186300
pr152.tsp	1.04	296477	296477	199632
pr152.tsp	1.05	296477	296477	202686
pr152.tsp	1.04	296477	296477	188436
pr152.tsp	1.05	296477	296477	200662
pr152.tsp	1.04	296477	296477	204771
pr152.tsp	1.04	296477	296477	220499
pr152.tsp	1.03	296477	296477	187932
pr152.tsp	1.03	296477	296477	176663
pr152.tsp	1.04	296477	296477	184614
pr226.tsp	1.45	296477	296477	276671
pr226.tsp	1.44	296477	296477	302537
pr226.tsp	1.58	296477	296477	252217
pr226.tsp	1.44	296477	296477	294999
pr226.tsp	1.45	296477	296477	237756
pr226.tsp	1.44	296477	296477	276466
pr226.tsp	1.85	296477	296477	289492
pr226.tsp	1.45	296477	296477	283285
pr226.tsp	1.44	296477	296477	272697
pr226.tsp	1.45	296477	296477	294884
pr264.tsp	1.64	296477	296477	160943
pr264.tsp	1.64	296477	296477	151467
pr264.tsp	1.64	296477	296477	177059
pr264.tsp	1.64	296477	296477	197060
pr264.tsp	1.64	296477	296477	155148
pr264.tsp	1.64	296477	296477	175334
pr264.tsp	1.64	296477	296477	159643
pr264.tsp	1.64	296477	296477	149424
pr264.tsp	1.64	296477	296477	164408
pr264.tsp	1.64	296477	296477	170112
pr299.tsp	1.85	296477	296477	144241
pr299.tsp	1.84	296477	296477	111209
pr299.tsp	1.84	296477	296477	106092
pr299.tsp	1.84	296477	296477	122089
pr299.tsp	1.84	296477	296477	114221
pr299.tsp	1.84	296477	296477	128198
pr299.tsp	1.84	296477	296477	111789
pr299.tsp	1.84	296477	296477	114968
pr299.tsp	1.84	296477	296477	130483
pr299.tsp	1.84	296477	296477	127980
pr439.tsp	2.67	296477	296477	358378
pr439.tsp	2.67	296477	296477	337797
pr439.tsp	2.68	296477	296477	340785
pr439.tsp	2.68	296477	296477	354144
pr439.tsp	2.68	296477	296477	346440
pr439.tsp	2.67	296477	296477	353500
pr439.tsp	2.68	296477	296477	336234
pr439.tsp	2.68	296477	296477	358644
pr439.tsp	2.67	296477	296477	383841
pr439.tsp	2.68	296477	296477	335725
pr76.tsp	0.61	296477	296477	126798
pr76.tsp	0.61	296477	296477	136586
pr76.tsp	0.61	296477	296477	146259
pr76.tsp	0.60	296477	296477	137095
pr76.tsp	0.62	296477	296477	139490
pr76.tsp	0.61	296477	296477	145482
pr76.tsp	0.62	296477	296477	136603
pr76.tsp	0.61	296477	296477	136187
pr76.tsp	0.62	296477	296477	138255
pr76.tsp	0.61	296477	296477	140270
rat575.tsp	3.71	296477	296477	20511
rat575.tsp	3.69	296477	296477	21261
rat575.tsp	3.68	296477	296477	20634
rat575.tsp	3.70	296477	296477	20981
rat575.tsp	3.68	296477	296477	21425
rat575.tsp	3.67	296477	296477	21108
rat575.tsp	3.69	296477	296477	20408
rat575.tsp	3.68	296477	296477	20284
rat575.tsp	3.69	296477	296477	21772
rat575.tsp	3.67	296477	296477	21013
rat783.tsp	6.37	296477	296477	33995
rat783.tsp	5.12	296477	296477	35246
rat783.tsp	5.14	296477	296477	33180
rat783.tsp	7.02	296477	296477	34921
rat783.tsp	5.15	296477	296477	32811
rat783.tsp	5.13	296477	296477	34920
rat783.tsp	5.15	296477	296477	35368
rat783.tsp	5.16	296477	296477	34529
rat783.tsp	5.15	296477	296477	32896
rat783.tsp	5.15	296477	296477	34440
rat99.tsp	0.75	296477	296477	1661
rat99.tsp	0.74	296477	296477	1709
rat99.tsp	0.74	296477	296477	1686
rat99.tsp	0.74	296477	296477	1796
rat99.tsp	0.74	296477	296477	1691
rat99.tsp	0.75	296477	296477	1553
rat99.tsp	0.74	296477	296477	1667
rat99.tsp	0.74	296477	296477	1632
rat99.tsp	0.75	296477	296477	1446
rat99.tsp	0.74	296477	296477	1671
