a280.tsp	2.33	395306	395306	5616
a280.tsp	2.33	395306	395306	5265
a280.tsp	2.33	395306	395306	6064
a280.tsp	2.33	395306	395306	5539
a280.tsp	2.33	395306	395306	5524
a280.tsp	2.32	395306	395306	5720
a280.tsp	2.32	395306	395306	5327
a280.tsp	2.33	395306	395306	5839
a280.tsp	2.33	395306	395306	5306
a280.tsp	2.32	395306	395306	6132
berlin52.tsp	0.65	395306	395306	8439
berlin52.tsp	0.65	395306	395306	8978
berlin52.tsp	0.66	395306	395306	8364
berlin52.tsp	0.65	395306	395306	8836
berlin52.tsp	0.65	395306	395306	8418
berlin52.tsp	0.64	395306	395306	8508
berlin52.tsp	0.65	395306	395306	8767
berlin52.tsp	0.66	395306	395306	8292
berlin52.tsp	0.64	395306	395306	9195
berlin52.tsp	0.65	395306	395306	8888
bier127.tsp	1.20	395306	395306	157407
bier127.tsp	1.21	395306	395306	150555
bier127.tsp	1.19	395306	395306	167189
bier127.tsp	1.20	395306	395306	158362
bier127.tsp	1.20	395306	395306	155583
bier127.tsp	1.21	395306	395306	161967
bier127.tsp	1.21	395306	395306	158214
bier127.tsp	1.21	395306	395306	159921
bier127.tsp	1.20	395306	395306	174166
bier127.tsp	1.20	395306	395306	159378
eil101.tsp	1.01	395306	395306	830
eil101.tsp	1.01	395306	395306	788
eil101.tsp	1.01	395306	395306	776
eil101.tsp	1.00	395306	395306	771
eil101.tsp	1.01	395306	395306	720
eil101.tsp	1.01	395306	395306	862
eil101.tsp	1.00	395306	395306	830
eil101.tsp	1.01	395306	395306	713
eil101.tsp	1.22	395306	395306	778
eil101.tsp	1.01	395306	395306	739
eil51.tsp	0.65	395306	395306	486
eil51.tsp	0.64	395306	395306	478
eil51.tsp	0.65	395306	395306	487
eil51.tsp	0.64	395306	395306	439
eil51.tsp	0.66	395306	395306	517
eil51.tsp	0.65	395306	395306	475
eil51.tsp	0.64	395306	395306	444
eil51.tsp	0.64	395306	395306	473
eil51.tsp	0.64	395306	395306	441
eil51.tsp	0.65	395306	395306	451
eil76.tsp	0.83	395306	395306	637
eil76.tsp	0.83	395306	395306	619
eil76.tsp	0.82	395306	395306	609
eil76.tsp	0.82	395306	395306	648
eil76.tsp	0.83	395306	395306	603
eil76.tsp	0.83	395306	395306	622
eil76.tsp	0.83	395306	395306	622
eil76.tsp	0.83	395306	395306	626
eil76.tsp	0.83	395306	395306	632
eil76.tsp	0.83	395306	395306	619
gil262.tsp	2.20	395306	395306	4658
gil262.tsp	2.19	395306	395306	4474
gil262.tsp	2.18	395306	395306	4225
gil262.tsp	2.18	395306	395306	4460
gil262.tsp	2.25	395306	395306	4980
gil262.tsp	2.19	395306	395306	4834
gil262.tsp	2.19	395306	395306	4676
gil262.tsp	2.18	395306	395306	4866
gil262.tsp	2.18	395306	395306	4655
gil262.tsp	2.19	395306	395306	4649
kroA100.tsp	0.98	395306	395306	36699
kroA100.tsp	1.10	395306	395306	29543
kroA100.tsp	1.01	395306	395306	37454
kroA100.tsp	1.01	395306	395306	32652
kroA100.tsp	1.00	395306	395306	34288
kroA100.tsp	0.99	395306	395306	30437
kroA100.tsp	1.01	395306	395306	31363
kroA100.tsp	1.00	395306	395306	30454
kroA100.tsp	0.98	395306	395306	33468
kroA100.tsp	1.01	395306	395306	29693
kroA150.tsp	1.36	395306	395306	39220
kroA150.tsp	1.36	395306	395306	41280
kroA150.tsp	1.37	395306	395306	45892
kroA150.tsp	1.38	395306	395306	42189
kroA150.tsp	1.36	395306	395306	41907
kroA150.tsp	1.36	395306	395306	42927
kroA150.tsp	1.38	395306	395306	42090
kroA150.tsp	1.38	395306	395306	43318
kroA150.tsp	1.37	395306	395306	43622
kroA150.tsp	1.36	395306	395306	41249
kroA200.tsp	1.74	395306	395306	51505
kroA200.tsp	1.74	395306	395306	59350
kroA200.tsp	1.73	395306	395306	57585
kroA200.tsp	1.75	395306	395306	53504
kroA200.tsp	1.75	395306	395306	57890
kroA200.tsp	1.74	395306	395306	57173
kroA200.tsp	1.73	395306	395306	61067
kroA200.tsp	1.73	395306	395306	59025
kroA200.tsp	1.72	395306	395306	57016
kroA200.tsp	1.74	395306	395306	60374
kroB100.tsp	0.99	395306	395306	33150
kroB100.tsp	0.98	395306	395306	32745
kroB100.tsp	1.00	395306	395306	31989
kroB100.tsp	1.00	395306	395306	31936
kroB100.tsp	0.99	395306	395306	32007
kroB100.tsp	0.99	395306	395306	35929
kroB100.tsp	0.98	395306	395306	30022
kroB100.tsp	1.00	395306	395306	30529
kroB100.tsp	1.00	395306	395306	32845
kroB100.tsp	0.98	395306	395306	31846
kroB150.tsp	1.37	395306	395306	42773
kroB150.tsp	1.37	395306	395306	45012
kroB150.tsp	1.36	395306	395306	41133
kroB150.tsp	1.38	395306	395306	45861
kroB150.tsp	1.37	395306	395306	44615
kroB150.tsp	1.36	395306	395306	45397
kroB150.tsp	1.37	395306	395306	46384
kroB150.tsp	1.37	395306	395306	42212
kroB150.tsp	1.37	395306	395306	47196
kroB150.tsp	1.36	395306	395306	48047
kroB200.tsp	1.74	395306	395306	56150
kroB200.tsp	1.74	395306	395306	56170
kroB200.tsp	1.74	395306	395306	49310
kroB200.tsp	1.74	395306	395306	56006
kroB200.tsp	1.74	395306	395306	54678
kroB200.tsp	1.74	395306	395306	52842
kroB200.tsp	1.74	395306	395306	50080
kroB200.tsp	1.74	395306	395306	51024
kroB200.tsp	1.75	395306	395306	55832
kroB200.tsp	1.73	395306	395306	53440
kroC100.tsp	1.01	395306	395306	34394
kroC100.tsp	0.98	395306	395306	31539
kroC100.tsp	1.01	395306	395306	27935
kroC100.tsp	0.99	395306	395306	31082
kroC100.tsp	1.01	395306	395306	28726
kroC100.tsp	0.98	395306	395306	31817
kroC100.tsp	0.98	395306	395306	27880
kroC100.tsp	0.99	395306	395306	35204
kroC100.tsp	1.00	395306	395306	31452
kroC100.tsp	1.00	395306	395306	33094
kroD100.tsp	1.12	395306	395306	30925
kroD100.tsp	0.98	395306	395306	34643
kroD100.tsp	0.98	395306	395306	29126
kroD100.tsp	0.99	395306	395306	33666
kroD100.tsp	1.00	395306	395306	29367
kroD100.tsp	1.01	395306	395306	31330
kroD100.tsp	1.00	395306	395306	31926
kroD100.tsp	0.99	395306	395306	33091
kroD100.tsp	1.00	395306	395306	31472
kroD100.tsp	1.00	395306	395306	27281
kroE100.tsp	0.98	395306	395306	29779
kroE100.tsp	0.98	395306	395306	30049
kroE100.tsp	0.98	395306	395306	30528
kroE100.tsp	1.00	395306	395306	32696
kroE100.tsp	1.00	395306	395306	33141
kroE100.tsp	1.02	395306	395306	30104
kroE100.tsp	1.00	395306	395306	29605
kroE100.tsp	0.98	395306	395306	30855
kroE100.tsp	1.00	395306	395306	33953
kroE100.tsp	1.00	395306	395306	30338
lin105.tsp	1.02	395306	395306	18115
lin105.tsp	1.03	395306	395306	21862
lin105.tsp	1.02	395306	395306	22863
lin105.tsp	1.03	395306	395306	19931
lin105.tsp	1.04	395306	395306	21565
lin105.tsp	1.02	395306	395306	20266
lin105.tsp	1.01	395306	395306	21323
lin105.tsp	1.03	395306	395306	22357
lin105.tsp	1.02	395306	395306	24690
lin105.tsp	1.02	395306	395306	22225
lin318.tsp	2.60	395306	395306	108107
lin318.tsp	2.60	395306	395306	96172
lin318.tsp	2.60	395306	395306	106435
lin318.tsp	2.60	395306	395306	96185
lin318.tsp	2.60	395306	395306	102981
lin318.tsp	2.60	395306	395306	106726
lin318.tsp	2.61	395306	395306	100668
lin318.tsp	2.60	395306	395306	98162
lin318.tsp	2.60	395306	395306	95442
lin318.tsp	2.60	395306	395306	97447
linhp318.tsp	2.60	395306	395306	99607
linhp318.tsp	2.60	395306	395306	101952
linhp318.tsp	2.60	395306	395306	97606
linhp318.tsp	2.60	395306	395306	105364
linhp318.tsp	2.61	395306	395306	98269
linhp318.tsp	2.60	395306	395306	107320
linhp318.tsp	2.60	395306	395306	96395
linhp318.tsp	2.60	395306	395306	98579
linhp318.tsp	2.60	395306	395306	102527
linhp318.tsp	2.60	395306	395306	109952
pr107.tsp	1.03	395306	395306	84710
pr107.tsp	1.04	395306	395306	72990
pr107.tsp	1.04	395306	395306	73797
pr107.tsp	1.04	395306	395306	81905
pr107.tsp	1.04	395306	395306	94860
pr107.tsp	1.04	395306	395306	60374
pr107.tsp	1.04	395306	395306	70660
pr107.tsp	1.04	395306	395306	68083
pr107.tsp	1.04	395306	395306	99193
pr107.tsp	1.04	395306	395306	87309
pr124.tsp	1.16	395306	395306	119467
pr124.tsp	1.16	395306	395306	108506
pr124.tsp	1.16	395306	395306	113203
pr124.tsp	1.16	395306	395306	133372
pr124.tsp	1.16	395306	395306	117828
pr124.tsp	1.16	395306	395306	130356
pr124.tsp	1.16	395306	395306	108248
pr124.tsp	1.17	395306	395306	103478
pr124.tsp	1.16	395306	395306	103432
pr124.tsp	1.16	395306	395306	116916
pr136.tsp	1.26	395306	395306	164788
pr136.tsp	1.26	395306	395306	167884
pr136.tsp	1.27	395306	395306	165805
pr136.tsp	1.27	395306	395306	153078
pr136.tsp	1.27	395306	395306	148153
pr136.tsp	1.27	395306	395306	145419
pr136.tsp	1.26	395306	395306	140803
pr136.tsp	1.26	395306	395306	148539
pr136.tsp	1.27	395306	395306	158883
pr136.tsp	1.28	395306	395306	148871
pr144.tsp	1.33	395306	395306	131789
pr144.tsp	1.34	395306	395306	148047
pr144.tsp	1.33	395306	395306	143663
pr144.tsp	1.32	395306	395306	141108
pr144.tsp	1.34	395306	395306	141833
pr144.tsp	1.33	395306	395306	164318
pr144.tsp	1.32	395306	395306	136211
pr144.tsp	1.33	395306	395306	138753
pr144.tsp	1.32	395306	395306	151054
pr144.tsp	1.32	395306	395306	138691
pr152.tsp	1.38	395306	395306	169710
pr152.tsp	1.38	395306	395306	196472
pr152.tsp	1.39	395306	395306	158840
pr152.tsp	1.37	395306	395306	180584
pr152.tsp	1.38	395306	395306	175750
pr152.tsp	1.38	395306	395306	186891
pr152.tsp	1.38	395306	395306	170544
pr152.tsp	1.39	395306	395306	181927
pr152.tsp	1.37	395306	395306	188477
pr152.tsp	1.39	395306	395306	141314
pr226.tsp	1.93	395306	395306	275240
pr226.tsp	1.92	395306	395306	269303
pr226.tsp	1.93	395306	395306	238995
pr226.tsp	1.93	395306	395306	225003
pr226.tsp	1.92	395306	395306	244622
pr226.tsp	1.94	395306	395306	247099
pr226.tsp	1.92	395306	395306	298515
pr226.tsp	1.92	395306	395306	234639
pr226.tsp	1.93	395306	395306	240474
pr226.tsp	1.94	395306	395306	247192
pr264.tsp	2.19	395306	395306	163037
pr264.tsp	2.19	395306	395306	157297
pr264.tsp	2.20	395306	395306	150343
pr264.tsp	2.18	395306	395306	174412
pr264.tsp	2.18	395306	395306	135168
pr264.tsp	2.18	395306	395306	164157
pr264.tsp	2.19	395306	395306	170779
pr264.tsp	2.18	395306	395306	170141
pr264.tsp	2.18	395306	395306	141648
pr264.tsp	2.18	395306	395306	162633
pr299.tsp	2.45	395306	395306	124835
pr299.tsp	2.45	395306	395306	124670
pr299.tsp	2.45	395306	395306	120350
pr299.tsp	2.46	395306	395306	104249
pr299.tsp	2.45	395306	395306	114699
pr299.tsp	2.46	395306	395306	113798
pr299.tsp	2.45	395306	395306	115944
pr299.tsp	2.46	395306	395306	112912
pr299.tsp	2.46	395306	395306	109529
pr299.tsp	2.45	395306	395306	107863
pr439.tsp	3.57	395306	395306	334350
pr439.tsp	3.57	395306	395306	318531
pr439.tsp	3.58	395306	395306	297542
pr439.tsp	4.56	395306	395306	327319
pr439.tsp	3.56	395306	395306	327580
pr439.tsp	4.62	395306	395306	312154
pr439.tsp	3.56	395306	395306	356450
pr439.tsp	3.55	395306	395306	332419
pr439.tsp	3.57	395306	395306	312901
pr439.tsp	3.56	395306	395306	335264
pr76.tsp	0.80	395306	395306	145022
pr76.tsp	0.83	395306	395306	143296
pr76.tsp	0.82	395306	395306	145216
pr76.tsp	0.82	395306	395306	138843
pr76.tsp	0.81	395306	395306	130260
pr76.tsp	0.83	395306	395306	131854
pr76.tsp	0.83	395306	395306	147289
pr76.tsp	0.81	395306	395306	131136
pr76.tsp	0.82	395306	395306	138181
pr76.tsp	0.81	395306	395306	142713
rat575.tsp	4.94	395306	395306	19489
rat575.tsp	4.91	395306	395306	19521
rat575.tsp	4.91	395306	395306	20166
rat575.tsp	4.91	395306	395306	18370
rat575.tsp	4.92	395306	395306	19077
rat575.tsp	4.91	395306	395306	18886
rat575.tsp	4.92	395306	395306	20150
rat575.tsp	4.93	395306	395306	20593
rat575.tsp	4.92	395306	395306	20495
rat575.tsp	4.91	395306	395306	20811
rat783.tsp	6.97	395306	395306	33525
rat783.tsp	6.95	395306	395306	31967
rat783.tsp	6.90	395306	395306	32738
rat783.tsp	6.87	395306	395306	32906
rat783.tsp	6.84	395306	395306	33378
rat783.tsp	6.87	395306	395306	30679
rat783.tsp	6.86	395306	395306	31957
rat783.tsp	6.88	395306	395306	31532
rat783.tsp	6.87	395306	395306	31610
rat783.tsp	6.90	395306	395306	31706
rat99.tsp	0.99	395306	395306	1620
rat99.tsp	0.99	395306	395306	1516
rat99.tsp	1.00	395306	395306	1546
rat99.tsp	0.98	395306	395306	1515
rat99.tsp	1.00	395306	395306	1594
rat99.tsp	1.01	395306	395306	1567
rat99.tsp	1.00	395306	395306	1639
rat99.tsp	1.00	395306	395306	1650
rat99.tsp	1.00	395306	395306	1447
rat99.tsp	1.00	395306	395306	1661
