a280.tsp	1.64	260204	260204	5772
a280.tsp	1.60	260204	260204	5982
a280.tsp	1.54	260204	260204	6010
a280.tsp	1.54	260204	260204	6047
a280.tsp	1.54	260204	260204	6504
a280.tsp	1.54	260204	260204	5446
a280.tsp	1.54	260204	260204	5868
a280.tsp	1.60	260204	260204	6183
a280.tsp	1.58	260204	260204	5576
a280.tsp	1.55	260204	260204	6168
berlin52.tsp	0.43	260204	260204	8368
berlin52.tsp	0.43	260204	260204	8563
berlin52.tsp	0.43	260204	260204	8683
berlin52.tsp	0.45	260204	260204	8664
berlin52.tsp	0.42	260204	260204	8578
berlin52.tsp	0.43	260204	260204	9002
berlin52.tsp	0.42	260204	260204	9219
berlin52.tsp	0.44	260204	260204	9980
berlin52.tsp	0.44	260204	260204	8661
berlin52.tsp	0.44	260204	260204	8845
bier127.tsp	0.82	260204	260204	158341
bier127.tsp	0.79	260204	260204	165578
bier127.tsp	0.80	260204	260204	163517
bier127.tsp	0.80	260204	260204	179055
bier127.tsp	0.79	260204	260204	160401
bier127.tsp	0.80	260204	260204	167951
bier127.tsp	0.80	260204	260204	173299
bier127.tsp	0.80	260204	260204	168902
bier127.tsp	0.80	260204	260204	176169
bier127.tsp	0.80	260204	260204	159864
eil101.tsp	0.67	260204	260204	835
eil101.tsp	0.69	260204	260204	826
eil101.tsp	0.68	260204	260204	783
eil101.tsp	0.66	260204	260204	840
eil101.tsp	0.67	260204	260204	817
eil101.tsp	0.75	260204	260204	803
eil101.tsp	0.66	260204	260204	794
eil101.tsp	0.66	260204	260204	799
eil101.tsp	0.66	260204	260204	854
eil101.tsp	0.66	260204	260204	842
eil51.tsp	0.45	260204	260204	469
eil51.tsp	0.43	260204	260204	496
eil51.tsp	0.44	260204	260204	483
eil51.tsp	0.45	260204	260204	459
eil51.tsp	0.43	260204	260204	452
eil51.tsp	0.43	260204	260204	482
eil51.tsp	0.43	260204	260204	514
eil51.tsp	0.42	260204	260204	478
eil51.tsp	0.43	260204	260204	465
eil51.tsp	0.43	260204	260204	467
eil76.tsp	0.44	260204	260204	696
eil76.tsp	0.54	260204	260204	702
eil76.tsp	0.57	260204	260204	622
eil76.tsp	0.55	260204	260204	595
eil76.tsp	0.54	260204	260204	705
eil76.tsp	0.55	260204	260204	718
eil76.tsp	0.55	260204	260204	690
eil76.tsp	0.57	260204	260204	626
eil76.tsp	0.54	260204	260204	641
eil76.tsp	0.55	260204	260204	627
gil262.tsp	1.44	260204	260204	5141
gil262.tsp	1.45	260204	260204	5071
gil262.tsp	1.45	260204	260204	4981
gil262.tsp	1.47	260204	260204	5251
gil262.tsp	1.45	260204	260204	5043
gil262.tsp	1.44	260204	260204	4566
gil262.tsp	1.44	260204	260204	4893
gil262.tsp	1.44	260204	260204	5009
gil262.tsp	1.44	260204	260204	4953
gil262.tsp	1.44	260204	260204	5127
kroA100.tsp	0.67	260204	260204	32734
kroA100.tsp	0.85	260204	260204	33398
kroA100.tsp	0.66	260204	260204	38731
kroA100.tsp	0.65	260204	260204	32786
kroA100.tsp	0.66	260204	260204	35872
kroA100.tsp	0.67	260204	260204	32231
kroA100.tsp	0.68	260204	260204	31032
kroA100.tsp	0.66	260204	260204	33217
kroA100.tsp	0.66	260204	260204	37146
kroA100.tsp	0.64	260204	260204	34466
kroA150.tsp	0.91	260204	260204	44890
kroA150.tsp	0.91	260204	260204	49214
kroA150.tsp	0.91	260204	260204	43588
kroA150.tsp	0.93	260204	260204	41545
kroA150.tsp	0.94	260204	260204	46557
kroA150.tsp	0.90	260204	260204	52146
kroA150.tsp	0.91	260204	260204	44266
kroA150.tsp	0.90	260204	260204	51142
kroA150.tsp	0.91	260204	260204	45620
kroA150.tsp	0.91	260204	260204	44714
kroA200.tsp	1.14	260204	260204	59928
kroA200.tsp	1.19	260204	260204	56369
kroA200.tsp	1.15	260204	260204	60174
kroA200.tsp	1.17	260204	260204	59829
kroA200.tsp	1.17	260204	260204	58968
kroA200.tsp	1.14	260204	260204	55993
kroA200.tsp	1.14	260204	260204	57004
kroA200.tsp	1.15	260204	260204	55243
kroA200.tsp	1.15	260204	260204	58993
kroA200.tsp	1.18	260204	260204	58677
kroB100.tsp	0.67	260204	260204	32165
kroB100.tsp	0.68	260204	260204	33357
kroB100.tsp	0.68	260204	260204	33829
kroB100.tsp	0.67	260204	260204	32599
kroB100.tsp	0.66	260204	260204	32585
kroB100.tsp	0.66	260204	260204	33903
kroB100.tsp	0.68	260204	260204	33893
kroB100.tsp	0.65	260204	260204	34465
kroB100.tsp	0.67	260204	260204	34379
kroB100.tsp	0.65	260204	260204	31621
kroB150.tsp	0.93	260204	260204	46680
kroB150.tsp	0.94	260204	260204	44388
kroB150.tsp	0.90	260204	260204	45226
kroB150.tsp	0.90	260204	260204	45843
kroB150.tsp	0.90	260204	260204	46733
kroB150.tsp	0.90	260204	260204	45818
kroB150.tsp	0.90	260204	260204	44532
kroB150.tsp	0.91	260204	260204	44422
kroB150.tsp	0.91	260204	260204	46051
kroB150.tsp	0.90	260204	260204	48138
kroB200.tsp	1.14	260204	260204	56249
kroB200.tsp	1.15	260204	260204	62631
kroB200.tsp	1.15	260204	260204	59040
kroB200.tsp	1.15	260204	260204	54237
kroB200.tsp	1.15	260204	260204	59688
kroB200.tsp	1.14	260204	260204	59244
kroB200.tsp	1.15	260204	260204	55416
kroB200.tsp	1.15	260204	260204	56623
kroB200.tsp	1.15	260204	260204	53360
kroB200.tsp	1.15	260204	260204	55106
kroC100.tsp	0.67	260204	260204	36642
kroC100.tsp	0.66	260204	260204	33488
kroC100.tsp	0.65	260204	260204	33393
kroC100.tsp	0.68	260204	260204	36593
kroC100.tsp	0.65	260204	260204	35144
kroC100.tsp	0.68	260204	260204	35808
kroC100.tsp	0.69	260204	260204	33028
kroC100.tsp	0.68	260204	260204	36881
kroC100.tsp	0.68	260204	260204	36122
kroC100.tsp	0.67	260204	260204	33813
kroD100.tsp	0.67	260204	260204	31046
kroD100.tsp	0.68	260204	260204	35331
kroD100.tsp	0.65	260204	260204	30761
kroD100.tsp	0.66	260204	260204	33847
kroD100.tsp	0.65	260204	260204	31285
kroD100.tsp	0.65	260204	260204	31102
kroD100.tsp	0.66	260204	260204	32962
kroD100.tsp	0.68	260204	260204	33456
kroD100.tsp	0.66	260204	260204	31657
kroD100.tsp	0.65	260204	260204	37841
kroE100.tsp	0.68	260204	260204	34040
kroE100.tsp	0.65	260204	260204	34568
kroE100.tsp	0.65	260204	260204	30859
kroE100.tsp	0.65	260204	260204	32271
kroE100.tsp	0.65	260204	260204	32403
kroE100.tsp	0.66	260204	260204	35628
kroE100.tsp	0.67	260204	260204	32360
kroE100.tsp	0.66	260204	260204	28852
kroE100.tsp	0.67	260204	260204	31675
kroE100.tsp	0.66	260204	260204	32717
lin105.tsp	0.67	260204	260204	23749
lin105.tsp	0.67	260204	260204	22355
lin105.tsp	0.70	260204	260204	26408
lin105.tsp	0.68	260204	260204	25727
lin105.tsp	0.68	260204	260204	27899
lin105.tsp	0.66	260204	260204	22204
lin105.tsp	0.68	260204	260204	23176
lin105.tsp	0.68	260204	260204	21611
lin105.tsp	0.68	260204	260204	23623
lin105.tsp	0.67	260204	260204	24884
lin318.tsp	1.72	260204	260204	100200
lin318.tsp	1.72	260204	260204	116936
lin318.tsp	1.73	260204	260204	113669
lin318.tsp	1.78	260204	260204	111465
lin318.tsp	1.72	260204	260204	111952
lin318.tsp	1.72	260204	260204	110676
lin318.tsp	1.72	260204	260204	100683
lin318.tsp	1.72	260204	260204	110367
lin318.tsp	1.72	260204	260204	102715
lin318.tsp	1.75	260204	260204	107220
linhp318.tsp	1.72	260204	260204	111946
linhp318.tsp	1.72	260204	260204	110273
linhp318.tsp	1.72	260204	260204	116541
linhp318.tsp	1.72	260204	260204	103991
linhp318.tsp	1.72	260204	260204	116220
linhp318.tsp	1.70	260204	260204	111869
linhp318.tsp	1.72	260204	260204	114706
linhp318.tsp	1.72	260204	260204	107062
linhp318.tsp	1.72	260204	260204	108446
linhp318.tsp	1.72	260204	260204	109267
pr107.tsp	0.69	260204	260204	83943
pr107.tsp	0.68	260204	260204	101953
pr107.tsp	0.68	260204	260204	100748
pr107.tsp	0.69	260204	260204	95068
pr107.tsp	0.68	260204	260204	89128
pr107.tsp	0.72	260204	260204	91673
pr107.tsp	0.70	260204	260204	71184
pr107.tsp	0.72	260204	260204	91918
pr107.tsp	0.70	260204	260204	95509
pr107.tsp	0.66	260204	260204	76961
pr124.tsp	0.77	260204	260204	118837
pr124.tsp	0.77	260204	260204	117745
pr124.tsp	0.78	260204	260204	139427
pr124.tsp	0.77	260204	260204	102540
pr124.tsp	0.76	260204	260204	118275
pr124.tsp	0.77	260204	260204	131798
pr124.tsp	0.76	260204	260204	105712
pr124.tsp	0.77	260204	260204	113602
pr124.tsp	0.77	260204	260204	122886
pr124.tsp	0.76	260204	260204	130948
pr136.tsp	0.84	260204	260204	152935
pr136.tsp	0.84	260204	260204	164245
pr136.tsp	0.84	260204	260204	155448
pr136.tsp	0.84	260204	260204	150425
pr136.tsp	0.84	260204	260204	164650
pr136.tsp	0.84	260204	260204	149030
pr136.tsp	0.86	260204	260204	185325
pr136.tsp	0.84	260204	260204	149606
pr136.tsp	0.84	260204	260204	142172
pr136.tsp	0.85	260204	260204	154721
pr144.tsp	0.87	260204	260204	168473
pr144.tsp	0.87	260204	260204	147458
pr144.tsp	0.92	260204	260204	150179
pr144.tsp	0.88	260204	260204	150012
pr144.tsp	0.89	260204	260204	139596
pr144.tsp	0.81	260204	260204	124637
pr144.tsp	0.87	260204	260204	142023
pr144.tsp	0.87	260204	260204	142666
pr144.tsp	0.87	260204	260204	133071
pr144.tsp	0.87	260204	260204	157079
pr152.tsp	0.91	260204	260204	176382
pr152.tsp	0.91	260204	260204	172550
pr152.tsp	0.92	260204	260204	192473
pr152.tsp	0.91	260204	260204	191581
pr152.tsp	0.91	260204	260204	197405
pr152.tsp	0.92	260204	260204	176630
pr152.tsp	0.91	260204	260204	186948
pr152.tsp	0.91	260204	260204	198600
pr152.tsp	1.19	260204	260204	198572
pr152.tsp	0.92	260204	260204	175090
pr226.tsp	1.27	260204	260204	277722
pr226.tsp	1.27	260204	260204	331813
pr226.tsp	1.27	260204	260204	301966
pr226.tsp	1.28	260204	260204	294182
pr226.tsp	1.27	260204	260204	264894
pr226.tsp	1.27	260204	260204	311841
pr226.tsp	1.27	260204	260204	255518
pr226.tsp	1.28	260204	260204	277225
pr226.tsp	1.27	260204	260204	257818
pr226.tsp	1.27	260204	260204	271121
pr264.tsp	1.44	260204	260204	178356
pr264.tsp	1.44	260204	260204	152843
pr264.tsp	1.44	260204	260204	180296
pr264.tsp	1.46	260204	260204	161081
pr264.tsp	1.44	260204	260204	163880
pr264.tsp	1.44	260204	260204	170250
pr264.tsp	1.45	260204	260204	187354
pr264.tsp	1.44	260204	260204	208683
pr264.tsp	1.44	260204	260204	172079
pr264.tsp	1.44	260204	260204	182376
pr299.tsp	1.62	260204	260204	134935
pr299.tsp	1.77	260204	260204	138152
pr299.tsp	1.62	260204	260204	134207
pr299.tsp	1.62	260204	260204	115398
pr299.tsp	1.63	260204	260204	132065
pr299.tsp	1.62	260204	260204	135845
pr299.tsp	1.62	260204	260204	118975
pr299.tsp	1.62	260204	260204	130374
pr299.tsp	1.62	260204	260204	115444
pr299.tsp	1.62	260204	260204	130882
pr439.tsp	2.36	260204	260204	357495
pr439.tsp	2.36	260204	260204	344194
pr439.tsp	2.36	260204	260204	374234
pr439.tsp	2.38	260204	260204	361709
pr439.tsp	2.35	260204	260204	348299
pr439.tsp	2.38	260204	260204	367908
pr439.tsp	2.35	260204	260204	363181
pr439.tsp	2.37	260204	260204	366311
pr439.tsp	2.37	260204	260204	390133
pr439.tsp	2.35	260204	260204	322641
pr76.tsp	0.55	260204	260204	152278
pr76.tsp	0.54	260204	260204	136551
pr76.tsp	0.54	260204	260204	146987
pr76.tsp	0.54	260204	260204	148952
pr76.tsp	0.54	260204	260204	141233
pr76.tsp	0.54	260204	260204	154401
pr76.tsp	0.70	260204	260204	138174
pr76.tsp	0.54	260204	260204	144327
pr76.tsp	0.54	260204	260204	152542
pr76.tsp	0.54	260204	260204	141081
rat575.tsp	3.24	260204	260204	22211
rat575.tsp	3.23	260204	260204	21435
rat575.tsp	3.24	260204	260204	20905
rat575.tsp	3.24	260204	260204	22877
rat575.tsp	3.25	260204	260204	20928
rat575.tsp	3.25	260204	260204	23546
rat575.tsp	3.26	260204	260204	21159
rat575.tsp	3.26	260204	260204	22307
rat575.tsp	3.23	260204	260204	21985
rat575.tsp	3.26	260204	260204	21850
rat783.tsp	4.53	260204	260204	37176
rat783.tsp	4.52	260204	260204	38070
rat783.tsp	4.53	260204	260204	37602
rat783.tsp	4.57	260204	260204	35283
rat783.tsp	4.56	260204	260204	37076
rat783.tsp	4.59	260204	260204	35210
rat783.tsp	4.53	260204	260204	37517
rat783.tsp	4.53	260204	260204	38072
rat783.tsp	4.52	260204	260204	34748
rat783.tsp	4.51	260204	260204	37339
rat99.tsp	0.66	260204	260204	1771
rat99.tsp	0.65	260204	260204	1735
rat99.tsp	0.66	260204	260204	1778
rat99.tsp	0.65	260204	260204	1846
rat99.tsp	0.66	260204	260204	1663
rat99.tsp	0.66	260204	260204	1720
rat99.tsp	0.65	260204	260204	1525
rat99.tsp	0.66	260204	260204	1712
rat99.tsp	0.65	260204	260204	1782
rat99.tsp	0.78	260204	260204	1576
