a280.tsp	2.57	433682	433682	5836
a280.tsp	2.58	433682	433682	5139
a280.tsp	2.56	433682	433682	6316
a280.tsp	2.61	433682	433682	5122
a280.tsp	2.62	433682	433682	6361
a280.tsp	2.59	433682	433682	5309
a280.tsp	2.60	433682	433682	6036
a280.tsp	2.60	433682	433682	5411
a280.tsp	2.59	433682	433682	5130
a280.tsp	2.61	433682	433682	5045
berlin52.tsp	0.72	433682	433682	7964
berlin52.tsp	0.73	433682	433682	9319
berlin52.tsp	0.74	433682	433682	8276
berlin52.tsp	0.71	433682	433682	8107
berlin52.tsp	0.72	433682	433682	8391
berlin52.tsp	0.73	433682	433682	8763
berlin52.tsp	0.72	433682	433682	8328
berlin52.tsp	0.70	433682	433682	8642
berlin52.tsp	0.73	433682	433682	8415
berlin52.tsp	0.72	433682	433682	8677
bier127.tsp	1.36	433682	433682	172670
bier127.tsp	1.32	433682	433682	159657
bier127.tsp	1.32	433682	433682	169917
bier127.tsp	1.32	433682	433682	176000
bier127.tsp	1.31	433682	433682	170020
bier127.tsp	1.32	433682	433682	165616
bier127.tsp	1.32	433682	433682	166115
bier127.tsp	1.32	433682	433682	155172
bier127.tsp	1.32	433682	433682	165859
bier127.tsp	1.33	433682	433682	166141
eil101.tsp	1.11	433682	433682	717
eil101.tsp	1.10	433682	433682	848
eil101.tsp	1.12	433682	433682	783
eil101.tsp	1.11	433682	433682	730
eil101.tsp	1.11	433682	433682	789
eil101.tsp	1.12	433682	433682	771
eil101.tsp	1.12	433682	433682	763
eil101.tsp	1.11	433682	433682	783
eil101.tsp	1.11	433682	433682	752
eil101.tsp	1.11	433682	433682	756
eil51.tsp	0.73	433682	433682	457
eil51.tsp	0.74	433682	433682	466
eil51.tsp	0.71	433682	433682	451
eil51.tsp	0.72	433682	433682	454
eil51.tsp	0.71	433682	433682	449
eil51.tsp	0.72	433682	433682	464
eil51.tsp	0.72	433682	433682	501
eil51.tsp	0.72	433682	433682	431
eil51.tsp	0.72	433682	433682	430
eil51.tsp	0.72	433682	433682	473
eil76.tsp	0.91	433682	433682	683
eil76.tsp	0.91	433682	433682	652
eil76.tsp	0.92	433682	433682	650
eil76.tsp	0.96	433682	433682	662
eil76.tsp	0.91	433682	433682	615
eil76.tsp	0.94	433682	433682	629
eil76.tsp	0.91	433682	433682	635
eil76.tsp	0.91	433682	433682	642
eil76.tsp	0.92	433682	433682	666
eil76.tsp	0.91	433682	433682	644
gil262.tsp	2.46	433682	433682	4473
gil262.tsp	2.48	433682	433682	4749
gil262.tsp	2.43	433682	433682	4894
gil262.tsp	2.46	433682	433682	4762
gil262.tsp	2.42	433682	433682	4806
gil262.tsp	2.52	433682	433682	4325
gil262.tsp	2.42	433682	433682	4902
gil262.tsp	2.40	433682	433682	5240
gil262.tsp	2.40	433682	433682	5035
gil262.tsp	2.40	433682	433682	4315
kroA100.tsp	1.12	433682	433682	30956
kroA100.tsp	1.09	433682	433682	32920
kroA100.tsp	1.10	433682	433682	30174
kroA100.tsp	1.08	433682	433682	30294
kroA100.tsp	1.10	433682	433682	32568
kroA100.tsp	1.08	433682	433682	32191
kroA100.tsp	1.12	433682	433682	29491
kroA100.tsp	1.09	433682	433682	32088
kroA100.tsp	1.12	433682	433682	31096
kroA100.tsp	1.09	433682	433682	31964
kroA150.tsp	1.51	433682	433682	46727
kroA150.tsp	1.50	433682	433682	47344
kroA150.tsp	1.51	433682	433682	46093
kroA150.tsp	1.54	433682	433682	40578
kroA150.tsp	1.51	433682	433682	43349
kroA150.tsp	1.51	433682	433682	41760
kroA150.tsp	1.52	433682	433682	42866
kroA150.tsp	1.51	433682	433682	44449
kroA150.tsp	1.51	433682	433682	44741
kroA150.tsp	1.51	433682	433682	43313
kroA200.tsp	1.91	433682	433682	54076
kroA200.tsp	1.96	433682	433682	60942
kroA200.tsp	1.93	433682	433682	60142
kroA200.tsp	1.96	433682	433682	63525
kroA200.tsp	1.92	433682	433682	61115
kroA200.tsp	1.90	433682	433682	53836
kroA200.tsp	1.94	433682	433682	57553
kroA200.tsp	1.98	433682	433682	53884
kroA200.tsp	1.94	433682	433682	65207
kroA200.tsp	1.94	433682	433682	55372
kroB100.tsp	1.09	433682	433682	29737
kroB100.tsp	1.12	433682	433682	30980
kroB100.tsp	1.08	433682	433682	34125
kroB100.tsp	1.11	433682	433682	34831
kroB100.tsp	1.08	433682	433682	32111
kroB100.tsp	1.10	433682	433682	34898
kroB100.tsp	1.08	433682	433682	29561
kroB100.tsp	1.08	433682	433682	34071
kroB100.tsp	1.10	433682	433682	30378
kroB100.tsp	1.11	433682	433682	34241
kroB150.tsp	1.57	433682	433682	39551
kroB150.tsp	1.56	433682	433682	45481
kroB150.tsp	1.51	433682	433682	43169
kroB150.tsp	1.54	433682	433682	44683
kroB150.tsp	1.50	433682	433682	39048
kroB150.tsp	1.51	433682	433682	42721
kroB150.tsp	1.50	433682	433682	43288
kroB150.tsp	1.52	433682	433682	42404
kroB150.tsp	1.50	433682	433682	41258
kroB150.tsp	1.52	433682	433682	43940
kroB200.tsp	1.91	433682	433682	54683
kroB200.tsp	1.91	433682	433682	49817
kroB200.tsp	1.90	433682	433682	55360
kroB200.tsp	1.92	433682	433682	62953
kroB200.tsp	1.92	433682	433682	55484
kroB200.tsp	1.91	433682	433682	56773
kroB200.tsp	1.92	433682	433682	61335
kroB200.tsp	1.91	433682	433682	57894
kroB200.tsp	1.90	433682	433682	61921
kroB200.tsp	1.90	433682	433682	48826
kroC100.tsp	1.09	433682	433682	35083
kroC100.tsp	1.10	433682	433682	29470
kroC100.tsp	1.14	433682	433682	32317
kroC100.tsp	1.08	433682	433682	30111
kroC100.tsp	1.08	433682	433682	29174
kroC100.tsp	1.10	433682	433682	32048
kroC100.tsp	1.08	433682	433682	31856
kroC100.tsp	1.10	433682	433682	30895
kroC100.tsp	1.13	433682	433682	32919
kroC100.tsp	1.10	433682	433682	28556
kroD100.tsp	1.08	433682	433682	28698
kroD100.tsp	1.13	433682	433682	33540
kroD100.tsp	1.10	433682	433682	29965
kroD100.tsp	1.10	433682	433682	27650
kroD100.tsp	1.10	433682	433682	34354
kroD100.tsp	1.08	433682	433682	30187
kroD100.tsp	1.10	433682	433682	34594
kroD100.tsp	1.09	433682	433682	31217
kroD100.tsp	1.11	433682	433682	31607
kroD100.tsp	1.10	433682	433682	29076
kroE100.tsp	1.11	433682	433682	30545
kroE100.tsp	1.08	433682	433682	32877
kroE100.tsp	1.10	433682	433682	33598
kroE100.tsp	1.10	433682	433682	30738
kroE100.tsp	1.10	433682	433682	31246
kroE100.tsp	1.09	433682	433682	29765
kroE100.tsp	1.10	433682	433682	34455
kroE100.tsp	1.14	433682	433682	28354
kroE100.tsp	1.14	433682	433682	30595
kroE100.tsp	1.08	433682	433682	31737
lin105.tsp	1.14	433682	433682	21507
lin105.tsp	1.13	433682	433682	22789
lin105.tsp	1.11	433682	433682	20603
lin105.tsp	1.15	433682	433682	22417
lin105.tsp	1.12	433682	433682	21873
lin105.tsp	1.12	433682	433682	21371
lin105.tsp	1.12	433682	433682	22159
lin105.tsp	1.13	433682	433682	22138
lin105.tsp	1.12	433682	433682	22416
lin105.tsp	1.14	433682	433682	21372
lin318.tsp	2.87	433682	433682	100861
lin318.tsp	2.86	433682	433682	94345
lin318.tsp	2.88	433682	433682	106286
lin318.tsp	2.87	433682	433682	99606
lin318.tsp	2.86	433682	433682	98754
lin318.tsp	2.88	433682	433682	105879
lin318.tsp	2.90	433682	433682	102356
lin318.tsp	2.92	433682	433682	93092
lin318.tsp	2.86	433682	433682	94923
lin318.tsp	2.87	433682	433682	96343
linhp318.tsp	2.86	433682	433682	103277
linhp318.tsp	2.86	433682	433682	102702
linhp318.tsp	2.86	433682	433682	96497
linhp318.tsp	2.86	433682	433682	113732
linhp318.tsp	2.86	433682	433682	95148
linhp318.tsp	2.87	433682	433682	103637
linhp318.tsp	2.86	433682	433682	120245
linhp318.tsp	2.86	433682	433682	104374
linhp318.tsp	2.90	433682	433682	97827
linhp318.tsp	2.92	433682	433682	106513
pr107.tsp	1.14	433682	433682	84367
pr107.tsp	1.39	433682	433682	84974
pr107.tsp	1.14	433682	433682	82617
pr107.tsp	1.15	433682	433682	85173
pr107.tsp	1.15	433682	433682	81036
pr107.tsp	1.15	433682	433682	85912
pr107.tsp	1.15	433682	433682	96358
pr107.tsp	1.14	433682	433682	97200
pr107.tsp	1.14	433682	433682	83348
pr107.tsp	1.15	433682	433682	89513
pr124.tsp	1.30	433682	433682	117369
pr124.tsp	1.33	433682	433682	104834
pr124.tsp	1.29	433682	433682	105714
pr124.tsp	1.29	433682	433682	115165
pr124.tsp	1.28	433682	433682	117727
pr124.tsp	1.28	433682	433682	90267
pr124.tsp	1.27	433682	433682	113265
pr124.tsp	1.28	433682	433682	129728
pr124.tsp	1.28	433682	433682	93117
pr124.tsp	1.27	433682	433682	117361
pr136.tsp	1.43	433682	433682	161490
pr136.tsp	1.40	433682	433682	152663
pr136.tsp	1.41	433682	433682	154327
pr136.tsp	1.44	433682	433682	160886
pr136.tsp	1.42	433682	433682	143825
pr136.tsp	1.41	433682	433682	144234
pr136.tsp	1.43	433682	433682	155639
pr136.tsp	1.39	433682	433682	147223
pr136.tsp	1.41	433682	433682	142311
pr136.tsp	1.42	433682	433682	146915
pr144.tsp	1.47	433682	433682	119919
pr144.tsp	1.48	433682	433682	138787
pr144.tsp	1.50	433682	433682	126705
pr144.tsp	1.50	433682	433682	131768
pr144.tsp	1.51	433682	433682	140815
pr144.tsp	1.49	433682	433682	131081
pr144.tsp	1.46	433682	433682	125605
pr144.tsp	1.71	433682	433682	136674
pr144.tsp	1.45	433682	433682	145888
pr144.tsp	1.45	433682	433682	126965
pr152.tsp	1.50	433682	433682	178117
pr152.tsp	1.52	433682	433682	166383
pr152.tsp	2.10	433682	433682	180022
pr152.tsp	1.52	433682	433682	174838
pr152.tsp	1.52	433682	433682	179773
pr152.tsp	1.52	433682	433682	170590
pr152.tsp	1.54	433682	433682	140786
pr152.tsp	2.28	433682	433682	155031
pr152.tsp	1.52	433682	433682	144454
pr152.tsp	1.53	433682	433682	195404
pr226.tsp	2.14	433682	433682	244659
pr226.tsp	2.13	433682	433682	230471
pr226.tsp	2.14	433682	433682	268978
pr226.tsp	2.14	433682	433682	256219
pr226.tsp	2.14	433682	433682	292452
pr226.tsp	2.13	433682	433682	289141
pr226.tsp	2.12	433682	433682	264666
pr226.tsp	2.12	433682	433682	241850
pr226.tsp	2.14	433682	433682	235343
pr226.tsp	2.12	433682	433682	253664
pr264.tsp	3.14	433682	433682	178596
pr264.tsp	2.65	433682	433682	166420
pr264.tsp	2.40	433682	433682	154538
pr264.tsp	2.40	433682	433682	166029
pr264.tsp	2.40	433682	433682	194859
pr264.tsp	2.41	433682	433682	172205
pr264.tsp	2.41	433682	433682	162129
pr264.tsp	2.40	433682	433682	167538
pr264.tsp	2.40	433682	433682	183571
pr264.tsp	2.41	433682	433682	179004
pr299.tsp	2.71	433682	433682	116266
pr299.tsp	2.71	433682	433682	119246
pr299.tsp	2.74	433682	433682	103988
pr299.tsp	2.72	433682	433682	119964
pr299.tsp	2.71	433682	433682	123328
pr299.tsp	2.88	433682	433682	117319
pr299.tsp	2.70	433682	433682	123308
pr299.tsp	2.79	433682	433682	134944
pr299.tsp	2.71	433682	433682	116350
pr299.tsp	2.79	433682	433682	101848
pr439.tsp	3.91	433682	433682	344972
pr439.tsp	3.94	433682	433682	305550
pr439.tsp	3.94	433682	433682	337550
pr439.tsp	3.93	433682	433682	365322
pr439.tsp	3.92	433682	433682	329615
pr439.tsp	3.95	433682	433682	349004
pr439.tsp	3.93	433682	433682	338267
pr439.tsp	3.94	433682	433682	338170
pr439.tsp	3.92	433682	433682	323428
pr439.tsp	4.01	433682	433682	318126
pr76.tsp	0.91	433682	433682	136774
pr76.tsp	0.91	433682	433682	143820
pr76.tsp	1.17	433682	433682	142229
pr76.tsp	0.92	433682	433682	141283
pr76.tsp	0.89	433682	433682	135788
pr76.tsp	0.89	433682	433682	134568
pr76.tsp	0.91	433682	433682	151836
pr76.tsp	0.89	433682	433682	141144
pr76.tsp	0.90	433682	433682	146897
pr76.tsp	0.89	433682	433682	137420
rat575.tsp	5.42	433682	433682	18583
rat575.tsp	5.41	433682	433682	19145
rat575.tsp	5.39	433682	433682	19133
rat575.tsp	5.41	433682	433682	18840
rat575.tsp	5.39	433682	433682	18935
rat575.tsp	5.41	433682	433682	19429
rat575.tsp	5.45	433682	433682	19784
rat575.tsp	5.38	433682	433682	18521
rat575.tsp	5.41	433682	433682	19520
rat575.tsp	5.44	433682	433682	19059
rat783.tsp	7.54	433682	433682	32195
rat783.tsp	7.56	433682	433682	32427
rat783.tsp	7.53	433682	433682	31368
rat783.tsp	7.60	433682	433682	32709
rat783.tsp	7.66	433682	433682	32781
rat783.tsp	7.65	433682	433682	30624
rat783.tsp	7.53	433682	433682	34608
rat783.tsp	7.55	433682	433682	32321
rat783.tsp	7.52	433682	433682	33343
rat783.tsp	7.54	433682	433682	31748
rat99.tsp	1.09	433682	433682	1612
rat99.tsp	1.11	433682	433682	1695
rat99.tsp	1.11	433682	433682	1717
rat99.tsp	1.10	433682	433682	1460
rat99.tsp	1.09	433682	433682	1819
rat99.tsp	1.09	433682	433682	1720
rat99.tsp	1.09	433682	433682	1676
rat99.tsp	1.10	433682	433682	1639
rat99.tsp	1.09	433682	433682	1552
rat99.tsp	1.10	433682	433682	1712
