a280.tsp	7.76	1301068	1301068	5105
a280.tsp	7.77	1301068	1301068	4584
a280.tsp	7.72	1301068	1301068	4915
a280.tsp	7.75	1301068	1301068	4541
a280.tsp	7.73	1301068	1301068	4662
a280.tsp	7.74	1301068	1301068	5120
a280.tsp	7.81	1301068	1301068	4958
a280.tsp	7.76	1301068	1301068	4687
a280.tsp	7.70	1301068	1301068	4748
a280.tsp	9.70	1301068	1301068	4821
berlin52.tsp	2.14	1301068	1301068	8322
berlin52.tsp	2.16	1301068	1301068	8030
berlin52.tsp	2.18	1301068	1301068	8149
berlin52.tsp	2.14	1301068	1301068	8869
berlin52.tsp	2.12	1301068	1301068	8420
berlin52.tsp	2.17	1301068	1301068	8189
berlin52.tsp	2.16	1301068	1301068	8175
berlin52.tsp	2.16	1301068	1301068	8284
berlin52.tsp	2.15	1301068	1301068	8321
berlin52.tsp	2.15	1301068	1301068	8481
bier127.tsp	4.07	1301068	1301068	149305
bier127.tsp	4.00	1301068	1301068	150401
bier127.tsp	4.04	1301068	1301068	156632
bier127.tsp	4.00	1301068	1301068	149087
bier127.tsp	4.05	1301068	1301068	149399
bier127.tsp	3.98	1301068	1301068	144369
bier127.tsp	5.19	1301068	1301068	149842
bier127.tsp	4.01	1301068	1301068	143113
bier127.tsp	3.97	1301068	1301068	147789
bier127.tsp	4.00	1301068	1301068	165306
eil101.tsp	3.27	1301068	1301068	702
eil101.tsp	3.34	1301068	1301068	711
eil101.tsp	3.33	1301068	1301068	682
eil101.tsp	3.34	1301068	1301068	719
eil101.tsp	3.33	1301068	1301068	682
eil101.tsp	3.31	1301068	1301068	746
eil101.tsp	3.38	1301068	1301068	746
eil101.tsp	3.34	1301068	1301068	727
eil101.tsp	3.39	1301068	1301068	741
eil101.tsp	3.34	1301068	1301068	742
eil51.tsp	2.18	1301068	1301068	455
eil51.tsp	2.25	1301068	1301068	456
eil51.tsp	2.19	1301068	1301068	460
eil51.tsp	2.15	1301068	1301068	463
eil51.tsp	2.20	1301068	1301068	440
eil51.tsp	2.15	1301068	1301068	460
eil51.tsp	2.15	1301068	1301068	464
eil51.tsp	2.15	1301068	1301068	443
eil51.tsp	2.16	1301068	1301068	458
eil51.tsp	2.12	1301068	1301068	440
eil76.tsp	2.62	1301068	1301068	607
eil76.tsp	2.74	1301068	1301068	634
eil76.tsp	2.75	1301068	1301068	597
eil76.tsp	2.76	1301068	1301068	604
eil76.tsp	2.80	1301068	1301068	601
eil76.tsp	2.73	1301068	1301068	590
eil76.tsp	2.74	1301068	1301068	607
eil76.tsp	2.74	1301068	1301068	584
eil76.tsp	2.74	1301068	1301068	581
eil76.tsp	2.73	1301068	1301068	624
gil262.tsp	7.26	1301068	1301068	4116
gil262.tsp	7.24	1301068	1301068	3980
gil262.tsp	7.26	1301068	1301068	4107
gil262.tsp	7.35	1301068	1301068	3727
gil262.tsp	7.26	1301068	1301068	3913
gil262.tsp	7.25	1301068	1301068	4164
gil262.tsp	7.25	1301068	1301068	3684
gil262.tsp	7.20	1301068	1301068	4224
gil262.tsp	7.21	1301068	1301068	4297
gil262.tsp	7.24	1301068	1301068	4072
kroA100.tsp	3.23	1301068	1301068	30636
kroA100.tsp	3.30	1301068	1301068	26641
kroA100.tsp	3.27	1301068	1301068	26594
kroA100.tsp	3.24	1301068	1301068	27092
kroA100.tsp	3.24	1301068	1301068	27941
kroA100.tsp	3.24	1301068	1301068	28000
kroA100.tsp	3.25	1301068	1301068	27590
kroA100.tsp	3.30	1301068	1301068	27392
kroA100.tsp	3.26	1301068	1301068	28597
kroA100.tsp	3.30	1301068	1301068	27120
kroA150.tsp	4.53	1301068	1301068	38382
kroA150.tsp	4.55	1301068	1301068	39467
kroA150.tsp	4.52	1301068	1301068	35009
kroA150.tsp	4.57	1301068	1301068	41311
kroA150.tsp	4.53	1301068	1301068	41950
kroA150.tsp	4.50	1301068	1301068	37908
kroA150.tsp	4.58	1301068	1301068	41767
kroA150.tsp	4.54	1301068	1301068	39645
kroA150.tsp	4.54	1301068	1301068	43086
kroA150.tsp	4.49	1301068	1301068	37681
kroA200.tsp	5.76	1301068	1301068	48252
kroA200.tsp	5.81	1301068	1301068	54360
kroA200.tsp	5.83	1301068	1301068	49938
kroA200.tsp	5.78	1301068	1301068	49238
kroA200.tsp	5.76	1301068	1301068	54836
kroA200.tsp	5.74	1301068	1301068	51437
kroA200.tsp	5.84	1301068	1301068	47238
kroA200.tsp	6.40	1301068	1301068	46556
kroA200.tsp	5.84	1301068	1301068	49295
kroA200.tsp	5.75	1301068	1301068	54262
kroB100.tsp	3.32	1301068	1301068	28747
kroB100.tsp	3.32	1301068	1301068	27556
kroB100.tsp	3.30	1301068	1301068	29220
kroB100.tsp	3.33	1301068	1301068	29263
kroB100.tsp	3.33	1301068	1301068	28602
kroB100.tsp	3.29	1301068	1301068	29163
kroB100.tsp	3.33	1301068	1301068	29885
kroB100.tsp	3.29	1301068	1301068	28817
kroB100.tsp	3.27	1301068	1301068	27745
kroB100.tsp	3.28	1301068	1301068	30997
kroB150.tsp	4.54	1301068	1301068	40206
kroB150.tsp	4.52	1301068	1301068	38941
kroB150.tsp	4.55	1301068	1301068	40144
kroB150.tsp	4.59	1301068	1301068	38118
kroB150.tsp	4.60	1301068	1301068	38460
kroB150.tsp	4.56	1301068	1301068	37429
kroB150.tsp	4.52	1301068	1301068	39002
kroB150.tsp	4.54	1301068	1301068	39707
kroB150.tsp	4.49	1301068	1301068	37735
kroB150.tsp	4.50	1301068	1301068	39704
kroB200.tsp	5.74	1301068	1301068	50143
kroB200.tsp	5.73	1301068	1301068	45703
kroB200.tsp	5.78	1301068	1301068	48247
kroB200.tsp	5.76	1301068	1301068	46343
kroB200.tsp	6.57	1301068	1301068	50509
kroB200.tsp	5.71	1301068	1301068	51754
kroB200.tsp	5.72	1301068	1301068	46557
kroB200.tsp	5.72	1301068	1301068	51050
kroB200.tsp	5.72	1301068	1301068	45835
kroB200.tsp	5.70	1301068	1301068	50477
kroC100.tsp	3.26	1301068	1301068	25784
kroC100.tsp	3.31	1301068	1301068	30741
kroC100.tsp	3.29	1301068	1301068	28364
kroC100.tsp	3.32	1301068	1301068	25738
kroC100.tsp	3.32	1301068	1301068	28679
kroC100.tsp	3.30	1301068	1301068	28112
kroC100.tsp	3.23	1301068	1301068	27344
kroC100.tsp	3.36	1301068	1301068	29916
kroC100.tsp	3.30	1301068	1301068	31928
kroC100.tsp	3.37	1301068	1301068	28424
kroD100.tsp	3.30	1301068	1301068	29481
kroD100.tsp	3.34	1301068	1301068	24831
kroD100.tsp	3.32	1301068	1301068	30030
kroD100.tsp	3.27	1301068	1301068	29281
kroD100.tsp	3.28	1301068	1301068	29714
kroD100.tsp	3.23	1301068	1301068	28826
kroD100.tsp	3.33	1301068	1301068	29390
kroD100.tsp	3.29	1301068	1301068	28565
kroD100.tsp	3.33	1301068	1301068	28196
kroD100.tsp	3.29	1301068	1301068	30288
kroE100.tsp	3.32	1301068	1301068	31805
kroE100.tsp	3.31	1301068	1301068	27095
kroE100.tsp	3.23	1301068	1301068	30841
kroE100.tsp	3.34	1301068	1301068	28046
kroE100.tsp	3.30	1301068	1301068	28025
kroE100.tsp	3.34	1301068	1301068	29415
kroE100.tsp	3.37	1301068	1301068	28900
kroE100.tsp	3.33	1301068	1301068	28377
kroE100.tsp	3.33	1301068	1301068	30138
kroE100.tsp	3.27	1301068	1301068	31453
lin105.tsp	3.41	1301068	1301068	18595
lin105.tsp	3.43	1301068	1301068	17552
lin105.tsp	3.35	1301068	1301068	20865
lin105.tsp	3.42	1301068	1301068	18208
lin105.tsp	3.36	1301068	1301068	20349
lin105.tsp	3.41	1301068	1301068	19503
lin105.tsp	3.39	1301068	1301068	20175
lin105.tsp	3.36	1301068	1301068	20511
lin105.tsp	3.39	1301068	1301068	18849
lin105.tsp	3.36	1301068	1301068	19846
lin318.tsp	8.68	1301068	1301068	89302
lin318.tsp	8.61	1301068	1301068	91404
lin318.tsp	8.71	1301068	1301068	85073
lin318.tsp	8.57	1301068	1301068	95029
lin318.tsp	8.58	1301068	1301068	84356
lin318.tsp	8.62	1301068	1301068	89929
lin318.tsp	8.62	1301068	1301068	92219
lin318.tsp	8.66	1301068	1301068	88323
lin318.tsp	8.59	1301068	1301068	100326
lin318.tsp	8.75	1301068	1301068	84891
linhp318.tsp	8.58	1301068	1301068	82907
linhp318.tsp	8.63	1301068	1301068	87458
linhp318.tsp	8.57	1301068	1301068	92400
linhp318.tsp	8.54	1301068	1301068	92294
linhp318.tsp	8.56	1301068	1301068	85569
linhp318.tsp	8.58	1301068	1301068	96429
linhp318.tsp	8.58	1301068	1301068	94934
linhp318.tsp	8.58	1301068	1301068	85892
linhp318.tsp	8.62	1301068	1301068	87000
linhp318.tsp	8.73	1301068	1301068	82614
pr107.tsp	3.50	1301068	1301068	75844
pr107.tsp	3.44	1301068	1301068	77924
pr107.tsp	3.46	1301068	1301068	81175
pr107.tsp	3.44	1301068	1301068	67335
pr107.tsp	3.43	1301068	1301068	62921
pr107.tsp	3.48	1301068	1301068	80054
pr107.tsp	3.45	1301068	1301068	66829
pr107.tsp	3.44	1301068	1301068	67480
pr107.tsp	3.44	1301068	1301068	65960
pr107.tsp	3.43	1301068	1301068	65486
pr124.tsp	3.88	1301068	1301068	84267
pr124.tsp	3.87	1301068	1301068	91011
pr124.tsp	3.84	1301068	1301068	81487
pr124.tsp	3.83	1301068	1301068	93563
pr124.tsp	3.81	1301068	1301068	89272
pr124.tsp	3.83	1301068	1301068	77944
pr124.tsp	3.86	1301068	1301068	95086
pr124.tsp	3.84	1301068	1301068	87401
pr124.tsp	3.83	1301068	1301068	90442
pr124.tsp	3.87	1301068	1301068	90749
pr136.tsp	4.23	1301068	1301068	146574
pr136.tsp	4.20	1301068	1301068	135210
pr136.tsp	4.22	1301068	1301068	146698
pr136.tsp	4.23	1301068	1301068	145743
pr136.tsp	4.19	1301068	1301068	142987
pr136.tsp	4.16	1301068	1301068	129388
pr136.tsp	4.22	1301068	1301068	133078
pr136.tsp	4.17	1301068	1301068	136401
pr136.tsp	4.24	1301068	1301068	140555
pr136.tsp	4.23	1301068	1301068	134347
pr144.tsp	4.37	1301068	1301068	128794
pr144.tsp	4.38	1301068	1301068	113480
pr144.tsp	4.37	1301068	1301068	116350
pr144.tsp	4.39	1301068	1301068	104297
pr144.tsp	4.42	1301068	1301068	119359
pr144.tsp	4.40	1301068	1301068	114441
pr144.tsp	4.42	1301068	1301068	121349
pr144.tsp	4.38	1301068	1301068	129551
pr144.tsp	4.37	1301068	1301068	112073
pr144.tsp	4.38	1301068	1301068	113047
pr152.tsp	4.58	1301068	1301068	149704
pr152.tsp	4.59	1301068	1301068	149011
pr152.tsp	4.55	1301068	1301068	142715
pr152.tsp	4.57	1301068	1301068	157343
pr152.tsp	4.55	1301068	1301068	125177
pr152.tsp	4.61	1301068	1301068	150206
pr152.tsp	4.60	1301068	1301068	132490
pr152.tsp	4.57	1301068	1301068	144598
pr152.tsp	4.55	1301068	1301068	138142
pr152.tsp	4.54	1301068	1301068	139652
pr226.tsp	6.34	1301068	1301068	196170
pr226.tsp	6.38	1301068	1301068	220234
pr226.tsp	6.38	1301068	1301068	208043
pr226.tsp	6.42	1301068	1301068	209275
pr226.tsp	6.35	1301068	1301068	193302
pr226.tsp	6.37	1301068	1301068	229802
pr226.tsp	6.40	1301068	1301068	207596
pr226.tsp	6.39	1301068	1301068	202960
pr226.tsp	6.38	1301068	1301068	176971
pr226.tsp	6.37	1301068	1301068	169292
pr264.tsp	7.23	1301068	1301068	131768
pr264.tsp	7.24	1301068	1301068	128581
pr264.tsp	7.22	1301068	1301068	133557
pr264.tsp	9.34	1301068	1301068	150631
pr264.tsp	7.21	1301068	1301068	129641
pr264.tsp	7.22	1301068	1301068	127252
pr264.tsp	7.22	1301068	1301068	134907
pr264.tsp	7.22	1301068	1301068	145333
pr264.tsp	7.22	1301068	1301068	142726
pr264.tsp	7.21	1301068	1301068	164941
pr299.tsp	8.32	1301068	1301068	102935
pr299.tsp	8.06	1301068	1301068	98587
pr299.tsp	8.16	1301068	1301068	94687
pr299.tsp	8.10	1301068	1301068	92423
pr299.tsp	8.12	1301068	1301068	99232
pr299.tsp	8.30	1301068	1301068	94180
pr299.tsp	8.12	1301068	1301068	91700
pr299.tsp	8.08	1301068	1301068	105719
pr299.tsp	8.08	1301068	1301068	92904
pr299.tsp	8.11	1301068	1301068	103883
pr439.tsp	11.74	1301068	1301068	268943
pr439.tsp	11.80	1301068	1301068	280634
pr439.tsp	11.81	1301068	1301068	259337
pr439.tsp	11.75	1301068	1301068	301818
pr439.tsp	11.79	1301068	1301068	276411
pr439.tsp	11.75	1301068	1301068	273130
pr439.tsp	11.76	1301068	1301068	286860
pr439.tsp	11.78	1301068	1301068	274599
pr439.tsp	11.75	1301068	1301068	280227
pr439.tsp	11.75	1301068	1301068	305348
pr76.tsp	2.68	1301068	1301068	124874
pr76.tsp	2.72	1301068	1301068	126630
pr76.tsp	2.76	1301068	1301068	129354
pr76.tsp	2.68	1301068	1301068	124217
pr76.tsp	2.73	1301068	1301068	128862
pr76.tsp	2.76	1301068	1301068	123094
pr76.tsp	2.70	1301068	1301068	131584
pr76.tsp	2.75	1301068	1301068	124789
pr76.tsp	2.68	1301068	1301068	119369
pr76.tsp	2.74	1301068	1301068	127618
rat575.tsp	21.71	1301068	1301068	15863
rat575.tsp	16.23	1301068	1301068	15994
rat575.tsp	16.21	1301068	1301068	15676
rat575.tsp	16.23	1301068	1301068	15989
rat575.tsp	16.22	1301068	1301068	15580
rat575.tsp	16.19	1301068	1301068	15086
rat575.tsp	21.77	1301068	1301068	15480
rat575.tsp	16.16	1301068	1301068	15516
rat575.tsp	16.24	1301068	1301068	15635
rat575.tsp	16.31	1301068	1301068	15244
rat783.tsp	22.75	1301068	1301068	23634
rat783.tsp	22.60	1301068	1301068	25121
rat783.tsp	22.66	1301068	1301068	23894
rat783.tsp	22.96	1301068	1301068	24080
rat783.tsp	22.78	1301068	1301068	24857
rat783.tsp	22.79	1301068	1301068	25726
rat783.tsp	22.87	1301068	1301068	25970
rat783.tsp	22.88	1301068	1301068	24808
rat783.tsp	22.64	1301068	1301068	25426
rat783.tsp	22.65	1301068	1301068	24660
rat99.tsp	3.30	1301068	1301068	1591
rat99.tsp	3.27	1301068	1301068	1418
rat99.tsp	3.30	1301068	1301068	1550
rat99.tsp	3.31	1301068	1301068	1462
rat99.tsp	3.28	1301068	1301068	1501
rat99.tsp	3.28	1301068	1301068	1471
rat99.tsp	3.28	1301068	1301068	1450
rat99.tsp	3.26	1301068	1301068	1500
rat99.tsp	3.29	1301068	1301068	1657
rat99.tsp	3.31	1301068	1301068	1415
