a280.tsp	2.00	338832	338832	5721
a280.tsp	2.00	338832	338832	6024
a280.tsp	2.00	338832	338832	5277
a280.tsp	2.00	338832	338832	5724
a280.tsp	1.99	338832	338832	5399
a280.tsp	2.00	338832	338832	5670
a280.tsp	1.99	338832	338832	5340
a280.tsp	1.99	338832	338832	5704
a280.tsp	2.00	338832	338832	5205
a280.tsp	2.00	338832	338832	5901
berlin52.tsp	0.56	338832	338832	9066
berlin52.tsp	0.56	338832	338832	8990
berlin52.tsp	0.56	338832	338832	7725
berlin52.tsp	0.57	338832	338832	9328
berlin52.tsp	0.55	338832	338832	9069
berlin52.tsp	0.55	338832	338832	9174
berlin52.tsp	0.55	338832	338832	8800
berlin52.tsp	0.56	338832	338832	8113
berlin52.tsp	0.56	338832	338832	8233
berlin52.tsp	0.54	338832	338832	8656
bier127.tsp	1.04	338832	338832	166114
bier127.tsp	1.04	338832	338832	158435
bier127.tsp	1.03	338832	338832	159568
bier127.tsp	1.03	338832	338832	165335
bier127.tsp	1.03	338832	338832	156756
bier127.tsp	1.04	338832	338832	156786
bier127.tsp	1.03	338832	338832	160231
bier127.tsp	1.03	338832	338832	160657
bier127.tsp	1.04	338832	338832	163803
bier127.tsp	1.03	338832	338832	162567
eil101.tsp	0.86	338832	338832	782
eil101.tsp	0.87	338832	338832	741
eil101.tsp	0.86	338832	338832	794
eil101.tsp	0.86	338832	338832	725
eil101.tsp	0.87	338832	338832	795
eil101.tsp	0.86	338832	338832	808
eil101.tsp	0.86	338832	338832	783
eil101.tsp	0.87	338832	338832	744
eil101.tsp	0.86	338832	338832	841
eil101.tsp	0.87	338832	338832	716
eil51.tsp	0.56	338832	338832	448
eil51.tsp	0.56	338832	338832	481
eil51.tsp	0.57	338832	338832	454
eil51.tsp	0.57	338832	338832	474
eil51.tsp	0.56	338832	338832	457
eil51.tsp	0.56	338832	338832	485
eil51.tsp	0.54	338832	338832	470
eil51.tsp	0.56	338832	338832	469
eil51.tsp	0.56	338832	338832	467
eil51.tsp	0.56	338832	338832	456
eil76.tsp	0.71	338832	338832	642
eil76.tsp	0.71	338832	338832	684
eil76.tsp	0.72	338832	338832	623
eil76.tsp	0.71	338832	338832	659
eil76.tsp	0.71	338832	338832	683
eil76.tsp	0.71	338832	338832	611
eil76.tsp	0.71	338832	338832	603
eil76.tsp	0.71	338832	338832	674
eil76.tsp	0.71	338832	338832	647
eil76.tsp	0.71	338832	338832	606
gil262.tsp	1.88	338832	338832	4950
gil262.tsp	1.88	338832	338832	4818
gil262.tsp	1.87	338832	338832	4301
gil262.tsp	1.88	338832	338832	4982
gil262.tsp	1.87	338832	338832	4548
gil262.tsp	1.88	338832	338832	4618
gil262.tsp	1.88	338832	338832	4984
gil262.tsp	1.87	338832	338832	4909
gil262.tsp	1.87	338832	338832	4856
gil262.tsp	1.88	338832	338832	4816
kroA100.tsp	0.84	338832	338832	31772
kroA100.tsp	0.84	338832	338832	32721
kroA100.tsp	0.86	338832	338832	34694
kroA100.tsp	0.85	338832	338832	30084
kroA100.tsp	0.96	338832	338832	31002
kroA100.tsp	0.96	338832	338832	31409
kroA100.tsp	0.85	338832	338832	32562
kroA100.tsp	0.86	338832	338832	30888
kroA100.tsp	0.85	338832	338832	31514
kroA100.tsp	0.84	338832	338832	30514
kroA150.tsp	1.16	338832	338832	49126
kroA150.tsp	1.17	338832	338832	49033
kroA150.tsp	1.17	338832	338832	43296
kroA150.tsp	1.18	338832	338832	43133
kroA150.tsp	1.17	338832	338832	43300
kroA150.tsp	1.17	338832	338832	46197
kroA150.tsp	1.17	338832	338832	42129
kroA150.tsp	1.17	338832	338832	49486
kroA150.tsp	1.18	338832	338832	48149
kroA150.tsp	1.18	338832	338832	45268
kroA200.tsp	1.48	338832	338832	57430
kroA200.tsp	1.48	338832	338832	55674
kroA200.tsp	1.49	338832	338832	57784
kroA200.tsp	1.48	338832	338832	57150
kroA200.tsp	1.49	338832	338832	58745
kroA200.tsp	1.48	338832	338832	56427
kroA200.tsp	1.50	338832	338832	55330
kroA200.tsp	1.49	338832	338832	55039
kroA200.tsp	1.84	338832	338832	55649
kroA200.tsp	1.49	338832	338832	59726
kroB100.tsp	0.84	338832	338832	31864
kroB100.tsp	0.85	338832	338832	33388
kroB100.tsp	0.84	338832	338832	32903
kroB100.tsp	0.85	338832	338832	32079
kroB100.tsp	0.85	338832	338832	30658
kroB100.tsp	0.84	338832	338832	29863
kroB100.tsp	0.83	338832	338832	27624
kroB100.tsp	0.86	338832	338832	31782
kroB100.tsp	0.85	338832	338832	31485
kroB100.tsp	0.91	338832	338832	30905
kroB150.tsp	1.18	338832	338832	43655
kroB150.tsp	1.17	338832	338832	45760
kroB150.tsp	1.17	338832	338832	42224
kroB150.tsp	1.17	338832	338832	49371
kroB150.tsp	1.17	338832	338832	37688
kroB150.tsp	1.17	338832	338832	39945
kroB150.tsp	1.18	338832	338832	42761
kroB150.tsp	1.17	338832	338832	46301
kroB150.tsp	1.17	338832	338832	43126
kroB150.tsp	1.17	338832	338832	42735
kroB200.tsp	1.50	338832	338832	54525
kroB200.tsp	1.48	338832	338832	51776
kroB200.tsp	1.48	338832	338832	56006
kroB200.tsp	1.50	338832	338832	52429
kroB200.tsp	1.49	338832	338832	56132
kroB200.tsp	1.50	338832	338832	55306
kroB200.tsp	1.48	338832	338832	59884
kroB200.tsp	1.48	338832	338832	62229
kroB200.tsp	1.48	338832	338832	54130
kroB200.tsp	1.48	338832	338832	57892
kroC100.tsp	0.84	338832	338832	31583
kroC100.tsp	0.84	338832	338832	33134
kroC100.tsp	0.86	338832	338832	30693
kroC100.tsp	0.85	338832	338832	28783
kroC100.tsp	0.87	338832	338832	33321
kroC100.tsp	0.85	338832	338832	31016
kroC100.tsp	0.87	338832	338832	33631
kroC100.tsp	0.84	338832	338832	30412
kroC100.tsp	0.85	338832	338832	31825
kroC100.tsp	0.86	338832	338832	31436
kroD100.tsp	0.86	338832	338832	32702
kroD100.tsp	0.86	338832	338832	32381
kroD100.tsp	0.86	338832	338832	29917
kroD100.tsp	0.85	338832	338832	29216
kroD100.tsp	0.84	338832	338832	30600
kroD100.tsp	0.84	338832	338832	29085
kroD100.tsp	0.86	338832	338832	31311
kroD100.tsp	0.85	338832	338832	29435
kroD100.tsp	0.84	338832	338832	31931
kroD100.tsp	0.86	338832	338832	32039
kroE100.tsp	0.84	338832	338832	32071
kroE100.tsp	0.86	338832	338832	32921
kroE100.tsp	0.84	338832	338832	32503
kroE100.tsp	0.86	338832	338832	35112
kroE100.tsp	0.84	338832	338832	29392
kroE100.tsp	0.84	338832	338832	32437
kroE100.tsp	0.84	338832	338832	32995
kroE100.tsp	0.84	338832	338832	31575
kroE100.tsp	0.86	338832	338832	30633
kroE100.tsp	0.86	338832	338832	29871
lin105.tsp	0.86	338832	338832	18303
lin105.tsp	0.87	338832	338832	22991
lin105.tsp	0.88	338832	338832	23270
lin105.tsp	0.88	338832	338832	22381
lin105.tsp	0.88	338832	338832	20829
lin105.tsp	0.88	338832	338832	20519
lin105.tsp	0.87	338832	338832	21225
lin105.tsp	0.88	338832	338832	23918
lin105.tsp	0.87	338832	338832	22069
lin105.tsp	0.88	338832	338832	18477
lin318.tsp	2.23	338832	338832	115750
lin318.tsp	2.23	338832	338832	98599
lin318.tsp	2.23	338832	338832	99744
lin318.tsp	2.22	338832	338832	104263
lin318.tsp	2.23	338832	338832	93663
lin318.tsp	2.23	338832	338832	101128
lin318.tsp	2.23	338832	338832	105267
lin318.tsp	2.23	338832	338832	103238
lin318.tsp	2.22	338832	338832	109295
lin318.tsp	2.23	338832	338832	98151
linhp318.tsp	2.23	338832	338832	104096
linhp318.tsp	2.23	338832	338832	112437
linhp318.tsp	2.23	338832	338832	98775
linhp318.tsp	2.23	338832	338832	100261
linhp318.tsp	2.23	338832	338832	103435
linhp318.tsp	2.24	338832	338832	106258
linhp318.tsp	2.23	338832	338832	101304
linhp318.tsp	2.23	338832	338832	97571
linhp318.tsp	2.23	338832	338832	101992
linhp318.tsp	2.23	338832	338832	109613
pr107.tsp	0.89	338832	338832	80498
pr107.tsp	0.89	338832	338832	81855
pr107.tsp	0.89	338832	338832	81392
pr107.tsp	0.89	338832	338832	84149
pr107.tsp	0.88	338832	338832	101030
pr107.tsp	0.89	338832	338832	86726
pr107.tsp	0.89	338832	338832	90160
pr107.tsp	0.88	338832	338832	98101
pr107.tsp	0.88	338832	338832	73663
pr107.tsp	0.90	338832	338832	84433
pr124.tsp	1.00	338832	338832	114918
pr124.tsp	0.99	338832	338832	99628
pr124.tsp	0.99	338832	338832	114340
pr124.tsp	0.99	338832	338832	102766
pr124.tsp	0.99	338832	338832	128665
pr124.tsp	0.99	338832	338832	125693
pr124.tsp	1.00	338832	338832	112629
pr124.tsp	0.99	338832	338832	104020
pr124.tsp	0.96	338832	338832	118787
pr124.tsp	0.99	338832	338832	136133
pr136.tsp	1.10	338832	338832	154847
pr136.tsp	1.08	338832	338832	156289
pr136.tsp	1.08	338832	338832	163648
pr136.tsp	1.08	338832	338832	145138
pr136.tsp	1.08	338832	338832	165004
pr136.tsp	1.09	338832	338832	159595
pr136.tsp	1.09	338832	338832	172043
pr136.tsp	1.09	338832	338832	159041
pr136.tsp	1.08	338832	338832	161355
pr136.tsp	1.08	338832	338832	152317
pr144.tsp	1.13	338832	338832	138804
pr144.tsp	1.13	338832	338832	146381
pr144.tsp	1.12	338832	338832	135748
pr144.tsp	1.13	338832	338832	150134
pr144.tsp	1.13	338832	338832	132246
pr144.tsp	1.14	338832	338832	118575
pr144.tsp	1.12	338832	338832	149659
pr144.tsp	1.13	338832	338832	137917
pr144.tsp	1.13	338832	338832	149624
pr144.tsp	1.13	338832	338832	138810
pr152.tsp	1.18	338832	338832	194334
pr152.tsp	1.19	338832	338832	165156
pr152.tsp	1.19	338832	338832	164473
pr152.tsp	1.18	338832	338832	191255
pr152.tsp	1.78	338832	338832	187150
pr152.tsp	1.18	338832	338832	137477
pr152.tsp	1.19	338832	338832	165848
pr152.tsp	1.18	338832	338832	162065
pr152.tsp	1.20	338832	338832	183821
pr152.tsp	1.18	338832	338832	199666
pr226.tsp	1.65	338832	338832	256872
pr226.tsp	1.66	338832	338832	285359
pr226.tsp	1.66	338832	338832	272594
pr226.tsp	1.64	338832	338832	246900
pr226.tsp	1.66	338832	338832	276064
pr226.tsp	1.65	338832	338832	261199
pr226.tsp	1.65	338832	338832	298434
pr226.tsp	1.66	338832	338832	220964
pr226.tsp	1.65	338832	338832	289486
pr226.tsp	1.65	338832	338832	265025
pr264.tsp	1.87	338832	338832	177869
pr264.tsp	1.87	338832	338832	164561
pr264.tsp	1.87	338832	338832	183936
pr264.tsp	1.87	338832	338832	158943
pr264.tsp	1.87	338832	338832	177179
pr264.tsp	1.87	338832	338832	168787
pr264.tsp	1.87	338832	338832	153420
pr264.tsp	1.87	338832	338832	184693
pr264.tsp	1.88	338832	338832	177546
pr264.tsp	1.88	338832	338832	171066
pr299.tsp	2.10	338832	338832	109549
pr299.tsp	2.11	338832	338832	112940
pr299.tsp	2.10	338832	338832	124158
pr299.tsp	2.11	338832	338832	114998
pr299.tsp	2.10	338832	338832	109151
pr299.tsp	2.10	338832	338832	106633
pr299.tsp	2.11	338832	338832	128693
pr299.tsp	2.10	338832	338832	124038
pr299.tsp	2.11	338832	338832	127624
pr299.tsp	2.10	338832	338832	126081
pr439.tsp	3.05	338832	338832	339142
pr439.tsp	3.05	338832	338832	321556
pr439.tsp	3.07	338832	338832	340550
pr439.tsp	3.07	338832	338832	340247
pr439.tsp	3.06	338832	338832	350282
pr439.tsp	3.06	338832	338832	354076
pr439.tsp	3.06	338832	338832	341545
pr439.tsp	3.07	338832	338832	350330
pr439.tsp	3.06	338832	338832	353929
pr439.tsp	3.07	338832	338832	344173
pr76.tsp	0.69	338832	338832	135210
pr76.tsp	0.70	338832	338832	135097
pr76.tsp	0.69	338832	338832	134246
pr76.tsp	0.71	338832	338832	137494
pr76.tsp	0.69	338832	338832	143544
pr76.tsp	0.70	338832	338832	141616
pr76.tsp	0.70	338832	338832	144217
pr76.tsp	0.70	338832	338832	136748
pr76.tsp	0.70	338832	338832	148529
pr76.tsp	0.71	338832	338832	137855
rat575.tsp	4.20	338832	338832	19807
rat575.tsp	5.71	338832	338832	18545
rat575.tsp	4.23	338832	338832	20288
rat575.tsp	4.21	338832	338832	20479
rat575.tsp	4.22	338832	338832	19636
rat575.tsp	4.21	338832	338832	22662
rat575.tsp	4.21	338832	338832	19009
rat575.tsp	4.21	338832	338832	19678
rat575.tsp	4.19	338832	338832	20607
rat575.tsp	4.21	338832	338832	21185
rat783.tsp	5.89	338832	338832	33015
rat783.tsp	5.88	338832	338832	34331
rat783.tsp	5.86	338832	338832	31802
rat783.tsp	5.91	338832	338832	32826
rat783.tsp	5.92	338832	338832	32870
rat783.tsp	5.96	338832	338832	34195
rat783.tsp	5.96	338832	338832	35249
rat783.tsp	5.96	338832	338832	34579
rat783.tsp	5.94	338832	338832	32412
rat783.tsp	5.89	338832	338832	36565
rat99.tsp	0.85	338832	338832	1765
rat99.tsp	0.86	338832	338832	1599
rat99.tsp	0.86	338832	338832	1573
rat99.tsp	0.97	338832	338832	1519
rat99.tsp	0.86	338832	338832	1661
rat99.tsp	0.84	338832	338832	1645
rat99.tsp	0.86	338832	338832	1451
rat99.tsp	0.86	338832	338832	1528
rat99.tsp	0.85	338832	338832	1749
rat99.tsp	0.86	338832	338832	1598
