a280.tsp	2.40	406858	406858	5165
a280.tsp	2.40	406858	406858	5268
a280.tsp	2.40	406858	406858	5194
a280.tsp	2.39	406858	406858	5554
a280.tsp	2.40	406858	406858	5241
a280.tsp	2.40	406858	406858	5974
a280.tsp	2.40	406858	406858	5062
a280.tsp	2.41	406858	406858	5635
a280.tsp	2.39	406858	406858	5905
a280.tsp	2.40	406858	406858	6161
berlin52.tsp	0.67	406858	406858	8281
berlin52.tsp	0.67	406858	406858	7986
berlin52.tsp	0.67	406858	406858	8535
berlin52.tsp	0.67	406858	406858	9059
berlin52.tsp	0.67	406858	406858	9272
berlin52.tsp	0.68	406858	406858	8713
berlin52.tsp	0.66	406858	406858	9622
berlin52.tsp	0.67	406858	406858	8258
berlin52.tsp	0.66	406858	406858	8398
berlin52.tsp	0.67	406858	406858	8683
bier127.tsp	1.24	406858	406858	171495
bier127.tsp	1.24	406858	406858	158196
bier127.tsp	1.24	406858	406858	162520
bier127.tsp	1.24	406858	406858	163041
bier127.tsp	1.24	406858	406858	158553
bier127.tsp	1.24	406858	406858	152439
bier127.tsp	1.26	406858	406858	175222
bier127.tsp	1.23	406858	406858	172839
bier127.tsp	1.24	406858	406858	154148
bier127.tsp	1.24	406858	406858	160253
eil101.tsp	1.04	406858	406858	710
eil101.tsp	1.04	406858	406858	819
eil101.tsp	1.04	406858	406858	734
eil101.tsp	1.05	406858	406858	730
eil101.tsp	1.04	406858	406858	813
eil101.tsp	1.04	406858	406858	785
eil101.tsp	1.04	406858	406858	691
eil101.tsp	1.04	406858	406858	798
eil101.tsp	1.04	406858	406858	763
eil101.tsp	1.05	406858	406858	785
eil51.tsp	0.67	406858	406858	433
eil51.tsp	0.66	406858	406858	449
eil51.tsp	0.66	406858	406858	485
eil51.tsp	0.68	406858	406858	468
eil51.tsp	0.67	406858	406858	464
eil51.tsp	0.67	406858	406858	490
eil51.tsp	0.66	406858	406858	448
eil51.tsp	0.68	406858	406858	464
eil51.tsp	0.67	406858	406858	469
eil51.tsp	0.68	406858	406858	431
eil76.tsp	0.86	406858	406858	618
eil76.tsp	0.85	406858	406858	591
eil76.tsp	0.85	406858	406858	611
eil76.tsp	0.86	406858	406858	604
eil76.tsp	0.85	406858	406858	627
eil76.tsp	0.85	406858	406858	614
eil76.tsp	0.86	406858	406858	670
eil76.tsp	0.85	406858	406858	599
eil76.tsp	0.85	406858	406858	636
eil76.tsp	0.86	406858	406858	629
gil262.tsp	2.26	406858	406858	4685
gil262.tsp	2.26	406858	406858	5003
gil262.tsp	2.26	406858	406858	4616
gil262.tsp	2.25	406858	406858	4715
gil262.tsp	2.26	406858	406858	4766
gil262.tsp	2.25	406858	406858	4593
gil262.tsp	2.70	406858	406858	4785
gil262.tsp	2.24	406858	406858	4723
gil262.tsp	2.26	406858	406858	4832
gil262.tsp	2.25	406858	406858	4747
kroA100.tsp	1.03	406858	406858	31127
kroA100.tsp	1.03	406858	406858	30126
kroA100.tsp	1.04	406858	406858	36408
kroA100.tsp	1.04	406858	406858	29473
kroA100.tsp	1.02	406858	406858	34619
kroA100.tsp	1.02	406858	406858	28270
kroA100.tsp	1.03	406858	406858	33617
kroA100.tsp	1.01	406858	406858	30058
kroA100.tsp	1.02	406858	406858	34784
kroA100.tsp	1.04	406858	406858	30013
kroA150.tsp	1.40	406858	406858	49385
kroA150.tsp	1.42	406858	406858	41713
kroA150.tsp	1.70	406858	406858	44841
kroA150.tsp	1.42	406858	406858	49325
kroA150.tsp	1.42	406858	406858	46226
kroA150.tsp	1.42	406858	406858	45144
kroA150.tsp	1.42	406858	406858	46636
kroA150.tsp	1.42	406858	406858	47680
kroA150.tsp	1.41	406858	406858	43734
kroA150.tsp	1.41	406858	406858	42880
kroA200.tsp	1.79	406858	406858	58718
kroA200.tsp	1.77	406858	406858	59189
kroA200.tsp	1.79	406858	406858	57209
kroA200.tsp	1.79	406858	406858	62547
kroA200.tsp	1.79	406858	406858	61443
kroA200.tsp	1.78	406858	406858	59978
kroA200.tsp	1.78	406858	406858	62869
kroA200.tsp	1.79	406858	406858	62793
kroA200.tsp	1.80	406858	406858	56504
kroA200.tsp	1.78	406858	406858	52190
kroB100.tsp	1.02	406858	406858	30222
kroB100.tsp	1.03	406858	406858	30383
kroB100.tsp	1.01	406858	406858	32049
kroB100.tsp	1.01	406858	406858	33281
kroB100.tsp	1.04	406858	406858	31322
kroB100.tsp	1.02	406858	406858	33639
kroB100.tsp	1.03	406858	406858	31177
kroB100.tsp	1.01	406858	406858	30636
kroB100.tsp	1.11	406858	406858	31658
kroB100.tsp	1.04	406858	406858	33754
kroB150.tsp	1.42	406858	406858	40297
kroB150.tsp	1.41	406858	406858	43921
kroB150.tsp	1.42	406858	406858	44769
kroB150.tsp	1.40	406858	406858	42791
kroB150.tsp	1.42	406858	406858	43517
kroB150.tsp	1.41	406858	406858	42062
kroB150.tsp	1.42	406858	406858	47573
kroB150.tsp	1.41	406858	406858	42656
kroB150.tsp	1.41	406858	406858	40346
kroB150.tsp	1.42	406858	406858	46651
kroB200.tsp	1.80	406858	406858	50941
kroB200.tsp	1.78	406858	406858	58344
kroB200.tsp	1.79	406858	406858	49773
kroB200.tsp	1.78	406858	406858	51046
kroB200.tsp	1.79	406858	406858	56202
kroB200.tsp	1.78	406858	406858	60427
kroB200.tsp	1.79	406858	406858	52473
kroB200.tsp	1.79	406858	406858	56337
kroB200.tsp	1.79	406858	406858	56557
kroB200.tsp	1.78	406858	406858	49969
kroC100.tsp	1.01	406858	406858	28050
kroC100.tsp	1.02	406858	406858	28719
kroC100.tsp	1.04	406858	406858	31181
kroC100.tsp	1.01	406858	406858	27530
kroC100.tsp	1.03	406858	406858	31838
kroC100.tsp	1.00	406858	406858	30423
kroC100.tsp	1.02	406858	406858	30506
kroC100.tsp	1.03	406858	406858	33640
kroC100.tsp	1.03	406858	406858	30222
kroC100.tsp	1.01	406858	406858	31069
kroD100.tsp	1.04	406858	406858	30820
kroD100.tsp	1.01	406858	406858	27552
kroD100.tsp	1.01	406858	406858	27680
kroD100.tsp	1.04	406858	406858	31220
kroD100.tsp	1.01	406858	406858	31351
kroD100.tsp	1.01	406858	406858	29158
kroD100.tsp	1.01	406858	406858	35236
kroD100.tsp	1.03	406858	406858	31172
kroD100.tsp	1.03	406858	406858	36292
kroD100.tsp	1.02	406858	406858	30889
kroE100.tsp	1.03	406858	406858	30281
kroE100.tsp	1.01	406858	406858	32481
kroE100.tsp	1.01	406858	406858	33195
kroE100.tsp	1.03	406858	406858	31034
kroE100.tsp	1.04	406858	406858	29219
kroE100.tsp	1.04	406858	406858	32067
kroE100.tsp	1.04	406858	406858	33240
kroE100.tsp	1.00	406858	406858	32931
kroE100.tsp	1.02	406858	406858	30955
kroE100.tsp	1.01	406858	406858	31082
lin105.tsp	1.05	406858	406858	22866
lin105.tsp	1.06	406858	406858	21784
lin105.tsp	1.04	406858	406858	22213
lin105.tsp	1.06	406858	406858	21450
lin105.tsp	1.06	406858	406858	21525
lin105.tsp	1.06	406858	406858	22425
lin105.tsp	1.06	406858	406858	22700
lin105.tsp	1.06	406858	406858	26252
lin105.tsp	1.05	406858	406858	22635
lin105.tsp	1.04	406858	406858	19809
lin318.tsp	2.68	406858	406858	102757
lin318.tsp	2.68	406858	406858	106193
lin318.tsp	2.68	406858	406858	101590
lin318.tsp	2.69	406858	406858	108149
lin318.tsp	2.68	406858	406858	101027
lin318.tsp	2.68	406858	406858	103683
lin318.tsp	2.68	406858	406858	94831
lin318.tsp	2.68	406858	406858	98484
lin318.tsp	2.67	406858	406858	106315
lin318.tsp	2.68	406858	406858	103421
linhp318.tsp	2.68	406858	406858	101877
linhp318.tsp	2.68	406858	406858	96992
linhp318.tsp	2.69	406858	406858	102816
linhp318.tsp	2.68	406858	406858	103246
linhp318.tsp	2.68	406858	406858	112267
linhp318.tsp	2.68	406858	406858	109392
linhp318.tsp	2.68	406858	406858	104892
linhp318.tsp	2.67	406858	406858	97390
linhp318.tsp	2.68	406858	406858	95702
linhp318.tsp	2.68	406858	406858	101197
pr107.tsp	1.07	406858	406858	93074
pr107.tsp	1.06	406858	406858	99542
pr107.tsp	1.08	406858	406858	102283
pr107.tsp	1.07	406858	406858	81715
pr107.tsp	1.08	406858	406858	70299
pr107.tsp	1.07	406858	406858	98585
pr107.tsp	1.07	406858	406858	87173
pr107.tsp	1.08	406858	406858	94339
pr107.tsp	1.07	406858	406858	82960
pr107.tsp	1.07	406858	406858	82820
pr124.tsp	1.20	406858	406858	132701
pr124.tsp	1.20	406858	406858	111225
pr124.tsp	1.20	406858	406858	110449
pr124.tsp	1.20	406858	406858	116079
pr124.tsp	1.19	406858	406858	113380
pr124.tsp	1.20	406858	406858	105617
pr124.tsp	1.20	406858	406858	116222
pr124.tsp	1.20	406858	406858	107449
pr124.tsp	1.19	406858	406858	95070
pr124.tsp	1.20	406858	406858	108880
pr136.tsp	1.31	406858	406858	156655
pr136.tsp	1.31	406858	406858	165642
pr136.tsp	1.30	406858	406858	155205
pr136.tsp	1.32	406858	406858	171889
pr136.tsp	1.30	406858	406858	153981
pr136.tsp	1.31	406858	406858	144362
pr136.tsp	1.31	406858	406858	158791
pr136.tsp	1.31	406858	406858	146129
pr136.tsp	1.30	406858	406858	167251
pr136.tsp	1.30	406858	406858	154070
pr144.tsp	1.37	406858	406858	138483
pr144.tsp	1.37	406858	406858	113922
pr144.tsp	1.36	406858	406858	120265
pr144.tsp	1.36	406858	406858	142414
pr144.tsp	1.37	406858	406858	150122
pr144.tsp	1.36	406858	406858	141644
pr144.tsp	1.36	406858	406858	128083
pr144.tsp	1.36	406858	406858	155105
pr144.tsp	1.37	406858	406858	117201
pr144.tsp	1.36	406858	406858	127111
pr152.tsp	1.43	406858	406858	161371
pr152.tsp	1.42	406858	406858	178817
pr152.tsp	1.44	406858	406858	155647
pr152.tsp	1.43	406858	406858	174643
pr152.tsp	1.42	406858	406858	168043
pr152.tsp	1.42	406858	406858	160830
pr152.tsp	1.43	406858	406858	177535
pr152.tsp	1.44	406858	406858	180550
pr152.tsp	1.43	406858	406858	166265
pr152.tsp	1.42	406858	406858	199498
pr226.tsp	1.98	406858	406858	217982
pr226.tsp	1.99	406858	406858	241825
pr226.tsp	1.99	406858	406858	268536
pr226.tsp	2.00	406858	406858	245829
pr226.tsp	1.98	406858	406858	242286
pr226.tsp	1.98	406858	406858	243036
pr226.tsp	1.99	406858	406858	256122
pr226.tsp	1.98	406858	406858	224476
pr226.tsp	1.98	406858	406858	236900
pr226.tsp	1.99	406858	406858	259751
pr264.tsp	2.25	406858	406858	159804
pr264.tsp	2.24	406858	406858	179377
pr264.tsp	2.25	406858	406858	164716
pr264.tsp	2.25	406858	406858	160907
pr264.tsp	2.24	406858	406858	167522
pr264.tsp	2.25	406858	406858	182066
pr264.tsp	2.26	406858	406858	181772
pr264.tsp	2.25	406858	406858	160039
pr264.tsp	2.25	406858	406858	135067
pr264.tsp	2.24	406858	406858	150903
pr299.tsp	2.53	406858	406858	120690
pr299.tsp	2.53	406858	406858	106760
pr299.tsp	2.52	406858	406858	119955
pr299.tsp	2.52	406858	406858	118244
pr299.tsp	2.52	406858	406858	112124
pr299.tsp	2.52	406858	406858	114664
pr299.tsp	2.53	406858	406858	119957
pr299.tsp	2.52	406858	406858	114898
pr299.tsp	2.53	406858	406858	110796
pr299.tsp	2.53	406858	406858	120457
pr439.tsp	3.67	406858	406858	329586
pr439.tsp	3.69	406858	406858	312374
pr439.tsp	3.68	406858	406858	321197
pr439.tsp	3.68	406858	406858	324755
pr439.tsp	3.67	406858	406858	327674
pr439.tsp	3.67	406858	406858	334378
pr439.tsp	3.68	406858	406858	356055
pr439.tsp	3.68	406858	406858	292916
pr439.tsp	3.65	406858	406858	332809
pr439.tsp	3.68	406858	406858	331808
pr76.tsp	0.85	406858	406858	144025
pr76.tsp	0.85	406858	406858	140959
pr76.tsp	0.83	406858	406858	144230
pr76.tsp	0.84	406858	406858	141972
pr76.tsp	0.86	406858	406858	148212
pr76.tsp	0.85	406858	406858	118239
pr76.tsp	0.84	406858	406858	143619
pr76.tsp	0.85	406858	406858	140158
pr76.tsp	0.84	406858	406858	143483
pr76.tsp	0.84	406858	406858	135376
rat575.tsp	5.07	406858	406858	20071
rat575.tsp	5.05	406858	406858	19257
rat575.tsp	5.07	406858	406858	19470
rat575.tsp	5.08	406858	406858	19705
rat575.tsp	5.06	406858	406858	20272
rat575.tsp	5.08	406858	406858	18531
rat575.tsp	5.04	406858	406858	19913
rat575.tsp	5.03	406858	406858	19655
rat575.tsp	5.05	406858	406858	19826
rat575.tsp	5.08	406858	406858	19326
rat783.tsp	7.08	406858	406858	32288
rat783.tsp	7.17	406858	406858	34039
rat783.tsp	7.05	406858	406858	34039
rat783.tsp	7.16	406858	406858	32354
rat783.tsp	7.05	406858	406858	30102
rat783.tsp	7.20	406858	406858	33002
rat783.tsp	7.09	406858	406858	33477
rat783.tsp	7.15	406858	406858	32388
rat783.tsp	7.14	406858	406858	32319
rat783.tsp	7.10	406858	406858	34584
rat99.tsp	1.03	406858	406858	1793
rat99.tsp	1.03	406858	406858	1499
rat99.tsp	1.02	406858	406858	1570
rat99.tsp	1.03	406858	406858	1591
rat99.tsp	1.03	406858	406858	1790
rat99.tsp	1.03	406858	406858	1691
rat99.tsp	1.04	406858	406858	1641
rat99.tsp	1.03	406858	406858	1600
rat99.tsp	1.02	406858	406858	1716
rat99.tsp	1.02	406858	406858	1594
