a280.tsp	15.91	2441204	2441204	4362
a280.tsp	14.38	2441204	2441204	4404
a280.tsp	14.35	2441204	2441204	4756
a280.tsp	14.44	2441204	2441204	4200
a280.tsp	14.36	2441204	2441204	4411
a280.tsp	14.39	2441204	2441204	4540
a280.tsp	14.42	2441204	2441204	4627
a280.tsp	14.36	2441204	2441204	4470
a280.tsp	14.41	2441204	2441204	4598
a280.tsp	14.36	2441204	2441204	4401
berlin52.tsp	4.04	2441204	2441204	8053
berlin52.tsp	4.09	2441204	2441204	9181
berlin52.tsp	3.97	2441204	2441204	8238
berlin52.tsp	3.99	2441204	2441204	8370
berlin52.tsp	4.03	2441204	2441204	8240
berlin52.tsp	4.06	2441204	2441204	8226
berlin52.tsp	4.03	2441204	2441204	8206
berlin52.tsp	4.04	2441204	2441204	8441
berlin52.tsp	4.02	2441204	2441204	7976
berlin52.tsp	4.08	2441204	2441204	8040
bier127.tsp	7.46	2441204	2441204	143157
bier127.tsp	7.47	2441204	2441204	140376
bier127.tsp	7.46	2441204	2441204	141796
bier127.tsp	7.48	2441204	2441204	138426
bier127.tsp	7.44	2441204	2441204	142659
bier127.tsp	7.46	2441204	2441204	143374
bier127.tsp	7.50	2441204	2441204	155151
bier127.tsp	7.44	2441204	2441204	147339
bier127.tsp	7.51	2441204	2441204	141282
bier127.tsp	7.50	2441204	2441204	142892
eil101.tsp	6.24	2441204	2441204	693
eil101.tsp	6.24	2441204	2441204	696
eil101.tsp	6.24	2441204	2441204	700
eil101.tsp	6.29	2441204	2441204	738
eil101.tsp	6.23	2441204	2441204	670
eil101.tsp	6.18	2441204	2441204	715
eil101.tsp	6.24	2441204	2441204	695
eil101.tsp	6.27	2441204	2441204	685
eil101.tsp	6.23	2441204	2441204	683
eil101.tsp	6.22	2441204	2441204	712
eil51.tsp	4.08	2441204	2441204	446
eil51.tsp	4.04	2441204	2441204	434
eil51.tsp	4.04	2441204	2441204	480
eil51.tsp	4.05	2441204	2441204	462
eil51.tsp	4.06	2441204	2441204	439
eil51.tsp	4.04	2441204	2441204	434
eil51.tsp	4.02	2441204	2441204	440
eil51.tsp	3.99	2441204	2441204	446
eil51.tsp	3.98	2441204	2441204	436
eil51.tsp	4.03	2441204	2441204	456
eil76.tsp	5.16	2441204	2441204	600
eil76.tsp	5.13	2441204	2441204	595
eil76.tsp	5.14	2441204	2441204	578
eil76.tsp	5.12	2441204	2441204	592
eil76.tsp	5.16	2441204	2441204	589
eil76.tsp	5.13	2441204	2441204	577
eil76.tsp	5.14	2441204	2441204	586
eil76.tsp	5.09	2441204	2441204	597
eil76.tsp	5.14	2441204	2441204	612
eil76.tsp	5.14	2441204	2441204	573
gil262.tsp	14.96	2441204	2441204	3671
gil262.tsp	13.57	2441204	2441204	3724
gil262.tsp	13.52	2441204	2441204	3976
gil262.tsp	13.51	2441204	2441204	3794
gil262.tsp	13.54	2441204	2441204	4168
gil262.tsp	13.51	2441204	2441204	3876
gil262.tsp	13.50	2441204	2441204	3745
gil262.tsp	13.49	2441204	2441204	3850
gil262.tsp	13.52	2441204	2441204	3755
gil262.tsp	13.49	2441204	2441204	3877
kroA100.tsp	6.18	2441204	2441204	27215
kroA100.tsp	6.20	2441204	2441204	24891
kroA100.tsp	6.04	2441204	2441204	27619
kroA100.tsp	6.04	2441204	2441204	24534
kroA100.tsp	6.22	2441204	2441204	27615
kroA100.tsp	6.23	2441204	2441204	25193
kroA100.tsp	6.21	2441204	2441204	25243
kroA100.tsp	6.07	2441204	2441204	25853
kroA100.tsp	6.25	2441204	2441204	26539
kroA100.tsp	6.70	2441204	2441204	26167
kroA150.tsp	8.45	2441204	2441204	33975
kroA150.tsp	8.54	2441204	2441204	38176
kroA150.tsp	8.52	2441204	2441204	35681
kroA150.tsp	8.56	2441204	2441204	42699
kroA150.tsp	8.47	2441204	2441204	36641
kroA150.tsp	8.47	2441204	2441204	36297
kroA150.tsp	8.52	2441204	2441204	37634
kroA150.tsp	8.50	2441204	2441204	39474
kroA150.tsp	8.48	2441204	2441204	34008
kroA150.tsp	8.48	2441204	2441204	38121
kroA200.tsp	10.66	2441204	2441204	53687
kroA200.tsp	10.70	2441204	2441204	47511
kroA200.tsp	10.75	2441204	2441204	46944
kroA200.tsp	10.78	2441204	2441204	45560
kroA200.tsp	10.80	2441204	2441204	43047
kroA200.tsp	11.02	2441204	2441204	42054
kroA200.tsp	10.86	2441204	2441204	43260
kroA200.tsp	10.77	2441204	2441204	53227
kroA200.tsp	10.73	2441204	2441204	43493
kroA200.tsp	10.74	2441204	2441204	44783
kroB100.tsp	6.20	2441204	2441204	24783
kroB100.tsp	6.18	2441204	2441204	28554
kroB100.tsp	6.26	2441204	2441204	27770
kroB100.tsp	6.11	2441204	2441204	27185
kroB100.tsp	6.13	2441204	2441204	26996
kroB100.tsp	6.21	2441204	2441204	28652
kroB100.tsp	6.16	2441204	2441204	29090
kroB100.tsp	6.11	2441204	2441204	28180
kroB100.tsp	6.14	2441204	2441204	27336
kroB100.tsp	6.24	2441204	2441204	26517
kroB150.tsp	8.40	2441204	2441204	36698
kroB150.tsp	8.51	2441204	2441204	35850
kroB150.tsp	8.47	2441204	2441204	36127
kroB150.tsp	8.45	2441204	2441204	32881
kroB150.tsp	8.53	2441204	2441204	38708
kroB150.tsp	8.51	2441204	2441204	37174
kroB150.tsp	8.43	2441204	2441204	35037
kroB150.tsp	8.48	2441204	2441204	42558
kroB150.tsp	8.51	2441204	2441204	38343
kroB150.tsp	8.45	2441204	2441204	37623
kroB200.tsp	10.84	2441204	2441204	41729
kroB200.tsp	10.80	2441204	2441204	46247
kroB200.tsp	10.71	2441204	2441204	45243
kroB200.tsp	10.72	2441204	2441204	48626
kroB200.tsp	10.84	2441204	2441204	42258
kroB200.tsp	10.69	2441204	2441204	45839
kroB200.tsp	13.24	2441204	2441204	40834
kroB200.tsp	10.75	2441204	2441204	43902
kroB200.tsp	10.77	2441204	2441204	42985
kroB200.tsp	10.81	2441204	2441204	45271
kroC100.tsp	6.09	2441204	2441204	28723
kroC100.tsp	6.22	2441204	2441204	28121
kroC100.tsp	6.18	2441204	2441204	24457
kroC100.tsp	6.11	2441204	2441204	25122
kroC100.tsp	6.05	2441204	2441204	24343
kroC100.tsp	6.07	2441204	2441204	28147
kroC100.tsp	6.24	2441204	2441204	27450
kroC100.tsp	6.21	2441204	2441204	26327
kroC100.tsp	6.22	2441204	2441204	24789
kroC100.tsp	6.12	2441204	2441204	25581
kroD100.tsp	6.23	2441204	2441204	25091
kroD100.tsp	6.20	2441204	2441204	25903
kroD100.tsp	6.25	2441204	2441204	25666
kroD100.tsp	6.19	2441204	2441204	27702
kroD100.tsp	6.08	2441204	2441204	28224
kroD100.tsp	6.18	2441204	2441204	26330
kroD100.tsp	6.20	2441204	2441204	28442
kroD100.tsp	6.22	2441204	2441204	27015
kroD100.tsp	6.11	2441204	2441204	26102
kroD100.tsp	6.05	2441204	2441204	28271
kroE100.tsp	6.29	2441204	2441204	25111
kroE100.tsp	6.10	2441204	2441204	26685
kroE100.tsp	6.21	2441204	2441204	27235
kroE100.tsp	6.16	2441204	2441204	27089
kroE100.tsp	6.07	2441204	2441204	27583
kroE100.tsp	6.84	2441204	2441204	25762
kroE100.tsp	6.21	2441204	2441204	27841
kroE100.tsp	6.11	2441204	2441204	25489
kroE100.tsp	6.08	2441204	2441204	26393
kroE100.tsp	6.28	2441204	2441204	26353
lin105.tsp	6.30	2441204	2441204	18613
lin105.tsp	6.38	2441204	2441204	20025
lin105.tsp	6.34	2441204	2441204	18110
lin105.tsp	6.24	2441204	2441204	18158
lin105.tsp	6.41	2441204	2441204	19833
lin105.tsp	6.24	2441204	2441204	18451
lin105.tsp	6.38	2441204	2441204	18723
lin105.tsp	6.33	2441204	2441204	18672
lin105.tsp	6.36	2441204	2441204	17130
lin105.tsp	6.26	2441204	2441204	17975
lin318.tsp	16.11	2441204	2441204	82758
lin318.tsp	16.08	2441204	2441204	85506
lin318.tsp	16.10	2441204	2441204	85500
lin318.tsp	16.06	2441204	2441204	79927
lin318.tsp	15.98	2441204	2441204	79957
lin318.tsp	16.02	2441204	2441204	82484
lin318.tsp	16.10	2441204	2441204	84800
lin318.tsp	16.12	2441204	2441204	83867
lin318.tsp	16.04	2441204	2441204	81031
lin318.tsp	16.10	2441204	2441204	83287
linhp318.tsp	16.02	2441204	2441204	84709
linhp318.tsp	16.10	2441204	2441204	78330
linhp318.tsp	16.11	2441204	2441204	79777
linhp318.tsp	16.10	2441204	2441204	78413
linhp318.tsp	16.05	2441204	2441204	80610
linhp318.tsp	16.08	2441204	2441204	78289
linhp318.tsp	16.10	2441204	2441204	78519
linhp318.tsp	16.07	2441204	2441204	86975
linhp318.tsp	20.30	2441204	2441204	82847
linhp318.tsp	16.01	2441204	2441204	82392
pr107.tsp	6.40	2441204	2441204	67887
pr107.tsp	6.43	2441204	2441204	64703
pr107.tsp	6.45	2441204	2441204	65427
pr107.tsp	6.45	2441204	2441204	67675
pr107.tsp	6.43	2441204	2441204	62115
pr107.tsp	6.45	2441204	2441204	75306
pr107.tsp	6.48	2441204	2441204	53485
pr107.tsp	6.43	2441204	2441204	78786
pr107.tsp	6.45	2441204	2441204	52474
pr107.tsp	6.44	2441204	2441204	64958
pr124.tsp	7.20	2441204	2441204	71129
pr124.tsp	7.19	2441204	2441204	79368
pr124.tsp	7.20	2441204	2441204	94353
pr124.tsp	7.24	2441204	2441204	91699
pr124.tsp	7.23	2441204	2441204	91948
pr124.tsp	7.15	2441204	2441204	83234
pr124.tsp	7.22	2441204	2441204	86306
pr124.tsp	7.19	2441204	2441204	87147
pr124.tsp	7.18	2441204	2441204	82241
pr124.tsp	7.20	2441204	2441204	80065
pr136.tsp	7.87	2441204	2441204	139694
pr136.tsp	7.80	2441204	2441204	127990
pr136.tsp	7.84	2441204	2441204	122690
pr136.tsp	7.84	2441204	2441204	115436
pr136.tsp	7.92	2441204	2441204	122256
pr136.tsp	7.87	2441204	2441204	121687
pr136.tsp	7.88	2441204	2441204	121303
pr136.tsp	7.94	2441204	2441204	126781
pr136.tsp	7.79	2441204	2441204	138577
pr136.tsp	7.88	2441204	2441204	126450
pr144.tsp	8.21	2441204	2441204	97479
pr144.tsp	8.21	2441204	2441204	102321
pr144.tsp	8.26	2441204	2441204	98928
pr144.tsp	8.25	2441204	2441204	108553
pr144.tsp	8.23	2441204	2441204	106677
pr144.tsp	8.16	2441204	2441204	113744
pr144.tsp	8.13	2441204	2441204	108990
pr144.tsp	8.13	2441204	2441204	95906
pr144.tsp	8.21	2441204	2441204	97665
pr144.tsp	8.12	2441204	2441204	107822
pr152.tsp	8.54	2441204	2441204	128238
pr152.tsp	8.54	2441204	2441204	106327
pr152.tsp	8.50	2441204	2441204	125101
pr152.tsp	8.58	2441204	2441204	134364
pr152.tsp	8.50	2441204	2441204	129531
pr152.tsp	8.51	2441204	2441204	127200
pr152.tsp	8.56	2441204	2441204	118188
pr152.tsp	8.63	2441204	2441204	121963
pr152.tsp	8.50	2441204	2441204	139601
pr152.tsp	8.52	2441204	2441204	134035
pr226.tsp	11.87	2441204	2441204	196431
pr226.tsp	11.86	2441204	2441204	194246
pr226.tsp	11.91	2441204	2441204	204449
pr226.tsp	11.92	2441204	2441204	191877
pr226.tsp	11.94	2441204	2441204	182765
pr226.tsp	11.88	2441204	2441204	181742
pr226.tsp	11.95	2441204	2441204	201895
pr226.tsp	11.93	2441204	2441204	183867
pr226.tsp	11.94	2441204	2441204	191157
pr226.tsp	11.92	2441204	2441204	172264
pr264.tsp	13.52	2441204	2441204	107940
pr264.tsp	13.52	2441204	2441204	104891
pr264.tsp	13.45	2441204	2441204	122958
pr264.tsp	14.92	2441204	2441204	107466
pr264.tsp	13.51	2441204	2441204	121720
pr264.tsp	13.47	2441204	2441204	132391
pr264.tsp	13.51	2441204	2441204	116738
pr264.tsp	13.50	2441204	2441204	98316
pr264.tsp	13.49	2441204	2441204	120904
pr264.tsp	13.54	2441204	2441204	129206
pr299.tsp	15.20	2441204	2441204	84817
pr299.tsp	15.12	2441204	2441204	94373
pr299.tsp	15.12	2441204	2441204	97179
pr299.tsp	15.17	2441204	2441204	88092
pr299.tsp	15.14	2441204	2441204	92330
pr299.tsp	15.18	2441204	2441204	92181
pr299.tsp	15.10	2441204	2441204	89769
pr299.tsp	15.13	2441204	2441204	90946
pr299.tsp	15.19	2441204	2441204	82521
pr299.tsp	15.15	2441204	2441204	94441
pr439.tsp	21.94	2441204	2441204	247153
pr439.tsp	22.00	2441204	2441204	251682
pr439.tsp	22.03	2441204	2441204	245193
pr439.tsp	22.01	2441204	2441204	245745
pr439.tsp	22.12	2441204	2441204	263776
pr439.tsp	21.98	2441204	2441204	241144
pr439.tsp	22.02	2441204	2441204	258468
pr439.tsp	22.03	2441204	2441204	240370
pr439.tsp	22.10	2441204	2441204	232137
pr439.tsp	22.03	2441204	2441204	259827
pr76.tsp	5.12	2441204	2441204	124713
pr76.tsp	5.06	2441204	2441204	120773
pr76.tsp	5.14	2441204	2441204	132794
pr76.tsp	5.12	2441204	2441204	120543
pr76.tsp	5.13	2441204	2441204	123983
pr76.tsp	5.11	2441204	2441204	114422
pr76.tsp	5.11	2441204	2441204	129441
pr76.tsp	5.12	2441204	2441204	123295
pr76.tsp	5.11	2441204	2441204	126423
pr76.tsp	5.05	2441204	2441204	129302
rat575.tsp	30.39	2441204	2441204	14212
rat575.tsp	30.33	2441204	2441204	13856
rat575.tsp	30.39	2441204	2441204	13652
rat575.tsp	30.56	2441204	2441204	14987
rat575.tsp	30.43	2441204	2441204	14464
rat575.tsp	30.52	2441204	2441204	14098
rat575.tsp	30.46	2441204	2441204	14740
rat575.tsp	30.34	2441204	2441204	13810
rat575.tsp	30.48	2441204	2441204	14131
rat575.tsp	30.37	2441204	2441204	13810
rat783.tsp	42.63	2441204	2441204	21816
rat783.tsp	42.62	2441204	2441204	21442
rat783.tsp	42.70	2441204	2441204	22496
rat783.tsp	42.78	2441204	2441204	22494
rat783.tsp	42.81	2441204	2441204	21337
rat783.tsp	58.02	2441204	2441204	22016
rat783.tsp	42.91	2441204	2441204	21786
rat783.tsp	42.65	2441204	2441204	21017
rat783.tsp	42.39	2441204	2441204	21680
rat783.tsp	42.80	2441204	2441204	22322
rat99.tsp	6.20	2441204	2441204	1368
rat99.tsp	6.15	2441204	2441204	1497
rat99.tsp	6.16	2441204	2441204	1458
rat99.tsp	6.21	2441204	2441204	1469
rat99.tsp	6.10	2441204	2441204	1433
rat99.tsp	6.21	2441204	2441204	1455
rat99.tsp	6.10	2441204	2441204	1430
rat99.tsp	6.17	2441204	2441204	1399
rat99.tsp	6.17	2441204	2441204	1466
rat99.tsp	6.15	2441204	2441204	1508
