a280.tsp	2.06	348734	348734	5453
a280.tsp	2.06	348734	348734	5789
a280.tsp	2.06	348734	348734	5448
a280.tsp	2.06	348734	348734	5434
a280.tsp	2.06	348734	348734	5506
a280.tsp	2.06	348734	348734	5768
a280.tsp	2.06	348734	348734	5386
a280.tsp	2.05	348734	348734	6039
a280.tsp	2.06	348734	348734	5430
a280.tsp	2.05	348734	348734	6068
berlin52.tsp	0.58	348734	348734	8821
berlin52.tsp	0.58	348734	348734	9276
berlin52.tsp	0.58	348734	348734	8463
berlin52.tsp	0.58	348734	348734	8881
berlin52.tsp	0.58	348734	348734	8385
berlin52.tsp	0.58	348734	348734	8378
berlin52.tsp	0.57	348734	348734	8782
berlin52.tsp	0.57	348734	348734	8524
berlin52.tsp	0.57	348734	348734	8364
berlin52.tsp	0.57	348734	348734	8570
bier127.tsp	1.06	348734	348734	159611
bier127.tsp	1.06	348734	348734	179788
bier127.tsp	1.07	348734	348734	156357
bier127.tsp	1.06	348734	348734	167215
bier127.tsp	1.07	348734	348734	160774
bier127.tsp	1.06	348734	348734	162026
bier127.tsp	1.06	348734	348734	163690
bier127.tsp	1.06	348734	348734	164713
bier127.tsp	1.06	348734	348734	160827
bier127.tsp	1.07	348734	348734	175362
eil101.tsp	0.89	348734	348734	739
eil101.tsp	0.89	348734	348734	750
eil101.tsp	0.89	348734	348734	777
eil101.tsp	0.88	348734	348734	782
eil101.tsp	0.88	348734	348734	762
eil101.tsp	0.89	348734	348734	736
eil101.tsp	0.89	348734	348734	801
eil101.tsp	0.90	348734	348734	805
eil101.tsp	0.90	348734	348734	748
eil101.tsp	0.90	348734	348734	781
eil51.tsp	0.58	348734	348734	466
eil51.tsp	0.58	348734	348734	460
eil51.tsp	0.57	348734	348734	496
eil51.tsp	0.57	348734	348734	457
eil51.tsp	0.56	348734	348734	488
eil51.tsp	0.62	348734	348734	497
eil51.tsp	0.58	348734	348734	439
eil51.tsp	0.58	348734	348734	477
eil51.tsp	0.58	348734	348734	462
eil51.tsp	0.60	348734	348734	445
eil76.tsp	0.73	348734	348734	612
eil76.tsp	0.73	348734	348734	634
eil76.tsp	0.73	348734	348734	627
eil76.tsp	0.74	348734	348734	639
eil76.tsp	0.73	348734	348734	672
eil76.tsp	0.73	348734	348734	602
eil76.tsp	0.74	348734	348734	673
eil76.tsp	0.73	348734	348734	646
eil76.tsp	0.73	348734	348734	618
eil76.tsp	0.73	348734	348734	654
gil262.tsp	1.93	348734	348734	4740
gil262.tsp	1.93	348734	348734	4825
gil262.tsp	1.93	348734	348734	4770
gil262.tsp	1.93	348734	348734	5058
gil262.tsp	1.93	348734	348734	4961
gil262.tsp	1.93	348734	348734	4768
gil262.tsp	1.93	348734	348734	4844
gil262.tsp	1.93	348734	348734	4658
gil262.tsp	1.93	348734	348734	4599
gil262.tsp	2.36	348734	348734	4800
kroA100.tsp	0.86	348734	348734	32058
kroA100.tsp	0.86	348734	348734	32052
kroA100.tsp	0.88	348734	348734	31116
kroA100.tsp	0.87	348734	348734	29067
kroA100.tsp	0.88	348734	348734	34188
kroA100.tsp	0.86	348734	348734	34275
kroA100.tsp	0.86	348734	348734	35120
kroA100.tsp	0.88	348734	348734	28137
kroA100.tsp	0.87	348734	348734	35801
kroA100.tsp	0.86	348734	348734	31711
kroA150.tsp	1.20	348734	348734	42960
kroA150.tsp	1.22	348734	348734	43844
kroA150.tsp	1.20	348734	348734	45148
kroA150.tsp	1.21	348734	348734	45505
kroA150.tsp	1.21	348734	348734	47986
kroA150.tsp	1.22	348734	348734	45590
kroA150.tsp	1.20	348734	348734	45159
kroA150.tsp	1.21	348734	348734	45181
kroA150.tsp	1.21	348734	348734	47800
kroA150.tsp	1.20	348734	348734	43865
kroA200.tsp	1.53	348734	348734	51171
kroA200.tsp	1.54	348734	348734	54059
kroA200.tsp	1.54	348734	348734	55951
kroA200.tsp	1.53	348734	348734	59555
kroA200.tsp	1.53	348734	348734	58982
kroA200.tsp	1.54	348734	348734	54583
kroA200.tsp	1.55	348734	348734	54445
kroA200.tsp	1.53	348734	348734	56947
kroA200.tsp	1.54	348734	348734	56712
kroA200.tsp	1.53	348734	348734	62370
kroB100.tsp	0.87	348734	348734	32083
kroB100.tsp	0.87	348734	348734	30185
kroB100.tsp	0.88	348734	348734	35876
kroB100.tsp	0.90	348734	348734	33120
kroB100.tsp	0.87	348734	348734	27379
kroB100.tsp	0.88	348734	348734	32977
kroB100.tsp	0.89	348734	348734	31966
kroB100.tsp	0.89	348734	348734	31921
kroB100.tsp	0.86	348734	348734	31891
kroB100.tsp	0.88	348734	348734	32858
kroB150.tsp	1.20	348734	348734	46868
kroB150.tsp	1.21	348734	348734	45796
kroB150.tsp	1.21	348734	348734	42096
kroB150.tsp	1.21	348734	348734	45074
kroB150.tsp	1.21	348734	348734	42813
kroB150.tsp	1.21	348734	348734	48392
kroB150.tsp	1.22	348734	348734	45819
kroB150.tsp	1.21	348734	348734	41703
kroB150.tsp	1.21	348734	348734	46580
kroB150.tsp	1.21	348734	348734	43766
kroB200.tsp	1.54	348734	348734	51951
kroB200.tsp	1.53	348734	348734	62424
kroB200.tsp	1.54	348734	348734	64594
kroB200.tsp	1.54	348734	348734	58537
kroB200.tsp	1.54	348734	348734	53563
kroB200.tsp	1.54	348734	348734	55993
kroB200.tsp	1.54	348734	348734	52503
kroB200.tsp	1.53	348734	348734	54887
kroB200.tsp	1.54	348734	348734	57252
kroB200.tsp	1.86	348734	348734	55438
kroC100.tsp	0.88	348734	348734	35049
kroC100.tsp	0.86	348734	348734	33612
kroC100.tsp	0.88	348734	348734	32005
kroC100.tsp	0.87	348734	348734	31035
kroC100.tsp	0.86	348734	348734	28982
kroC100.tsp	0.88	348734	348734	30396
kroC100.tsp	0.86	348734	348734	32181
kroC100.tsp	0.88	348734	348734	29097
kroC100.tsp	0.89	348734	348734	32005
kroC100.tsp	0.89	348734	348734	30202
kroD100.tsp	0.87	348734	348734	32726
kroD100.tsp	0.88	348734	348734	34821
kroD100.tsp	0.88	348734	348734	29710
kroD100.tsp	0.89	348734	348734	32078
kroD100.tsp	0.89	348734	348734	29297
kroD100.tsp	0.87	348734	348734	28893
kroD100.tsp	0.86	348734	348734	30227
kroD100.tsp	0.87	348734	348734	29502
kroD100.tsp	0.88	348734	348734	27219
kroD100.tsp	0.96	348734	348734	31930
kroE100.tsp	0.88	348734	348734	35432
kroE100.tsp	0.86	348734	348734	35797
kroE100.tsp	0.88	348734	348734	27999
kroE100.tsp	0.89	348734	348734	31285
kroE100.tsp	0.87	348734	348734	31131
kroE100.tsp	0.87	348734	348734	34597
kroE100.tsp	0.87	348734	348734	33415
kroE100.tsp	0.86	348734	348734	31020
kroE100.tsp	0.87	348734	348734	33618
kroE100.tsp	0.86	348734	348734	36378
lin105.tsp	0.90	348734	348734	21803
lin105.tsp	0.92	348734	348734	22662
lin105.tsp	0.90	348734	348734	21843
lin105.tsp	0.90	348734	348734	20917
lin105.tsp	0.90	348734	348734	24370
lin105.tsp	0.92	348734	348734	23008
lin105.tsp	0.90	348734	348734	19862
lin105.tsp	0.90	348734	348734	20952
lin105.tsp	0.90	348734	348734	23740
lin105.tsp	0.90	348734	348734	23316
lin318.tsp	2.30	348734	348734	98269
lin318.tsp	2.29	348734	348734	96449
lin318.tsp	2.30	348734	348734	104355
lin318.tsp	2.30	348734	348734	104525
lin318.tsp	2.30	348734	348734	104404
lin318.tsp	2.30	348734	348734	103009
lin318.tsp	2.30	348734	348734	107831
lin318.tsp	2.31	348734	348734	99433
lin318.tsp	2.30	348734	348734	110566
lin318.tsp	2.29	348734	348734	109652
linhp318.tsp	2.29	348734	348734	104158
linhp318.tsp	2.30	348734	348734	100632
linhp318.tsp	2.30	348734	348734	111448
linhp318.tsp	2.29	348734	348734	102528
linhp318.tsp	2.30	348734	348734	98271
linhp318.tsp	2.31	348734	348734	106967
linhp318.tsp	2.29	348734	348734	105834
linhp318.tsp	2.30	348734	348734	114202
linhp318.tsp	2.29	348734	348734	110160
linhp318.tsp	2.30	348734	348734	105865
pr107.tsp	1.10	348734	348734	97301
pr107.tsp	0.92	348734	348734	67041
pr107.tsp	0.92	348734	348734	96183
pr107.tsp	0.92	348734	348734	68943
pr107.tsp	0.91	348734	348734	86190
pr107.tsp	0.92	348734	348734	96151
pr107.tsp	0.91	348734	348734	90016
pr107.tsp	0.92	348734	348734	80345
pr107.tsp	0.92	348734	348734	86496
pr107.tsp	0.92	348734	348734	84646
pr124.tsp	1.02	348734	348734	107899
pr124.tsp	1.02	348734	348734	124648
pr124.tsp	1.02	348734	348734	115801
pr124.tsp	1.02	348734	348734	145382
pr124.tsp	1.02	348734	348734	111324
pr124.tsp	1.03	348734	348734	95764
pr124.tsp	1.03	348734	348734	120723
pr124.tsp	1.02	348734	348734	118310
pr124.tsp	1.03	348734	348734	104188
pr124.tsp	1.03	348734	348734	116485
pr136.tsp	1.13	348734	348734	152250
pr136.tsp	1.12	348734	348734	152990
pr136.tsp	1.12	348734	348734	153691
pr136.tsp	1.12	348734	348734	151320
pr136.tsp	1.11	348734	348734	158112
pr136.tsp	1.12	348734	348734	146480
pr136.tsp	1.12	348734	348734	160335
pr136.tsp	1.12	348734	348734	161573
pr136.tsp	1.12	348734	348734	163422
pr136.tsp	1.12	348734	348734	135312
pr144.tsp	1.75	348734	348734	127529
pr144.tsp	1.16	348734	348734	116599
pr144.tsp	1.16	348734	348734	153043
pr144.tsp	1.17	348734	348734	146873
pr144.tsp	1.16	348734	348734	120242
pr144.tsp	1.17	348734	348734	146876
pr144.tsp	1.17	348734	348734	135811
pr144.tsp	1.17	348734	348734	119462
pr144.tsp	1.18	348734	348734	129877
pr144.tsp	1.16	348734	348734	121866
pr152.tsp	1.22	348734	348734	199583
pr152.tsp	1.22	348734	348734	166636
pr152.tsp	1.22	348734	348734	167554
pr152.tsp	1.22	348734	348734	184679
pr152.tsp	1.23	348734	348734	170480
pr152.tsp	1.21	348734	348734	177936
pr152.tsp	1.22	348734	348734	167462
pr152.tsp	1.21	348734	348734	177968
pr152.tsp	1.22	348734	348734	180706
pr152.tsp	1.22	348734	348734	185146
pr226.tsp	1.71	348734	348734	242980
pr226.tsp	1.69	348734	348734	264271
pr226.tsp	1.70	348734	348734	273819
pr226.tsp	1.71	348734	348734	249542
pr226.tsp	1.70	348734	348734	223868
pr226.tsp	1.72	348734	348734	233957
pr226.tsp	1.71	348734	348734	259356
pr226.tsp	1.72	348734	348734	258392
pr226.tsp	1.71	348734	348734	232906
pr226.tsp	1.70	348734	348734	273019
pr264.tsp	1.92	348734	348734	176304
pr264.tsp	1.93	348734	348734	167370
pr264.tsp	1.93	348734	348734	164394
pr264.tsp	1.92	348734	348734	164736
pr264.tsp	1.93	348734	348734	174127
pr264.tsp	1.93	348734	348734	148672
pr264.tsp	1.93	348734	348734	168997
pr264.tsp	1.92	348734	348734	178602
pr264.tsp	1.93	348734	348734	168742
pr264.tsp	1.92	348734	348734	142979
pr299.tsp	2.17	348734	348734	126000
pr299.tsp	2.16	348734	348734	123634
pr299.tsp	2.16	348734	348734	117041
pr299.tsp	2.17	348734	348734	112715
pr299.tsp	2.16	348734	348734	121999
pr299.tsp	2.16	348734	348734	127726
pr299.tsp	2.17	348734	348734	111465
pr299.tsp	2.16	348734	348734	130847
pr299.tsp	2.16	348734	348734	124677
pr299.tsp	2.16	348734	348734	121360
pr439.tsp	3.14	348734	348734	318666
pr439.tsp	3.15	348734	348734	345024
pr439.tsp	3.15	348734	348734	363381
pr439.tsp	3.15	348734	348734	301166
pr439.tsp	3.16	348734	348734	366883
pr439.tsp	3.15	348734	348734	317727
pr439.tsp	3.16	348734	348734	358601
pr439.tsp	3.15	348734	348734	365832
pr439.tsp	3.15	348734	348734	333293
pr439.tsp	3.14	348734	348734	308162
pr76.tsp	0.71	348734	348734	149762
pr76.tsp	0.72	348734	348734	128248
pr76.tsp	0.73	348734	348734	156096
pr76.tsp	0.73	348734	348734	136016
pr76.tsp	0.73	348734	348734	150450
pr76.tsp	0.73	348734	348734	137020
pr76.tsp	0.72	348734	348734	155610
pr76.tsp	0.73	348734	348734	125336
pr76.tsp	0.71	348734	348734	141813
pr76.tsp	0.73	348734	348734	143899
rat575.tsp	4.33	348734	348734	20520
rat575.tsp	4.35	348734	348734	20888
rat575.tsp	4.33	348734	348734	20161
rat575.tsp	4.34	348734	348734	19377
rat575.tsp	5.82	348734	348734	20312
rat575.tsp	4.34	348734	348734	19693
rat575.tsp	4.33	348734	348734	20010
rat575.tsp	5.13	348734	348734	18673
rat575.tsp	4.37	348734	348734	20102
rat575.tsp	4.34	348734	348734	20152
rat783.tsp	6.06	348734	348734	33904
rat783.tsp	6.07	348734	348734	32308
rat783.tsp	6.14	348734	348734	33666
rat783.tsp	6.08	348734	348734	33738
rat783.tsp	6.02	348734	348734	31718
rat783.tsp	7.36	348734	348734	34456
rat783.tsp	6.16	348734	348734	32235
rat783.tsp	6.05	348734	348734	34602
rat783.tsp	6.06	348734	348734	32714
rat783.tsp	6.10	348734	348734	33796
rat99.tsp	1.06	348734	348734	1713
rat99.tsp	1.05	348734	348734	1604
rat99.tsp	0.88	348734	348734	1673
rat99.tsp	0.88	348734	348734	1660
rat99.tsp	0.87	348734	348734	1641
rat99.tsp	0.87	348734	348734	1624
rat99.tsp	0.87	348734	348734	1662
rat99.tsp	0.88	348734	348734	1661
rat99.tsp	0.88	348734	348734	1604
rat99.tsp	0.88	348734	348734	1688
