a280.tsp	3.60	610293	610293	5102
a280.tsp	3.62	610293	610293	5165
a280.tsp	3.60	610293	610293	5296
a280.tsp	3.61	610293	610293	5387
a280.tsp	3.60	610293	610293	5210
a280.tsp	3.60	610293	610293	5331
a280.tsp	3.62	610293	610293	5813
a280.tsp	3.60	610293	610293	5362
a280.tsp	3.59	610293	610293	5089
a280.tsp	3.60	610293	610293	5690
berlin52.tsp	1.00	610293	610293	9047
berlin52.tsp	1.02	610293	610293	8599
berlin52.tsp	1.01	610293	610293	8567
berlin52.tsp	1.00	610293	610293	8565
berlin52.tsp	1.01	610293	610293	9146
berlin52.tsp	1.01	610293	610293	8424
berlin52.tsp	1.01	610293	610293	8300
berlin52.tsp	0.99	610293	610293	8474
berlin52.tsp	1.02	610293	610293	8504
berlin52.tsp	1.02	610293	610293	8763
bier127.tsp	1.87	610293	610293	160933
bier127.tsp	1.85	610293	610293	159680
bier127.tsp	1.85	610293	610293	147998
bier127.tsp	1.85	610293	610293	154186
bier127.tsp	1.85	610293	610293	155632
bier127.tsp	1.88	610293	610293	153450
bier127.tsp	1.84	610293	610293	150052
bier127.tsp	1.88	610293	610293	164918
bier127.tsp	1.85	610293	610293	150321
bier127.tsp	1.85	610293	610293	163840
eil101.tsp	1.56	610293	610293	736
eil101.tsp	1.56	610293	610293	799
eil101.tsp	1.56	610293	610293	713
eil101.tsp	1.57	610293	610293	776
eil101.tsp	1.58	610293	610293	731
eil101.tsp	1.55	610293	610293	821
eil101.tsp	1.57	610293	610293	722
eil101.tsp	1.55	610293	610293	795
eil101.tsp	1.56	610293	610293	738
eil101.tsp	1.56	610293	610293	746
eil51.tsp	1.01	610293	610293	477
eil51.tsp	1.01	610293	610293	441
eil51.tsp	1.01	610293	610293	468
eil51.tsp	1.00	610293	610293	443
eil51.tsp	1.01	610293	610293	451
eil51.tsp	1.00	610293	610293	442
eil51.tsp	1.00	610293	610293	458
eil51.tsp	1.01	610293	610293	450
eil51.tsp	0.99	610293	610293	459
eil51.tsp	0.99	610293	610293	430
eil76.tsp	1.27	610293	610293	663
eil76.tsp	1.28	610293	610293	652
eil76.tsp	1.28	610293	610293	614
eil76.tsp	1.52	610293	610293	617
eil76.tsp	1.29	610293	610293	612
eil76.tsp	1.29	610293	610293	649
eil76.tsp	1.28	610293	610293	650
eil76.tsp	1.28	610293	610293	679
eil76.tsp	1.28	610293	610293	609
eil76.tsp	1.29	610293	610293	602
gil262.tsp	3.38	610293	610293	4659
gil262.tsp	3.38	610293	610293	4227
gil262.tsp	3.38	610293	610293	4092
gil262.tsp	3.38	610293	610293	4044
gil262.tsp	3.38	610293	610293	4524
gil262.tsp	3.38	610293	610293	4816
gil262.tsp	3.38	610293	610293	4403
gil262.tsp	3.39	610293	610293	4620
gil262.tsp	3.38	610293	610293	4644
gil262.tsp	3.37	610293	610293	4634
kroA100.tsp	1.56	610293	610293	30260
kroA100.tsp	1.56	610293	610293	32472
kroA100.tsp	1.54	610293	610293	32548
kroA100.tsp	1.55	610293	610293	31946
kroA100.tsp	1.52	610293	610293	31318
kroA100.tsp	1.52	610293	610293	28679
kroA100.tsp	1.54	610293	610293	30235
kroA100.tsp	1.51	610293	610293	30558
kroA100.tsp	1.51	610293	610293	29120
kroA100.tsp	1.56	610293	610293	30424
kroA150.tsp	2.12	610293	610293	40721
kroA150.tsp	2.12	610293	610293	44480
kroA150.tsp	2.12	610293	610293	46731
kroA150.tsp	2.13	610293	610293	42151
kroA150.tsp	2.12	610293	610293	48256
kroA150.tsp	2.12	610293	610293	39380
kroA150.tsp	2.12	610293	610293	40950
kroA150.tsp	2.14	610293	610293	42206
kroA150.tsp	2.12	610293	610293	43131
kroA150.tsp	2.13	610293	610293	39085
kroA200.tsp	2.66	610293	610293	53605
kroA200.tsp	2.70	610293	610293	56532
kroA200.tsp	2.68	610293	610293	54776
kroA200.tsp	2.73	610293	610293	50870
kroA200.tsp	2.68	610293	610293	53960
kroA200.tsp	2.68	610293	610293	52124
kroA200.tsp	2.68	610293	610293	52809
kroA200.tsp	2.68	610293	610293	48255
kroA200.tsp	2.69	610293	610293	58101
kroA200.tsp	2.70	610293	610293	51066
kroB100.tsp	1.52	610293	610293	30608
kroB100.tsp	1.53	610293	610293	25763
kroB100.tsp	1.52	610293	610293	28538
kroB100.tsp	1.52	610293	610293	30573
kroB100.tsp	1.53	610293	610293	33889
kroB100.tsp	1.53	610293	610293	29185
kroB100.tsp	1.52	610293	610293	29045
kroB100.tsp	1.55	610293	610293	28752
kroB100.tsp	1.55	610293	610293	31764
kroB100.tsp	1.52	610293	610293	31889
kroB150.tsp	2.11	610293	610293	39970
kroB150.tsp	2.12	610293	610293	44922
kroB150.tsp	2.12	610293	610293	44056
kroB150.tsp	2.13	610293	610293	39369
kroB150.tsp	2.11	610293	610293	36319
kroB150.tsp	2.11	610293	610293	40875
kroB150.tsp	2.14	610293	610293	44188
kroB150.tsp	2.12	610293	610293	41728
kroB150.tsp	2.11	610293	610293	44420
kroB150.tsp	2.12	610293	610293	41405
kroB200.tsp	2.68	610293	610293	54039
kroB200.tsp	2.68	610293	610293	52183
kroB200.tsp	2.70	610293	610293	60953
kroB200.tsp	2.67	610293	610293	52966
kroB200.tsp	2.70	610293	610293	46114
kroB200.tsp	2.68	610293	610293	55293
kroB200.tsp	2.68	610293	610293	53661
kroB200.tsp	2.69	610293	610293	55538
kroB200.tsp	2.67	610293	610293	58028
kroB200.tsp	2.69	610293	610293	55696
kroC100.tsp	1.54	610293	610293	29531
kroC100.tsp	1.55	610293	610293	27920
kroC100.tsp	1.55	610293	610293	31132
kroC100.tsp	1.73	610293	610293	30492
kroC100.tsp	1.56	610293	610293	26533
kroC100.tsp	1.52	610293	610293	26770
kroC100.tsp	1.52	610293	610293	29909
kroC100.tsp	1.52	610293	610293	32664
kroC100.tsp	1.53	610293	610293	32047
kroC100.tsp	1.55	610293	610293	32184
kroD100.tsp	1.52	610293	610293	28174
kroD100.tsp	1.55	610293	610293	31958
kroD100.tsp	1.54	610293	610293	28904
kroD100.tsp	1.57	610293	610293	28488
kroD100.tsp	1.56	610293	610293	31958
kroD100.tsp	1.52	610293	610293	29042
kroD100.tsp	1.56	610293	610293	29734
kroD100.tsp	1.51	610293	610293	29662
kroD100.tsp	1.55	610293	610293	28548
kroD100.tsp	1.53	610293	610293	29135
kroE100.tsp	1.52	610293	610293	28190
kroE100.tsp	1.55	610293	610293	31762
kroE100.tsp	1.52	610293	610293	29352
kroE100.tsp	1.56	610293	610293	30366
kroE100.tsp	1.56	610293	610293	31179
kroE100.tsp	1.55	610293	610293	30703
kroE100.tsp	1.53	610293	610293	30327
kroE100.tsp	1.54	610293	610293	29968
kroE100.tsp	1.53	610293	610293	33303
kroE100.tsp	1.56	610293	610293	29269
lin105.tsp	1.57	610293	610293	21664
lin105.tsp	1.59	610293	610293	21188
lin105.tsp	1.58	610293	610293	23314
lin105.tsp	1.58	610293	610293	21527
lin105.tsp	1.59	610293	610293	21002
lin105.tsp	1.58	610293	610293	19780
lin105.tsp	1.60	610293	610293	18584
lin105.tsp	1.59	610293	610293	21291
lin105.tsp	1.57	610293	610293	20148
lin105.tsp	1.59	610293	610293	22571
lin318.tsp	4.02	610293	610293	92532
lin318.tsp	4.01	610293	610293	101040
lin318.tsp	4.02	610293	610293	95917
lin318.tsp	4.02	610293	610293	96357
lin318.tsp	4.01	610293	610293	93962
lin318.tsp	4.02	610293	610293	97975
lin318.tsp	4.02	610293	610293	97887
lin318.tsp	4.03	610293	610293	102577
lin318.tsp	4.01	610293	610293	96012
lin318.tsp	4.02	610293	610293	103568
linhp318.tsp	4.03	610293	610293	99044
linhp318.tsp	4.02	610293	610293	102191
linhp318.tsp	4.02	610293	610293	83916
linhp318.tsp	4.01	610293	610293	88571
linhp318.tsp	4.02	610293	610293	97908
linhp318.tsp	4.01	610293	610293	105503
linhp318.tsp	4.02	610293	610293	97872
linhp318.tsp	4.02	610293	610293	89453
linhp318.tsp	4.01	610293	610293	93127
linhp318.tsp	4.02	610293	610293	100698
pr107.tsp	1.61	610293	610293	83746
pr107.tsp	1.60	610293	610293	79406
pr107.tsp	1.61	610293	610293	80830
pr107.tsp	1.60	610293	610293	79128
pr107.tsp	1.60	610293	610293	65164
pr107.tsp	1.62	610293	610293	66555
pr107.tsp	1.64	610293	610293	86282
pr107.tsp	1.60	610293	610293	80693
pr107.tsp	1.62	610293	610293	71905
pr107.tsp	1.60	610293	610293	80230
pr124.tsp	1.80	610293	610293	100600
pr124.tsp	1.79	610293	610293	91374
pr124.tsp	1.78	610293	610293	105286
pr124.tsp	1.80	610293	610293	107391
pr124.tsp	1.81	610293	610293	97681
pr124.tsp	1.80	610293	610293	93985
pr124.tsp	1.79	610293	610293	111512
pr124.tsp	1.80	610293	610293	95019
pr124.tsp	1.80	610293	610293	99934
pr124.tsp	1.80	610293	610293	107672
pr136.tsp	1.98	610293	610293	138822
pr136.tsp	1.96	610293	610293	166284
pr136.tsp	2.21	610293	610293	140036
pr136.tsp	1.97	610293	610293	151162
pr136.tsp	1.96	610293	610293	125343
pr136.tsp	1.94	610293	610293	153319
pr136.tsp	1.96	610293	610293	166631
pr136.tsp	1.96	610293	610293	156898
pr136.tsp	1.96	610293	610293	149706
pr136.tsp	1.96	610293	610293	147940
pr144.tsp	2.05	610293	610293	128731
pr144.tsp	2.04	610293	610293	146361
pr144.tsp	2.05	610293	610293	137617
pr144.tsp	2.06	610293	610293	135252
pr144.tsp	2.06	610293	610293	134415
pr144.tsp	2.05	610293	610293	114172
pr144.tsp	2.05	610293	610293	124824
pr144.tsp	2.27	610293	610293	128351
pr144.tsp	2.06	610293	610293	127384
pr144.tsp	2.04	610293	610293	113677
pr152.tsp	2.13	610293	610293	168134
pr152.tsp	2.15	610293	610293	160858
pr152.tsp	2.15	610293	610293	163577
pr152.tsp	2.15	610293	610293	159652
pr152.tsp	2.14	610293	610293	166972
pr152.tsp	2.15	610293	610293	160063
pr152.tsp	2.12	610293	610293	141348
pr152.tsp	2.14	610293	610293	155268
pr152.tsp	2.13	610293	610293	181318
pr152.tsp	2.12	610293	610293	183673
pr226.tsp	2.97	610293	610293	218466
pr226.tsp	3.04	610293	610293	211469
pr226.tsp	2.99	610293	610293	282404
pr226.tsp	3.00	610293	610293	236396
pr226.tsp	2.97	610293	610293	230446
pr226.tsp	2.98	610293	610293	239440
pr226.tsp	2.97	610293	610293	263496
pr226.tsp	2.97	610293	610293	199925
pr226.tsp	2.98	610293	610293	230414
pr226.tsp	2.98	610293	610293	259376
pr264.tsp	3.38	610293	610293	129990
pr264.tsp	3.39	610293	610293	144344
pr264.tsp	3.37	610293	610293	161352
pr264.tsp	3.38	610293	610293	142064
pr264.tsp	3.38	610293	610293	147252
pr264.tsp	3.38	610293	610293	158437
pr264.tsp	3.38	610293	610293	145158
pr264.tsp	3.38	610293	610293	150933
pr264.tsp	3.37	610293	610293	167654
pr264.tsp	3.39	610293	610293	145718
pr299.tsp	3.79	610293	610293	106540
pr299.tsp	3.80	610293	610293	105850
pr299.tsp	3.78	610293	610293	117048
pr299.tsp	3.79	610293	610293	99234
pr299.tsp	3.80	610293	610293	115386
pr299.tsp	3.79	610293	610293	110305
pr299.tsp	3.78	610293	610293	107504
pr299.tsp	3.78	610293	610293	110877
pr299.tsp	3.78	610293	610293	100731
pr299.tsp	3.78	610293	610293	117133
pr439.tsp	5.53	610293	610293	319649
pr439.tsp	5.52	610293	610293	276398
pr439.tsp	5.50	610293	610293	310812
pr439.tsp	5.49	610293	610293	315496
pr439.tsp	5.51	610293	610293	293652
pr439.tsp	5.53	610293	610293	308346
pr439.tsp	5.54	610293	610293	301415
pr439.tsp	5.49	610293	610293	311685
pr439.tsp	5.51	610293	610293	280151
pr439.tsp	5.51	610293	610293	325660
pr76.tsp	1.28	610293	610293	138417
pr76.tsp	1.26	610293	610293	133806
pr76.tsp	1.28	610293	610293	130536
pr76.tsp	1.28	610293	610293	142434
pr76.tsp	1.27	610293	610293	142169
pr76.tsp	1.28	610293	610293	129965
pr76.tsp	1.28	610293	610293	123693
pr76.tsp	1.25	610293	610293	130333
pr76.tsp	1.25	610293	610293	131881
pr76.tsp	1.28	610293	610293	141624
rat575.tsp	7.60	610293	610293	18121
rat575.tsp	7.56	610293	610293	17481
rat575.tsp	7.57	610293	610293	17372
rat575.tsp	7.64	610293	610293	16916
rat575.tsp	7.59	610293	610293	18246
rat575.tsp	7.62	610293	610293	16704
rat575.tsp	7.57	610293	610293	18019
rat575.tsp	7.59	610293	610293	18250
rat575.tsp	7.56	610293	610293	18238
rat575.tsp	7.58	610293	610293	18755
rat783.tsp	10.59	610293	610293	29736
rat783.tsp	10.75	610293	610293	29979
rat783.tsp	10.62	610293	610293	28407
rat783.tsp	10.64	610293	610293	30831
rat783.tsp	10.55	610293	610293	29513
rat783.tsp	10.57	610293	610293	29880
rat783.tsp	10.66	610293	610293	29727
rat783.tsp	10.66	610293	610293	28281
rat783.tsp	10.59	610293	610293	28445
rat783.tsp	10.73	610293	610293	28424
rat99.tsp	1.54	610293	610293	1818
rat99.tsp	1.54	610293	610293	1534
rat99.tsp	1.54	610293	610293	1711
rat99.tsp	1.54	610293	610293	1635
rat99.tsp	1.53	610293	610293	1559
rat99.tsp	1.56	610293	610293	1568
rat99.tsp	1.55	610293	610293	1528
rat99.tsp	1.53	610293	610293	1626
rat99.tsp	1.54	610293	610293	1572
rat99.tsp	1.54	610293	610293	1486
