a280.tsp	1.44	244111	244111	6351
a280.tsp	1.44	244111	244111	6488
a280.tsp	1.44	244111	244111	6430
a280.tsp	1.44	244111	244111	6045
a280.tsp	1.44	244111	244111	6038
a280.tsp	1.44	244111	244111	6632
a280.tsp	1.44	244111	244111	5992
a280.tsp	1.45	244111	244111	6269
a280.tsp	1.44	244111	244111	6065
a280.tsp	1.45	244111	244111	6184
berlin52.tsp	0.40	244111	244111	8663
berlin52.tsp	0.40	244111	244111	9423
berlin52.tsp	0.40	244111	244111	8635
berlin52.tsp	0.40	244111	244111	8236
berlin52.tsp	0.40	244111	244111	7768
berlin52.tsp	0.39	244111	244111	9376
berlin52.tsp	0.40	244111	244111	8317
berlin52.tsp	0.40	244111	244111	8631
berlin52.tsp	0.40	244111	244111	9750
berlin52.tsp	0.40	244111	244111	9141
bier127.tsp	0.75	244111	244111	154589
bier127.tsp	0.74	244111	244111	167473
bier127.tsp	0.75	244111	244111	162853
bier127.tsp	0.74	244111	244111	164561
bier127.tsp	0.74	244111	244111	163021
bier127.tsp	0.75	244111	244111	173300
bier127.tsp	0.74	244111	244111	173400
bier127.tsp	0.75	244111	244111	161643
bier127.tsp	0.74	244111	244111	164382
bier127.tsp	0.74	244111	244111	159565
eil101.tsp	0.62	244111	244111	848
eil101.tsp	0.79	244111	244111	862
eil101.tsp	0.62	244111	244111	848
eil101.tsp	0.62	244111	244111	878
eil101.tsp	0.62	244111	244111	839
eil101.tsp	0.63	244111	244111	799
eil101.tsp	0.62	244111	244111	796
eil101.tsp	0.62	244111	244111	795
eil101.tsp	0.63	244111	244111	828
eil101.tsp	0.63	244111	244111	835
eil51.tsp	0.41	244111	244111	491
eil51.tsp	0.40	244111	244111	497
eil51.tsp	0.40	244111	244111	506
eil51.tsp	0.40	244111	244111	455
eil51.tsp	0.40	244111	244111	505
eil51.tsp	0.40	244111	244111	482
eil51.tsp	0.40	244111	244111	464
eil51.tsp	0.40	244111	244111	480
eil51.tsp	0.40	244111	244111	488
eil51.tsp	0.40	244111	244111	473
eil76.tsp	0.51	244111	244111	627
eil76.tsp	0.51	244111	244111	680
eil76.tsp	0.51	244111	244111	653
eil76.tsp	0.51	244111	244111	617
eil76.tsp	0.51	244111	244111	651
eil76.tsp	0.51	244111	244111	607
eil76.tsp	0.51	244111	244111	679
eil76.tsp	0.51	244111	244111	631
eil76.tsp	0.51	244111	244111	644
eil76.tsp	0.51	244111	244111	673
gil262.tsp	1.35	244111	244111	5077
gil262.tsp	1.35	244111	244111	4971
gil262.tsp	1.36	244111	244111	4896
gil262.tsp	1.36	244111	244111	4613
gil262.tsp	1.36	244111	244111	5396
gil262.tsp	1.36	244111	244111	5299
gil262.tsp	1.35	244111	244111	5210
gil262.tsp	1.35	244111	244111	5275
gil262.tsp	1.35	244111	244111	5399
gil262.tsp	1.36	244111	244111	5031
kroA100.tsp	0.62	244111	244111	34107
kroA100.tsp	0.62	244111	244111	32184
kroA100.tsp	0.60	244111	244111	34950
kroA100.tsp	0.61	244111	244111	36057
kroA100.tsp	0.62	244111	244111	33254
kroA100.tsp	0.62	244111	244111	34844
kroA100.tsp	0.62	244111	244111	34813
kroA100.tsp	0.60	244111	244111	28595
kroA100.tsp	0.62	244111	244111	34783
kroA100.tsp	0.61	244111	244111	26338
kroA150.tsp	0.85	244111	244111	44161
kroA150.tsp	0.84	244111	244111	43832
kroA150.tsp	0.84	244111	244111	41631
kroA150.tsp	0.85	244111	244111	45211
kroA150.tsp	0.85	244111	244111	45979
kroA150.tsp	0.85	244111	244111	50372
kroA150.tsp	0.85	244111	244111	48834
kroA150.tsp	0.84	244111	244111	45021
kroA150.tsp	0.85	244111	244111	41779
kroA150.tsp	0.84	244111	244111	50232
kroA200.tsp	1.08	244111	244111	61389
kroA200.tsp	1.07	244111	244111	59817
kroA200.tsp	1.07	244111	244111	63781
kroA200.tsp	1.07	244111	244111	60902
kroA200.tsp	1.08	244111	244111	52539
kroA200.tsp	1.07	244111	244111	56781
kroA200.tsp	1.07	244111	244111	63537
kroA200.tsp	1.07	244111	244111	61450
kroA200.tsp	1.07	244111	244111	60668
kroA200.tsp	1.07	244111	244111	59404
kroB100.tsp	0.61	244111	244111	31902
kroB100.tsp	0.61	244111	244111	36177
kroB100.tsp	0.61	244111	244111	30969
kroB100.tsp	0.61	244111	244111	35514
kroB100.tsp	0.61	244111	244111	33308
kroB100.tsp	0.62	244111	244111	31425
kroB100.tsp	0.61	244111	244111	32052
kroB100.tsp	0.60	244111	244111	31881
kroB100.tsp	0.62	244111	244111	34780
kroB100.tsp	0.61	244111	244111	32452
kroB150.tsp	0.84	244111	244111	50004
kroB150.tsp	0.85	244111	244111	46408
kroB150.tsp	0.85	244111	244111	49496
kroB150.tsp	0.85	244111	244111	47990
kroB150.tsp	0.84	244111	244111	47031
kroB150.tsp	0.85	244111	244111	46007
kroB150.tsp	0.85	244111	244111	55496
kroB150.tsp	0.84	244111	244111	41133
kroB150.tsp	0.84	244111	244111	40142
kroB150.tsp	0.85	244111	244111	49355
kroB200.tsp	1.08	244111	244111	57519
kroB200.tsp	1.08	244111	244111	56041
kroB200.tsp	1.07	244111	244111	56369
kroB200.tsp	1.08	244111	244111	57973
kroB200.tsp	1.08	244111	244111	55358
kroB200.tsp	1.07	244111	244111	59345
kroB200.tsp	1.07	244111	244111	63289
kroB200.tsp	1.07	244111	244111	63647
kroB200.tsp	1.08	244111	244111	51567
kroB200.tsp	1.07	244111	244111	51301
kroC100.tsp	0.62	244111	244111	33190
kroC100.tsp	0.60	244111	244111	35244
kroC100.tsp	0.62	244111	244111	37254
kroC100.tsp	0.62	244111	244111	34566
kroC100.tsp	0.61	244111	244111	33286
kroC100.tsp	0.61	244111	244111	32448
kroC100.tsp	0.66	244111	244111	30813
kroC100.tsp	0.61	244111	244111	33011
kroC100.tsp	0.61	244111	244111	32377
kroC100.tsp	0.61	244111	244111	37688
kroD100.tsp	0.61	244111	244111	32429
kroD100.tsp	0.62	244111	244111	31933
kroD100.tsp	0.61	244111	244111	33367
kroD100.tsp	0.62	244111	244111	32929
kroD100.tsp	0.62	244111	244111	31526
kroD100.tsp	0.61	244111	244111	33699
kroD100.tsp	0.61	244111	244111	32790
kroD100.tsp	0.62	244111	244111	34089
kroD100.tsp	0.61	244111	244111	34087
kroD100.tsp	0.61	244111	244111	31885
kroE100.tsp	0.62	244111	244111	31314
kroE100.tsp	0.62	244111	244111	35439
kroE100.tsp	0.60	244111	244111	33704
kroE100.tsp	0.62	244111	244111	31476
kroE100.tsp	0.61	244111	244111	34491
kroE100.tsp	0.62	244111	244111	31796
kroE100.tsp	0.62	244111	244111	33597
kroE100.tsp	0.62	244111	244111	36903
kroE100.tsp	0.61	244111	244111	30755
kroE100.tsp	0.60	244111	244111	31683
lin105.tsp	0.63	244111	244111	19557
lin105.tsp	0.63	244111	244111	27324
lin105.tsp	0.63	244111	244111	24126
lin105.tsp	0.63	244111	244111	24472
lin105.tsp	0.63	244111	244111	22031
lin105.tsp	0.63	244111	244111	23494
lin105.tsp	0.64	244111	244111	21617
lin105.tsp	0.63	244111	244111	21463
lin105.tsp	0.64	244111	244111	23769
lin105.tsp	0.64	244111	244111	23393
lin318.tsp	2.10	244111	244111	111869
lin318.tsp	1.61	244111	244111	104052
lin318.tsp	1.61	244111	244111	108578
lin318.tsp	1.61	244111	244111	109939
lin318.tsp	1.61	244111	244111	100508
lin318.tsp	1.61	244111	244111	119313
lin318.tsp	1.61	244111	244111	103385
lin318.tsp	1.61	244111	244111	105188
lin318.tsp	1.61	244111	244111	104825
lin318.tsp	1.60	244111	244111	110178
linhp318.tsp	1.61	244111	244111	114428
linhp318.tsp	1.60	244111	244111	120909
linhp318.tsp	1.62	244111	244111	111293
linhp318.tsp	1.61	244111	244111	107686
linhp318.tsp	1.61	244111	244111	100751
linhp318.tsp	1.61	244111	244111	111492
linhp318.tsp	1.61	244111	244111	112092
linhp318.tsp	1.61	244111	244111	108302
linhp318.tsp	1.61	244111	244111	106109
linhp318.tsp	1.61	244111	244111	109857
pr107.tsp	0.65	244111	244111	90937
pr107.tsp	0.64	244111	244111	85877
pr107.tsp	0.64	244111	244111	95534
pr107.tsp	0.64	244111	244111	87312
pr107.tsp	0.64	244111	244111	85218
pr107.tsp	0.64	244111	244111	83395
pr107.tsp	0.64	244111	244111	82651
pr107.tsp	0.64	244111	244111	86707
pr107.tsp	0.64	244111	244111	86679
pr107.tsp	0.64	244111	244111	112928
pr124.tsp	0.72	244111	244111	123755
pr124.tsp	0.71	244111	244111	134451
pr124.tsp	0.72	244111	244111	117334
pr124.tsp	0.72	244111	244111	94179
pr124.tsp	0.72	244111	244111	103162
pr124.tsp	0.72	244111	244111	107620
pr124.tsp	0.72	244111	244111	121334
pr124.tsp	0.72	244111	244111	110909
pr124.tsp	0.72	244111	244111	113807
pr124.tsp	0.72	244111	244111	103605
pr136.tsp	0.78	244111	244111	174037
pr136.tsp	0.78	244111	244111	169734
pr136.tsp	0.79	244111	244111	174128
pr136.tsp	0.78	244111	244111	159284
pr136.tsp	0.78	244111	244111	165027
pr136.tsp	0.78	244111	244111	175537
pr136.tsp	0.78	244111	244111	168705
pr136.tsp	0.78	244111	244111	158142
pr136.tsp	0.77	244111	244111	169283
pr136.tsp	0.79	244111	244111	145659
pr144.tsp	0.82	244111	244111	148593
pr144.tsp	0.81	244111	244111	145405
pr144.tsp	0.81	244111	244111	127218
pr144.tsp	0.81	244111	244111	122773
pr144.tsp	0.82	244111	244111	139306
pr144.tsp	0.82	244111	244111	155937
pr144.tsp	0.82	244111	244111	155885
pr144.tsp	0.82	244111	244111	136532
pr144.tsp	0.82	244111	244111	150761
pr144.tsp	0.82	244111	244111	171787
pr152.tsp	0.85	244111	244111	190398
pr152.tsp	0.85	244111	244111	185364
pr152.tsp	0.85	244111	244111	197574
pr152.tsp	0.86	244111	244111	183490
pr152.tsp	0.86	244111	244111	187081
pr152.tsp	0.86	244111	244111	179617
pr152.tsp	0.86	244111	244111	212614
pr152.tsp	0.86	244111	244111	193711
pr152.tsp	0.85	244111	244111	210433
pr152.tsp	0.85	244111	244111	201324
pr226.tsp	1.20	244111	244111	292088
pr226.tsp	1.18	244111	244111	284127
pr226.tsp	1.19	244111	244111	278818
pr226.tsp	1.19	244111	244111	276475
pr226.tsp	1.19	244111	244111	309001
pr226.tsp	1.19	244111	244111	299966
pr226.tsp	1.20	244111	244111	269347
pr226.tsp	1.19	244111	244111	266399
pr226.tsp	1.20	244111	244111	255702
pr226.tsp	1.18	244111	244111	271764
pr264.tsp	1.35	244111	244111	183359
pr264.tsp	1.34	244111	244111	208225
pr264.tsp	1.36	244111	244111	191230
pr264.tsp	1.35	244111	244111	180672
pr264.tsp	1.35	244111	244111	182174
pr264.tsp	1.35	244111	244111	155779
pr264.tsp	1.35	244111	244111	178353
pr264.tsp	1.36	244111	244111	158334
pr264.tsp	1.35	244111	244111	184680
pr264.tsp	1.35	244111	244111	143496
pr299.tsp	1.52	244111	244111	122591
pr299.tsp	1.51	244111	244111	126465
pr299.tsp	1.52	244111	244111	138763
pr299.tsp	1.52	244111	244111	119207
pr299.tsp	1.52	244111	244111	130939
pr299.tsp	1.52	244111	244111	123802
pr299.tsp	1.52	244111	244111	122975
pr299.tsp	1.52	244111	244111	123707
pr299.tsp	1.52	244111	244111	127286
pr299.tsp	1.51	244111	244111	130252
pr439.tsp	2.20	244111	244111	365801
pr439.tsp	2.21	244111	244111	348444
pr439.tsp	2.19	244111	244111	359969
pr439.tsp	2.21	244111	244111	355528
pr439.tsp	2.21	244111	244111	368618
pr439.tsp	2.20	244111	244111	343022
pr439.tsp	2.20	244111	244111	345919
pr439.tsp	2.20	244111	244111	375874
pr439.tsp	2.22	244111	244111	346360
pr439.tsp	2.21	244111	244111	353944
pr76.tsp	0.51	244111	244111	137472
pr76.tsp	0.50	244111	244111	139926
pr76.tsp	0.50	244111	244111	140398
pr76.tsp	0.55	244111	244111	145453
pr76.tsp	0.50	244111	244111	144589
pr76.tsp	0.50	244111	244111	138225
pr76.tsp	0.51	244111	244111	151299
pr76.tsp	0.51	244111	244111	140839
pr76.tsp	0.51	244111	244111	151796
pr76.tsp	0.51	244111	244111	137286
rat575.tsp	3.03	244111	244111	21500
rat575.tsp	3.05	244111	244111	22341
rat575.tsp	3.04	244111	244111	20355
rat575.tsp	3.03	244111	244111	22100
rat575.tsp	3.03	244111	244111	23167
rat575.tsp	3.05	244111	244111	21967
rat575.tsp	3.04	244111	244111	22316
rat575.tsp	3.04	244111	244111	21741
rat575.tsp	3.04	244111	244111	21690
rat575.tsp	3.04	244111	244111	23485
rat783.tsp	4.30	244111	244111	35585
rat783.tsp	4.24	244111	244111	35853
rat783.tsp	4.21	244111	244111	36154
rat783.tsp	4.22	244111	244111	38390
rat783.tsp	4.24	244111	244111	36507
rat783.tsp	4.22	244111	244111	35933
rat783.tsp	4.24	244111	244111	37072
rat783.tsp	4.24	244111	244111	36363
rat783.tsp	4.27	244111	244111	36689
rat783.tsp	4.31	244111	244111	36560
rat99.tsp	0.62	244111	244111	1537
rat99.tsp	0.62	244111	244111	1540
rat99.tsp	0.62	244111	244111	1617
rat99.tsp	0.62	244111	244111	1607
rat99.tsp	0.62	244111	244111	1908
rat99.tsp	0.62	244111	244111	1675
rat99.tsp	0.62	244111	244111	1597
rat99.tsp	0.61	244111	244111	1686
rat99.tsp	0.62	244111	244111	1741
rat99.tsp	0.70	244111	244111	1729
