a280.tsp	1.81	305141	305141	5354
a280.tsp	1.80	305141	305141	6159
a280.tsp	1.81	305141	305141	6106
a280.tsp	1.80	305141	305141	6849
a280.tsp	1.80	305141	305141	5751
a280.tsp	1.80	305141	305141	5732
a280.tsp	1.80	305141	305141	5900
a280.tsp	1.80	305141	305141	5951
a280.tsp	1.79	305141	305141	5405
a280.tsp	1.80	305141	305141	5452
berlin52.tsp	0.51	305141	305141	8947
berlin52.tsp	0.50	305141	305141	8448
berlin52.tsp	0.51	305141	305141	9092
berlin52.tsp	0.50	305141	305141	8812
berlin52.tsp	0.51	305141	305141	8686
berlin52.tsp	0.51	305141	305141	8670
berlin52.tsp	0.50	305141	305141	8612
berlin52.tsp	0.51	305141	305141	8883
berlin52.tsp	0.49	305141	305141	8754
berlin52.tsp	0.50	305141	305141	8264
bier127.tsp	0.92	305141	305141	156976
bier127.tsp	0.93	305141	305141	164415
bier127.tsp	0.93	305141	305141	162737
bier127.tsp	0.93	305141	305141	168699
bier127.tsp	0.93	305141	305141	159595
bier127.tsp	0.92	305141	305141	157942
bier127.tsp	0.92	305141	305141	172835
bier127.tsp	0.93	305141	305141	158587
bier127.tsp	0.93	305141	305141	167146
bier127.tsp	0.93	305141	305141	169514
eil101.tsp	0.78	305141	305141	751
eil101.tsp	0.78	305141	305141	790
eil101.tsp	0.78	305141	305141	805
eil101.tsp	0.78	305141	305141	733
eil101.tsp	0.78	305141	305141	782
eil101.tsp	0.78	305141	305141	851
eil101.tsp	0.78	305141	305141	751
eil101.tsp	0.78	305141	305141	755
eil101.tsp	0.78	305141	305141	787
eil101.tsp	0.78	305141	305141	738
eil51.tsp	0.50	305141	305141	473
eil51.tsp	0.56	305141	305141	494
eil51.tsp	0.50	305141	305141	462
eil51.tsp	0.56	305141	305141	453
eil51.tsp	0.50	305141	305141	487
eil51.tsp	0.50	305141	305141	468
eil51.tsp	0.50	305141	305141	482
eil51.tsp	0.50	305141	305141	483
eil51.tsp	0.49	305141	305141	526
eil51.tsp	0.50	305141	305141	476
eil76.tsp	0.64	305141	305141	676
eil76.tsp	0.64	305141	305141	661
eil76.tsp	0.64	305141	305141	645
eil76.tsp	0.64	305141	305141	634
eil76.tsp	0.64	305141	305141	632
eil76.tsp	0.64	305141	305141	669
eil76.tsp	0.64	305141	305141	690
eil76.tsp	0.64	305141	305141	668
eil76.tsp	0.64	305141	305141	606
eil76.tsp	0.64	305141	305141	634
gil262.tsp	1.69	305141	305141	5091
gil262.tsp	1.69	305141	305141	4866
gil262.tsp	1.69	305141	305141	4712
gil262.tsp	1.69	305141	305141	5094
gil262.tsp	1.69	305141	305141	5093
gil262.tsp	1.70	305141	305141	4849
gil262.tsp	1.69	305141	305141	5026
gil262.tsp	1.69	305141	305141	5169
gil262.tsp	1.68	305141	305141	4695
gil262.tsp	1.69	305141	305141	4500
kroA100.tsp	0.76	305141	305141	36427
kroA100.tsp	0.75	305141	305141	32979
kroA100.tsp	0.78	305141	305141	35047
kroA100.tsp	0.77	305141	305141	32838
kroA100.tsp	0.76	305141	305141	35064
kroA100.tsp	0.76	305141	305141	35478
kroA100.tsp	0.76	305141	305141	30683
kroA100.tsp	0.78	305141	305141	30686
kroA100.tsp	0.78	305141	305141	31633
kroA100.tsp	0.78	305141	305141	31336
kroA150.tsp	1.06	305141	305141	46275
kroA150.tsp	1.12	305141	305141	41989
kroA150.tsp	1.06	305141	305141	44992
kroA150.tsp	1.06	305141	305141	43156
kroA150.tsp	1.06	305141	305141	48353
kroA150.tsp	1.05	305141	305141	43428
kroA150.tsp	1.06	305141	305141	47468
kroA150.tsp	1.06	305141	305141	47243
kroA150.tsp	1.06	305141	305141	47533
kroA150.tsp	1.06	305141	305141	41188
kroA200.tsp	1.34	305141	305141	54584
kroA200.tsp	1.35	305141	305141	56025
kroA200.tsp	1.49	305141	305141	57477
kroA200.tsp	1.34	305141	305141	52176
kroA200.tsp	1.34	305141	305141	56202
kroA200.tsp	1.33	305141	305141	59674
kroA200.tsp	1.34	305141	305141	61073
kroA200.tsp	1.35	305141	305141	54699
kroA200.tsp	1.34	305141	305141	64982
kroA200.tsp	1.34	305141	305141	57739
kroB100.tsp	0.76	305141	305141	33806
kroB100.tsp	0.78	305141	305141	31286
kroB100.tsp	0.99	305141	305141	31904
kroB100.tsp	0.76	305141	305141	29585
kroB100.tsp	0.76	305141	305141	31448
kroB100.tsp	0.76	305141	305141	29451
kroB100.tsp	0.76	305141	305141	31160
kroB100.tsp	0.77	305141	305141	33005
kroB100.tsp	0.76	305141	305141	32408
kroB100.tsp	0.77	305141	305141	32592
kroB150.tsp	1.06	305141	305141	43935
kroB150.tsp	1.06	305141	305141	49504
kroB150.tsp	1.06	305141	305141	43843
kroB150.tsp	1.06	305141	305141	46212
kroB150.tsp	1.06	305141	305141	44256
kroB150.tsp	1.06	305141	305141	43209
kroB150.tsp	1.06	305141	305141	42119
kroB150.tsp	1.07	305141	305141	44258
kroB150.tsp	1.06	305141	305141	47784
kroB150.tsp	1.06	305141	305141	48126
kroB200.tsp	1.34	305141	305141	59269
kroB200.tsp	1.35	305141	305141	54113
kroB200.tsp	1.34	305141	305141	56478
kroB200.tsp	1.33	305141	305141	65711
kroB200.tsp	1.35	305141	305141	58984
kroB200.tsp	1.34	305141	305141	55855
kroB200.tsp	1.35	305141	305141	55659
kroB200.tsp	1.34	305141	305141	50419
kroB200.tsp	1.34	305141	305141	56593
kroB200.tsp	1.34	305141	305141	57571
kroC100.tsp	0.76	305141	305141	28635
kroC100.tsp	0.76	305141	305141	30364
kroC100.tsp	0.76	305141	305141	33301
kroC100.tsp	0.75	305141	305141	32858
kroC100.tsp	0.76	305141	305141	30959
kroC100.tsp	0.78	305141	305141	32729
kroC100.tsp	0.76	305141	305141	35499
kroC100.tsp	0.76	305141	305141	33089
kroC100.tsp	0.76	305141	305141	35712
kroC100.tsp	0.76	305141	305141	35037
kroD100.tsp	0.76	305141	305141	31521
kroD100.tsp	0.76	305141	305141	32255
kroD100.tsp	0.78	305141	305141	34741
kroD100.tsp	0.75	305141	305141	31458
kroD100.tsp	0.78	305141	305141	31658
kroD100.tsp	0.77	305141	305141	34694
kroD100.tsp	0.76	305141	305141	32645
kroD100.tsp	0.78	305141	305141	27439
kroD100.tsp	0.76	305141	305141	32234
kroD100.tsp	0.78	305141	305141	28628
kroE100.tsp	0.78	305141	305141	31329
kroE100.tsp	0.77	305141	305141	35016
kroE100.tsp	0.78	305141	305141	34111
kroE100.tsp	0.78	305141	305141	34121
kroE100.tsp	0.76	305141	305141	32323
kroE100.tsp	0.76	305141	305141	32102
kroE100.tsp	0.76	305141	305141	31012
kroE100.tsp	0.78	305141	305141	33622
kroE100.tsp	0.78	305141	305141	30780
kroE100.tsp	0.77	305141	305141	35372
lin105.tsp	0.78	305141	305141	23247
lin105.tsp	0.79	305141	305141	26118
lin105.tsp	0.78	305141	305141	25278
lin105.tsp	0.78	305141	305141	26021
lin105.tsp	0.80	305141	305141	21935
lin105.tsp	0.79	305141	305141	22693
lin105.tsp	0.78	305141	305141	24808
lin105.tsp	0.79	305141	305141	21754
lin105.tsp	0.78	305141	305141	24160
lin105.tsp	0.79	305141	305141	20432
lin318.tsp	2.00	305141	305141	96515
lin318.tsp	2.01	305141	305141	100155
lin318.tsp	2.01	305141	305141	111730
lin318.tsp	2.01	305141	305141	106291
lin318.tsp	2.01	305141	305141	109209
lin318.tsp	2.01	305141	305141	109637
lin318.tsp	2.02	305141	305141	102950
lin318.tsp	2.00	305141	305141	95585
lin318.tsp	2.01	305141	305141	94246
lin318.tsp	2.01	305141	305141	112636
linhp318.tsp	2.01	305141	305141	98970
linhp318.tsp	2.01	305141	305141	100400
linhp318.tsp	2.01	305141	305141	99945
linhp318.tsp	2.01	305141	305141	99230
linhp318.tsp	2.01	305141	305141	103539
linhp318.tsp	2.01	305141	305141	108718
linhp318.tsp	2.01	305141	305141	113619
linhp318.tsp	2.01	305141	305141	109682
linhp318.tsp	2.00	305141	305141	111250
linhp318.tsp	2.01	305141	305141	106743
pr107.tsp	0.81	305141	305141	82122
pr107.tsp	0.80	305141	305141	86889
pr107.tsp	0.80	305141	305141	83173
pr107.tsp	0.80	305141	305141	91089
pr107.tsp	0.80	305141	305141	87476
pr107.tsp	0.80	305141	305141	94454
pr107.tsp	0.80	305141	305141	87812
pr107.tsp	0.80	305141	305141	82780
pr107.tsp	0.80	305141	305141	82222
pr107.tsp	0.81	305141	305141	90120
pr124.tsp	0.90	305141	305141	114220
pr124.tsp	0.90	305141	305141	121884
pr124.tsp	0.90	305141	305141	119842
pr124.tsp	0.89	305141	305141	115422
pr124.tsp	0.90	305141	305141	94846
pr124.tsp	0.90	305141	305141	116952
pr124.tsp	0.90	305141	305141	113191
pr124.tsp	0.89	305141	305141	124232
pr124.tsp	0.90	305141	305141	120206
pr124.tsp	0.90	305141	305141	111803
pr136.tsp	0.98	305141	305141	151829
pr136.tsp	0.98	305141	305141	146506
pr136.tsp	0.97	305141	305141	158231
pr136.tsp	0.98	305141	305141	158468
pr136.tsp	0.98	305141	305141	168387
pr136.tsp	0.98	305141	305141	154635
pr136.tsp	0.98	305141	305141	160543
pr136.tsp	0.98	305141	305141	166094
pr136.tsp	0.98	305141	305141	154701
pr136.tsp	0.98	305141	305141	182772
pr144.tsp	1.02	305141	305141	136351
pr144.tsp	1.02	305141	305141	130278
pr144.tsp	1.01	305141	305141	141888
pr144.tsp	1.02	305141	305141	145773
pr144.tsp	1.02	305141	305141	135989
pr144.tsp	1.02	305141	305141	137834
pr144.tsp	1.03	305141	305141	134015
pr144.tsp	1.03	305141	305141	133785
pr144.tsp	1.02	305141	305141	132187
pr144.tsp	1.02	305141	305141	131992
pr152.tsp	1.06	305141	305141	157613
pr152.tsp	1.21	305141	305141	179414
pr152.tsp	1.06	305141	305141	194101
pr152.tsp	1.08	305141	305141	181431
pr152.tsp	1.07	305141	305141	163264
pr152.tsp	1.06	305141	305141	193075
pr152.tsp	1.06	305141	305141	200342
pr152.tsp	1.07	305141	305141	179423
pr152.tsp	1.07	305141	305141	176894
pr152.tsp	1.06	305141	305141	178644
pr226.tsp	1.49	305141	305141	240292
pr226.tsp	1.49	305141	305141	246641
pr226.tsp	1.64	305141	305141	269430
pr226.tsp	1.49	305141	305141	281437
pr226.tsp	1.49	305141	305141	284159
pr226.tsp	1.48	305141	305141	275295
pr226.tsp	1.50	305141	305141	253302
pr226.tsp	1.48	305141	305141	286528
pr226.tsp	1.48	305141	305141	237988
pr226.tsp	1.50	305141	305141	268394
pr264.tsp	1.74	305141	305141	170404
pr264.tsp	1.68	305141	305141	177879
pr264.tsp	1.69	305141	305141	183303
pr264.tsp	1.69	305141	305141	194015
pr264.tsp	1.69	305141	305141	176024
pr264.tsp	1.69	305141	305141	172576
pr264.tsp	1.69	305141	305141	181001
pr264.tsp	1.69	305141	305141	180838
pr264.tsp	1.68	305141	305141	175740
pr264.tsp	1.68	305141	305141	155058
pr299.tsp	1.90	305141	305141	120228
pr299.tsp	1.90	305141	305141	112876
pr299.tsp	1.90	305141	305141	121148
pr299.tsp	1.90	305141	305141	114820
pr299.tsp	1.90	305141	305141	120680
pr299.tsp	1.90	305141	305141	132360
pr299.tsp	1.90	305141	305141	122138
pr299.tsp	1.90	305141	305141	115258
pr299.tsp	1.90	305141	305141	125120
pr299.tsp	1.91	305141	305141	127349
pr439.tsp	2.76	305141	305141	316127
pr439.tsp	2.77	305141	305141	313301
pr439.tsp	2.75	305141	305141	355197
pr439.tsp	2.76	305141	305141	351908
pr439.tsp	2.76	305141	305141	352397
pr439.tsp	2.77	305141	305141	390055
pr439.tsp	2.75	305141	305141	335063
pr439.tsp	2.76	305141	305141	335812
pr439.tsp	2.75	305141	305141	336785
pr439.tsp	2.75	305141	305141	347782
pr76.tsp	0.62	305141	305141	158936
pr76.tsp	0.64	305141	305141	138967
pr76.tsp	0.63	305141	305141	141863
pr76.tsp	0.62	305141	305141	134622
pr76.tsp	0.63	305141	305141	152412
pr76.tsp	0.64	305141	305141	136723
pr76.tsp	0.64	305141	305141	144636
pr76.tsp	0.64	305141	305141	151822
pr76.tsp	0.64	305141	305141	137239
pr76.tsp	0.64	305141	305141	124055
rat575.tsp	3.81	305141	305141	20151
rat575.tsp	3.79	305141	305141	21655
rat575.tsp	3.79	305141	305141	19585
rat575.tsp	3.78	305141	305141	19197
rat575.tsp	3.79	305141	305141	21193
rat575.tsp	3.80	305141	305141	21355
rat575.tsp	3.79	305141	305141	21388
rat575.tsp	3.79	305141	305141	20114
rat575.tsp	3.79	305141	305141	20948
rat575.tsp	3.79	305141	305141	21146
rat783.tsp	5.38	305141	305141	35521
rat783.tsp	5.31	305141	305141	35982
rat783.tsp	5.29	305141	305141	35917
rat783.tsp	5.38	305141	305141	34031
rat783.tsp	5.31	305141	305141	36409
rat783.tsp	5.30	305141	305141	34419
rat783.tsp	5.29	305141	305141	35249
rat783.tsp	5.35	305141	305141	36645
rat783.tsp	5.33	305141	305141	37372
rat783.tsp	5.40	305141	305141	36187
rat99.tsp	0.77	305141	305141	1721
rat99.tsp	0.77	305141	305141	1633
rat99.tsp	0.76	305141	305141	1705
rat99.tsp	0.77	305141	305141	1495
rat99.tsp	0.77	305141	305141	1785
rat99.tsp	0.77	305141	305141	1833
rat99.tsp	0.78	305141	305141	1689
rat99.tsp	0.77	305141	305141	1595
rat99.tsp	0.76	305141	305141	1630
rat99.tsp	0.76	305141	305141	1652
