a280.tsp	2.44	413616	413616	5370
a280.tsp	2.44	413616	413616	5605
a280.tsp	2.44	413616	413616	5494
a280.tsp	2.44	413616	413616	5867
a280.tsp	2.45	413616	413616	4836
a280.tsp	2.44	413616	413616	5619
a280.tsp	2.44	413616	413616	6272
a280.tsp	2.44	413616	413616	5347
a280.tsp	2.44	413616	413616	6503
a280.tsp	2.44	413616	413616	5818
berlin52.tsp	0.68	413616	413616	8403
berlin52.tsp	0.68	413616	413616	8538
berlin52.tsp	0.69	413616	413616	8468
berlin52.tsp	0.68	413616	413616	8709
berlin52.tsp	0.68	413616	413616	8471
berlin52.tsp	0.68	413616	413616	8385
berlin52.tsp	0.68	413616	413616	8203
berlin52.tsp	0.68	413616	413616	8455
berlin52.tsp	0.68	413616	413616	8763
berlin52.tsp	0.68	413616	413616	9017
bier127.tsp	1.26	413616	413616	164476
bier127.tsp	1.26	413616	413616	150568
bier127.tsp	1.28	413616	413616	164596
bier127.tsp	1.26	413616	413616	163784
bier127.tsp	1.26	413616	413616	161672
bier127.tsp	1.26	413616	413616	162195
bier127.tsp	1.26	413616	413616	162422
bier127.tsp	1.26	413616	413616	165379
bier127.tsp	1.26	413616	413616	155547
bier127.tsp	1.26	413616	413616	154524
eil101.tsp	1.06	413616	413616	738
eil101.tsp	1.06	413616	413616	771
eil101.tsp	1.06	413616	413616	788
eil101.tsp	1.06	413616	413616	801
eil101.tsp	1.06	413616	413616	747
eil101.tsp	1.06	413616	413616	739
eil101.tsp	1.05	413616	413616	774
eil101.tsp	1.07	413616	413616	755
eil101.tsp	1.06	413616	413616	783
eil101.tsp	1.05	413616	413616	756
eil51.tsp	0.68	413616	413616	441
eil51.tsp	0.68	413616	413616	465
eil51.tsp	0.67	413616	413616	473
eil51.tsp	0.76	413616	413616	468
eil51.tsp	0.68	413616	413616	466
eil51.tsp	0.68	413616	413616	452
eil51.tsp	0.70	413616	413616	479
eil51.tsp	0.68	413616	413616	450
eil51.tsp	0.69	413616	413616	434
eil51.tsp	0.67	413616	413616	450
eil76.tsp	0.87	413616	413616	653
eil76.tsp	0.86	413616	413616	623
eil76.tsp	0.87	413616	413616	651
eil76.tsp	0.88	413616	413616	618
eil76.tsp	0.86	413616	413616	660
eil76.tsp	0.87	413616	413616	625
eil76.tsp	0.87	413616	413616	658
eil76.tsp	0.87	413616	413616	623
eil76.tsp	0.87	413616	413616	648
eil76.tsp	0.87	413616	413616	599
gil262.tsp	2.29	413616	413616	4930
gil262.tsp	2.28	413616	413616	4841
gil262.tsp	2.29	413616	413616	4559
gil262.tsp	2.28	413616	413616	4585
gil262.tsp	2.30	413616	413616	4964
gil262.tsp	2.28	413616	413616	4915
gil262.tsp	2.29	413616	413616	4572
gil262.tsp	2.29	413616	413616	4717
gil262.tsp	2.28	413616	413616	4993
gil262.tsp	2.29	413616	413616	4417
kroA100.tsp	1.06	413616	413616	28228
kroA100.tsp	1.03	413616	413616	34704
kroA100.tsp	1.06	413616	413616	34814
kroA100.tsp	1.05	413616	413616	33004
kroA100.tsp	1.27	413616	413616	26985
kroA100.tsp	1.05	413616	413616	29401
kroA100.tsp	1.03	413616	413616	28652
kroA100.tsp	1.05	413616	413616	32091
kroA100.tsp	1.06	413616	413616	37655
kroA100.tsp	1.05	413616	413616	32157
kroA150.tsp	1.44	413616	413616	40019
kroA150.tsp	1.43	413616	413616	43676
kroA150.tsp	1.44	413616	413616	43735
kroA150.tsp	1.43	413616	413616	46539
kroA150.tsp	1.45	413616	413616	45449
kroA150.tsp	1.43	413616	413616	43859
kroA150.tsp	1.44	413616	413616	46997
kroA150.tsp	1.43	413616	413616	41554
kroA150.tsp	1.44	413616	413616	44587
kroA150.tsp	1.43	413616	413616	46172
kroA200.tsp	1.83	413616	413616	59847
kroA200.tsp	1.82	413616	413616	57430
kroA200.tsp	2.08	413616	413616	56199
kroA200.tsp	1.82	413616	413616	53554
kroA200.tsp	1.81	413616	413616	51968
kroA200.tsp	1.83	413616	413616	54868
kroA200.tsp	1.82	413616	413616	57787
kroA200.tsp	1.82	413616	413616	55834
kroA200.tsp	1.82	413616	413616	58392
kroA200.tsp	1.82	413616	413616	54209
kroB100.tsp	1.03	413616	413616	33563
kroB100.tsp	1.03	413616	413616	34705
kroB100.tsp	1.04	413616	413616	28627
kroB100.tsp	1.04	413616	413616	28226
kroB100.tsp	1.03	413616	413616	31245
kroB100.tsp	1.03	413616	413616	36608
kroB100.tsp	1.05	413616	413616	30415
kroB100.tsp	1.05	413616	413616	30434
kroB100.tsp	1.05	413616	413616	27680
kroB100.tsp	1.03	413616	413616	30058
kroB150.tsp	1.44	413616	413616	49779
kroB150.tsp	1.44	413616	413616	42162
kroB150.tsp	1.44	413616	413616	44402
kroB150.tsp	1.44	413616	413616	43270
kroB150.tsp	1.44	413616	413616	42910
kroB150.tsp	1.44	413616	413616	48971
kroB150.tsp	1.71	413616	413616	43917
kroB150.tsp	1.44	413616	413616	47557
kroB150.tsp	1.44	413616	413616	45543
kroB150.tsp	1.43	413616	413616	39901
kroB200.tsp	1.82	413616	413616	60758
kroB200.tsp	1.81	413616	413616	60930
kroB200.tsp	1.81	413616	413616	48909
kroB200.tsp	1.82	413616	413616	55875
kroB200.tsp	1.81	413616	413616	56429
kroB200.tsp	1.82	413616	413616	49796
kroB200.tsp	1.81	413616	413616	50655
kroB200.tsp	1.82	413616	413616	55941
kroB200.tsp	1.81	413616	413616	60092
kroB200.tsp	1.81	413616	413616	54052
kroC100.tsp	1.06	413616	413616	31432
kroC100.tsp	1.03	413616	413616	30215
kroC100.tsp	1.03	413616	413616	30179
kroC100.tsp	1.05	413616	413616	30598
kroC100.tsp	1.05	413616	413616	27517
kroC100.tsp	1.06	413616	413616	29155
kroC100.tsp	1.03	413616	413616	31465
kroC100.tsp	1.06	413616	413616	32585
kroC100.tsp	1.04	413616	413616	28607
kroC100.tsp	1.04	413616	413616	33318
kroD100.tsp	1.06	413616	413616	28193
kroD100.tsp	1.04	413616	413616	29933
kroD100.tsp	1.05	413616	413616	32043
kroD100.tsp	1.04	413616	413616	31508
kroD100.tsp	1.05	413616	413616	32310
kroD100.tsp	1.02	413616	413616	32504
kroD100.tsp	1.05	413616	413616	27888
kroD100.tsp	1.03	413616	413616	32074
kroD100.tsp	1.05	413616	413616	28876
kroD100.tsp	1.05	413616	413616	28936
kroE100.tsp	1.05	413616	413616	28872
kroE100.tsp	1.05	413616	413616	33683
kroE100.tsp	1.03	413616	413616	30939
kroE100.tsp	1.06	413616	413616	32485
kroE100.tsp	1.03	413616	413616	32177
kroE100.tsp	1.06	413616	413616	29461
kroE100.tsp	1.02	413616	413616	33453
kroE100.tsp	1.02	413616	413616	34350
kroE100.tsp	1.05	413616	413616	30019
kroE100.tsp	1.05	413616	413616	32544
lin105.tsp	1.06	413616	413616	20668
lin105.tsp	1.07	413616	413616	22345
lin105.tsp	1.06	413616	413616	18947
lin105.tsp	1.08	413616	413616	20124
lin105.tsp	1.09	413616	413616	19104
lin105.tsp	1.08	413616	413616	24241
lin105.tsp	1.15	413616	413616	21181
lin105.tsp	1.07	413616	413616	21230
lin105.tsp	1.07	413616	413616	20401
lin105.tsp	1.08	413616	413616	23247
lin318.tsp	2.72	413616	413616	94335
lin318.tsp	2.72	413616	413616	98526
lin318.tsp	2.72	413616	413616	97671
lin318.tsp	2.73	413616	413616	96165
lin318.tsp	2.72	413616	413616	96679
lin318.tsp	2.72	413616	413616	102317
lin318.tsp	2.72	413616	413616	94048
lin318.tsp	2.73	413616	413616	98826
lin318.tsp	2.73	413616	413616	96970
lin318.tsp	2.72	413616	413616	104754
linhp318.tsp	2.73	413616	413616	110794
linhp318.tsp	2.72	413616	413616	105145
linhp318.tsp	2.73	413616	413616	97555
linhp318.tsp	2.72	413616	413616	106815
linhp318.tsp	2.72	413616	413616	99841
linhp318.tsp	3.43	413616	413616	108433
linhp318.tsp	2.72	413616	413616	102998
linhp318.tsp	2.72	413616	413616	98166
linhp318.tsp	2.73	413616	413616	101274
linhp318.tsp	3.44	413616	413616	99739
pr107.tsp	1.09	413616	413616	82113
pr107.tsp	1.10	413616	413616	95178
pr107.tsp	1.09	413616	413616	98564
pr107.tsp	1.09	413616	413616	83704
pr107.tsp	1.09	413616	413616	79182
pr107.tsp	1.09	413616	413616	87818
pr107.tsp	1.10	413616	413616	83727
pr107.tsp	1.09	413616	413616	82428
pr107.tsp	1.10	413616	413616	68610
pr107.tsp	1.08	413616	413616	95238
pr124.tsp	1.21	413616	413616	105849
pr124.tsp	1.21	413616	413616	90314
pr124.tsp	1.23	413616	413616	84235
pr124.tsp	1.21	413616	413616	96805
pr124.tsp	1.22	413616	413616	112329
pr124.tsp	1.22	413616	413616	118232
pr124.tsp	1.22	413616	413616	121320
pr124.tsp	1.22	413616	413616	114488
pr124.tsp	1.22	413616	413616	107438
pr124.tsp	1.22	413616	413616	106305
pr136.tsp	1.33	413616	413616	168561
pr136.tsp	1.34	413616	413616	150105
pr136.tsp	1.34	413616	413616	157685
pr136.tsp	1.33	413616	413616	163673
pr136.tsp	1.34	413616	413616	150885
pr136.tsp	1.34	413616	413616	160217
pr136.tsp	1.33	413616	413616	168079
pr136.tsp	1.33	413616	413616	146459
pr136.tsp	1.33	413616	413616	159690
pr136.tsp	1.33	413616	413616	170343
pr144.tsp	1.39	413616	413616	141403
pr144.tsp	1.38	413616	413616	126745
pr144.tsp	1.38	413616	413616	133562
pr144.tsp	1.38	413616	413616	143459
pr144.tsp	1.39	413616	413616	145611
pr144.tsp	1.39	413616	413616	134285
pr144.tsp	1.38	413616	413616	138480
pr144.tsp	1.38	413616	413616	133962
pr144.tsp	1.38	413616	413616	134112
pr144.tsp	1.38	413616	413616	132044
pr152.tsp	1.45	413616	413616	189282
pr152.tsp	1.44	413616	413616	190725
pr152.tsp	1.45	413616	413616	184384
pr152.tsp	1.45	413616	413616	180889
pr152.tsp	1.45	413616	413616	175056
pr152.tsp	1.45	413616	413616	165967
pr152.tsp	1.45	413616	413616	182609
pr152.tsp	1.44	413616	413616	210836
pr152.tsp	1.45	413616	413616	152335
pr152.tsp	1.45	413616	413616	166997
pr226.tsp	2.01	413616	413616	285658
pr226.tsp	2.02	413616	413616	248099
pr226.tsp	2.02	413616	413616	253210
pr226.tsp	2.01	413616	413616	285429
pr226.tsp	2.02	413616	413616	250264
pr226.tsp	2.02	413616	413616	260802
pr226.tsp	2.02	413616	413616	259442
pr226.tsp	2.02	413616	413616	235182
pr226.tsp	2.02	413616	413616	252394
pr226.tsp	2.02	413616	413616	243106
pr264.tsp	2.30	413616	413616	161214
pr264.tsp	2.29	413616	413616	158102
pr264.tsp	2.28	413616	413616	174153
pr264.tsp	2.29	413616	413616	164435
pr264.tsp	2.28	413616	413616	151311
pr264.tsp	2.29	413616	413616	152586
pr264.tsp	2.30	413616	413616	159513
pr264.tsp	2.29	413616	413616	174777
pr264.tsp	2.29	413616	413616	140550
pr264.tsp	2.28	413616	413616	164034
pr299.tsp	2.58	413616	413616	115105
pr299.tsp	2.57	413616	413616	106173
pr299.tsp	2.58	413616	413616	113613
pr299.tsp	2.57	413616	413616	109132
pr299.tsp	2.57	413616	413616	116821
pr299.tsp	2.58	413616	413616	118916
pr299.tsp	2.57	413616	413616	127156
pr299.tsp	2.57	413616	413616	121071
pr299.tsp	2.57	413616	413616	117446
pr299.tsp	2.57	413616	413616	130625
pr439.tsp	3.73	413616	413616	346155
pr439.tsp	3.73	413616	413616	337572
pr439.tsp	3.74	413616	413616	352699
pr439.tsp	3.76	413616	413616	349683
pr439.tsp	3.75	413616	413616	318925
pr439.tsp	3.74	413616	413616	326548
pr439.tsp	3.74	413616	413616	305361
pr439.tsp	3.73	413616	413616	313133
pr439.tsp	3.73	413616	413616	320350
pr439.tsp	3.72	413616	413616	317927
pr76.tsp	0.86	413616	413616	142678
pr76.tsp	0.85	413616	413616	136432
pr76.tsp	0.86	413616	413616	142106
pr76.tsp	0.87	413616	413616	147798
pr76.tsp	0.87	413616	413616	136032
pr76.tsp	0.85	413616	413616	129953
pr76.tsp	0.87	413616	413616	143606
pr76.tsp	0.86	413616	413616	135896
pr76.tsp	0.87	413616	413616	148341
pr76.tsp	0.86	413616	413616	144192
rat575.tsp	5.16	413616	413616	20789
rat575.tsp	5.19	413616	413616	20215
rat575.tsp	5.17	413616	413616	19784
rat575.tsp	5.18	413616	413616	19673
rat575.tsp	5.14	413616	413616	18728
rat575.tsp	5.14	413616	413616	20233
rat575.tsp	5.15	413616	413616	18049
rat575.tsp	5.15	413616	413616	19064
rat575.tsp	5.13	413616	413616	19682
rat575.tsp	5.15	413616	413616	20266
rat783.tsp	7.16	413616	413616	34298
rat783.tsp	7.29	413616	413616	31980
rat783.tsp	7.18	413616	413616	33867
rat783.tsp	7.30	413616	413616	31678
rat783.tsp	7.30	413616	413616	34484
rat783.tsp	7.28	413616	413616	31937
rat783.tsp	7.19	413616	413616	32002
rat783.tsp	8.81	413616	413616	33837
rat783.tsp	7.18	413616	413616	32961
rat783.tsp	7.30	413616	413616	32063
rat99.tsp	1.04	413616	413616	1544
rat99.tsp	1.04	413616	413616	1679
rat99.tsp	1.04	413616	413616	1746
rat99.tsp	1.03	413616	413616	1589
rat99.tsp	1.04	413616	413616	1502
rat99.tsp	1.04	413616	413616	1560
rat99.tsp	1.05	413616	413616	1639
rat99.tsp	1.03	413616	413616	1640
rat99.tsp	1.04	413616	413616	1840
rat99.tsp	1.04	413616	413616	1712
