a280.tsp	1.63	275740	275740	6019
a280.tsp	1.63	275740	275740	6137
a280.tsp	1.64	275740	275740	6268
a280.tsp	1.63	275740	275740	6292
a280.tsp	1.63	275740	275740	5617
a280.tsp	1.63	275740	275740	5894
a280.tsp	1.62	275740	275740	5750
a280.tsp	1.62	275740	275740	6222
a280.tsp	1.63	275740	275740	6032
a280.tsp	1.63	275740	275740	5698
berlin52.tsp	0.46	275740	275740	8442
berlin52.tsp	0.45	275740	275740	8586
berlin52.tsp	0.45	275740	275740	9006
berlin52.tsp	0.45	275740	275740	8980
berlin52.tsp	0.46	275740	275740	8944
berlin52.tsp	0.45	275740	275740	8689
berlin52.tsp	0.46	275740	275740	8988
berlin52.tsp	0.45	275740	275740	8632
berlin52.tsp	0.46	275740	275740	8762
berlin52.tsp	0.46	275740	275740	9449
bier127.tsp	0.84	275740	275740	163018
bier127.tsp	0.84	275740	275740	164279
bier127.tsp	0.84	275740	275740	165463
bier127.tsp	0.84	275740	275740	183013
bier127.tsp	0.84	275740	275740	156608
bier127.tsp	0.84	275740	275740	155634
bier127.tsp	0.85	275740	275740	162251
bier127.tsp	0.84	275740	275740	164983
bier127.tsp	0.84	275740	275740	168579
bier127.tsp	0.84	275740	275740	163404
eil101.tsp	0.70	275740	275740	761
eil101.tsp	0.70	275740	275740	784
eil101.tsp	0.70	275740	275740	808
eil101.tsp	0.70	275740	275740	836
eil101.tsp	0.70	275740	275740	802
eil101.tsp	0.70	275740	275740	802
eil101.tsp	0.71	275740	275740	785
eil101.tsp	0.70	275740	275740	816
eil101.tsp	0.71	275740	275740	753
eil101.tsp	0.70	275740	275740	839
eil51.tsp	0.46	275740	275740	492
eil51.tsp	0.46	275740	275740	479
eil51.tsp	0.45	275740	275740	450
eil51.tsp	0.45	275740	275740	488
eil51.tsp	0.45	275740	275740	453
eil51.tsp	0.46	275740	275740	435
eil51.tsp	0.45	275740	275740	475
eil51.tsp	0.46	275740	275740	461
eil51.tsp	0.45	275740	275740	476
eil51.tsp	0.45	275740	275740	461
eil76.tsp	0.58	275740	275740	672
eil76.tsp	0.58	275740	275740	664
eil76.tsp	0.58	275740	275740	650
eil76.tsp	0.58	275740	275740	663
eil76.tsp	0.57	275740	275740	630
eil76.tsp	0.58	275740	275740	625
eil76.tsp	0.58	275740	275740	667
eil76.tsp	0.58	275740	275740	671
eil76.tsp	0.58	275740	275740	683
eil76.tsp	0.57	275740	275740	635
gil262.tsp	1.53	275740	275740	4880
gil262.tsp	1.53	275740	275740	4831
gil262.tsp	1.53	275740	275740	5203
gil262.tsp	1.53	275740	275740	5355
gil262.tsp	1.52	275740	275740	4834
gil262.tsp	1.53	275740	275740	5020
gil262.tsp	1.53	275740	275740	5372
gil262.tsp	1.52	275740	275740	5188
gil262.tsp	1.52	275740	275740	4825
gil262.tsp	1.52	275740	275740	4904
kroA100.tsp	0.70	275740	275740	31197
kroA100.tsp	0.69	275740	275740	32229
kroA100.tsp	0.70	275740	275740	35610
kroA100.tsp	0.69	275740	275740	34129
kroA100.tsp	0.69	275740	275740	31663
kroA100.tsp	0.69	275740	275740	33595
kroA100.tsp	0.69	275740	275740	33887
kroA100.tsp	0.69	275740	275740	31556
kroA100.tsp	0.70	275740	275740	31284
kroA100.tsp	0.68	275740	275740	33589
kroA150.tsp	0.96	275740	275740	46092
kroA150.tsp	0.96	275740	275740	46330
kroA150.tsp	0.96	275740	275740	49999
kroA150.tsp	0.96	275740	275740	44715
kroA150.tsp	0.95	275740	275740	44384
kroA150.tsp	0.96	275740	275740	47398
kroA150.tsp	0.96	275740	275740	47458
kroA150.tsp	0.96	275740	275740	43168
kroA150.tsp	0.96	275740	275740	45868
kroA150.tsp	0.96	275740	275740	46668
kroA200.tsp	1.21	275740	275740	60265
kroA200.tsp	1.22	275740	275740	60280
kroA200.tsp	1.22	275740	275740	60390
kroA200.tsp	1.39	275740	275740	64076
kroA200.tsp	1.22	275740	275740	58888
kroA200.tsp	1.22	275740	275740	61379
kroA200.tsp	1.22	275740	275740	59702
kroA200.tsp	1.22	275740	275740	60167
kroA200.tsp	1.22	275740	275740	60490
kroA200.tsp	1.21	275740	275740	62293
kroB100.tsp	0.69	275740	275740	32677
kroB100.tsp	0.70	275740	275740	29136
kroB100.tsp	0.70	275740	275740	33875
kroB100.tsp	0.70	275740	275740	31451
kroB100.tsp	0.70	275740	275740	32187
kroB100.tsp	0.70	275740	275740	35324
kroB100.tsp	0.70	275740	275740	36327
kroB100.tsp	0.68	275740	275740	34206
kroB100.tsp	0.69	275740	275740	33255
kroB100.tsp	0.70	275740	275740	34927
kroB150.tsp	0.95	275740	275740	50300
kroB150.tsp	0.96	275740	275740	45834
kroB150.tsp	0.96	275740	275740	47008
kroB150.tsp	0.96	275740	275740	47041
kroB150.tsp	0.96	275740	275740	46017
kroB150.tsp	0.96	275740	275740	40765
kroB150.tsp	0.95	275740	275740	42340
kroB150.tsp	0.96	275740	275740	44672
kroB150.tsp	0.95	275740	275740	46036
kroB150.tsp	0.96	275740	275740	45346
kroB200.tsp	1.21	275740	275740	57135
kroB200.tsp	1.20	275740	275740	57940
kroB200.tsp	1.21	275740	275740	58211
kroB200.tsp	1.21	275740	275740	57525
kroB200.tsp	1.21	275740	275740	52999
kroB200.tsp	1.22	275740	275740	62420
kroB200.tsp	1.21	275740	275740	64389
kroB200.tsp	1.21	275740	275740	57892
kroB200.tsp	1.22	275740	275740	57732
kroB200.tsp	1.47	275740	275740	53684
kroC100.tsp	0.68	275740	275740	35719
kroC100.tsp	0.69	275740	275740	27438
kroC100.tsp	0.69	275740	275740	31713
kroC100.tsp	0.70	275740	275740	32936
kroC100.tsp	0.69	275740	275740	34747
kroC100.tsp	0.68	275740	275740	32721
kroC100.tsp	0.70	275740	275740	34483
kroC100.tsp	0.70	275740	275740	33470
kroC100.tsp	0.70	275740	275740	32634
kroC100.tsp	0.70	275740	275740	32074
kroD100.tsp	0.69	275740	275740	30137
kroD100.tsp	0.68	275740	275740	37854
kroD100.tsp	0.69	275740	275740	33072
kroD100.tsp	0.68	275740	275740	31786
kroD100.tsp	0.69	275740	275740	34377
kroD100.tsp	0.70	275740	275740	33045
kroD100.tsp	0.70	275740	275740	30879
kroD100.tsp	0.69	275740	275740	30798
kroD100.tsp	0.68	275740	275740	31149
kroD100.tsp	0.69	275740	275740	32904
kroE100.tsp	0.69	275740	275740	33649
kroE100.tsp	0.70	275740	275740	33283
kroE100.tsp	0.70	275740	275740	34537
kroE100.tsp	0.68	275740	275740	32675
kroE100.tsp	0.68	275740	275740	31339
kroE100.tsp	0.70	275740	275740	32556
kroE100.tsp	0.70	275740	275740	32145
kroE100.tsp	0.68	275740	275740	37357
kroE100.tsp	0.70	275740	275740	33432
kroE100.tsp	0.68	275740	275740	29844
lin105.tsp	0.72	275740	275740	21622
lin105.tsp	0.73	275740	275740	22563
lin105.tsp	0.72	275740	275740	21401
lin105.tsp	0.72	275740	275740	23030
lin105.tsp	0.71	275740	275740	24406
lin105.tsp	0.71	275740	275740	21869
lin105.tsp	0.71	275740	275740	23023
lin105.tsp	0.72	275740	275740	23376
lin105.tsp	0.88	275740	275740	22544
lin105.tsp	0.72	275740	275740	21347
lin318.tsp	1.82	275740	275740	114869
lin318.tsp	1.82	275740	275740	114200
lin318.tsp	1.81	275740	275740	113429
lin318.tsp	1.82	275740	275740	116414
lin318.tsp	1.82	275740	275740	108339
lin318.tsp	1.82	275740	275740	92973
lin318.tsp	1.82	275740	275740	101673
lin318.tsp	1.82	275740	275740	112398
lin318.tsp	1.82	275740	275740	112052
lin318.tsp	1.82	275740	275740	103744
linhp318.tsp	1.82	275740	275740	112030
linhp318.tsp	1.82	275740	275740	106726
linhp318.tsp	1.82	275740	275740	96906
linhp318.tsp	1.82	275740	275740	103748
linhp318.tsp	1.82	275740	275740	110987
linhp318.tsp	1.81	275740	275740	104952
linhp318.tsp	1.82	275740	275740	102487
linhp318.tsp	1.82	275740	275740	111265
linhp318.tsp	1.98	275740	275740	97378
linhp318.tsp	1.82	275740	275740	113607
pr107.tsp	0.72	275740	275740	95929
pr107.tsp	0.72	275740	275740	100621
pr107.tsp	0.72	275740	275740	87562
pr107.tsp	0.72	275740	275740	77221
pr107.tsp	0.72	275740	275740	73252
pr107.tsp	0.72	275740	275740	113618
pr107.tsp	0.73	275740	275740	85273
pr107.tsp	0.72	275740	275740	113503
pr107.tsp	0.73	275740	275740	59189
pr107.tsp	0.73	275740	275740	72055
pr124.tsp	0.82	275740	275740	99463
pr124.tsp	0.81	275740	275740	113082
pr124.tsp	0.81	275740	275740	117733
pr124.tsp	0.82	275740	275740	122499
pr124.tsp	0.81	275740	275740	118060
pr124.tsp	0.81	275740	275740	104690
pr124.tsp	0.80	275740	275740	126232
pr124.tsp	0.81	275740	275740	118428
pr124.tsp	0.88	275740	275740	121087
pr124.tsp	0.82	275740	275740	107993
pr136.tsp	0.88	275740	275740	169417
pr136.tsp	0.88	275740	275740	160862
pr136.tsp	0.88	275740	275740	158688
pr136.tsp	0.88	275740	275740	179294
pr136.tsp	0.89	275740	275740	165450
pr136.tsp	0.88	275740	275740	151006
pr136.tsp	0.89	275740	275740	166042
pr136.tsp	0.89	275740	275740	165595
pr136.tsp	0.89	275740	275740	178515
pr136.tsp	0.89	275740	275740	152444
pr144.tsp	0.92	275740	275740	136885
pr144.tsp	0.92	275740	275740	139091
pr144.tsp	0.93	275740	275740	145418
pr144.tsp	0.92	275740	275740	152946
pr144.tsp	0.92	275740	275740	137420
pr144.tsp	0.93	275740	275740	143844
pr144.tsp	0.92	275740	275740	133924
pr144.tsp	0.93	275740	275740	138006
pr144.tsp	0.92	275740	275740	156613
pr144.tsp	0.94	275740	275740	143163
pr152.tsp	0.97	275740	275740	183618
pr152.tsp	0.97	275740	275740	177817
pr152.tsp	0.97	275740	275740	159437
pr152.tsp	0.96	275740	275740	176396
pr152.tsp	0.98	275740	275740	164228
pr152.tsp	0.96	275740	275740	160010
pr152.tsp	0.96	275740	275740	182114
pr152.tsp	0.97	275740	275740	203691
pr152.tsp	0.96	275740	275740	149769
pr152.tsp	0.97	275740	275740	170264
pr226.tsp	1.35	275740	275740	236595
pr226.tsp	1.35	275740	275740	269051
pr226.tsp	1.34	275740	275740	271474
pr226.tsp	1.35	275740	275740	273504
pr226.tsp	1.34	275740	275740	289186
pr226.tsp	1.34	275740	275740	319796
pr226.tsp	1.36	275740	275740	249518
pr226.tsp	1.35	275740	275740	287760
pr226.tsp	1.34	275740	275740	291790
pr226.tsp	1.35	275740	275740	242315
pr264.tsp	1.53	275740	275740	177509
pr264.tsp	1.53	275740	275740	190294
pr264.tsp	1.52	275740	275740	175033
pr264.tsp	1.52	275740	275740	152048
pr264.tsp	1.53	275740	275740	174987
pr264.tsp	1.53	275740	275740	186680
pr264.tsp	1.52	275740	275740	168604
pr264.tsp	1.53	275740	275740	160224
pr264.tsp	1.53	275740	275740	146412
pr264.tsp	1.53	275740	275740	161820
pr299.tsp	1.71	275740	275740	124521
pr299.tsp	1.71	275740	275740	114788
pr299.tsp	1.71	275740	275740	124741
pr299.tsp	1.71	275740	275740	131351
pr299.tsp	1.71	275740	275740	121637
pr299.tsp	1.72	275740	275740	118429
pr299.tsp	1.72	275740	275740	127072
pr299.tsp	1.71	275740	275740	136521
pr299.tsp	1.72	275740	275740	123766
pr299.tsp	1.72	275740	275740	115528
pr439.tsp	2.50	275740	275740	378504
pr439.tsp	2.50	275740	275740	354324
pr439.tsp	2.50	275740	275740	338070
pr439.tsp	2.48	275740	275740	352286
pr439.tsp	2.48	275740	275740	355132
pr439.tsp	2.49	275740	275740	342729
pr439.tsp	2.49	275740	275740	336710
pr439.tsp	2.50	275740	275740	364132
pr439.tsp	2.49	275740	275740	335949
pr439.tsp	2.50	275740	275740	382768
pr76.tsp	0.58	275740	275740	128498
pr76.tsp	0.58	275740	275740	153817
pr76.tsp	0.58	275740	275740	135479
pr76.tsp	0.57	275740	275740	140119
pr76.tsp	0.57	275740	275740	134909
pr76.tsp	0.57	275740	275740	138892
pr76.tsp	0.57	275740	275740	126455
pr76.tsp	0.56	275740	275740	138352
pr76.tsp	0.58	275740	275740	133712
pr76.tsp	0.56	275740	275740	131786
rat575.tsp	3.41	275740	275740	22506
rat575.tsp	3.45	275740	275740	20935
rat575.tsp	3.41	275740	275740	21036
rat575.tsp	3.43	275740	275740	22154
rat575.tsp	3.44	275740	275740	22517
rat575.tsp	3.44	275740	275740	22540
rat575.tsp	3.44	275740	275740	21213
rat575.tsp	4.52	275740	275740	23141
rat575.tsp	3.43	275740	275740	22402
rat575.tsp	3.43	275740	275740	21829
rat783.tsp	4.79	275740	275740	36779
rat783.tsp	4.79	275740	275740	37284
rat783.tsp	4.81	275740	275740	35487
rat783.tsp	4.80	275740	275740	38675
rat783.tsp	4.80	275740	275740	35155
rat783.tsp	4.78	275740	275740	36008
rat783.tsp	4.79	275740	275740	34041
rat783.tsp	4.88	275740	275740	35652
rat783.tsp	4.79	275740	275740	35845
rat783.tsp	4.78	275740	275740	34908
rat99.tsp	0.69	275740	275740	1726
rat99.tsp	0.70	275740	275740	1608
rat99.tsp	0.70	275740	275740	1762
rat99.tsp	0.69	275740	275740	1778
rat99.tsp	0.70	275740	275740	1821
rat99.tsp	0.69	275740	275740	1570
rat99.tsp	0.69	275740	275740	1609
rat99.tsp	0.69	275740	275740	1620
rat99.tsp	0.70	275740	275740	1669
rat99.tsp	0.70	275740	275740	1600
