a280.tsp	2.93	496341	496341	5466
a280.tsp	2.93	496341	496341	5269
a280.tsp	2.94	496341	496341	5320
a280.tsp	2.94	496341	496341	5656
a280.tsp	2.93	496341	496341	5683
a280.tsp	2.93	496341	496341	5504
a280.tsp	2.92	496341	496341	5505
a280.tsp	2.92	496341	496341	5606
a280.tsp	2.93	496341	496341	5852
a280.tsp	2.93	496341	496341	5922
berlin52.tsp	0.82	496341	496341	8422
berlin52.tsp	0.80	496341	496341	8256
berlin52.tsp	0.82	496341	496341	8878
berlin52.tsp	0.82	496341	496341	8458
berlin52.tsp	0.81	496341	496341	8851
berlin52.tsp	0.82	496341	496341	8725
berlin52.tsp	0.82	496341	496341	8260
berlin52.tsp	0.82	496341	496341	8265
berlin52.tsp	0.80	496341	496341	8276
berlin52.tsp	0.81	496341	496341	8270
bier127.tsp	1.50	496341	496341	166513
bier127.tsp	1.51	496341	496341	151607
bier127.tsp	1.52	496341	496341	166944
bier127.tsp	1.50	496341	496341	156658
bier127.tsp	1.52	496341	496341	147897
bier127.tsp	1.51	496341	496341	161472
bier127.tsp	1.52	496341	496341	160697
bier127.tsp	1.51	496341	496341	162911
bier127.tsp	1.52	496341	496341	149289
bier127.tsp	1.52	496341	496341	151180
eil101.tsp	1.27	496341	496341	755
eil101.tsp	1.27	496341	496341	745
eil101.tsp	1.28	496341	496341	762
eil101.tsp	1.28	496341	496341	793
eil101.tsp	1.27	496341	496341	768
eil101.tsp	1.27	496341	496341	792
eil101.tsp	1.26	496341	496341	734
eil101.tsp	1.26	496341	496341	753
eil101.tsp	1.26	496341	496341	778
eil101.tsp	1.28	496341	496341	766
eil51.tsp	0.82	496341	496341	430
eil51.tsp	0.82	496341	496341	450
eil51.tsp	0.83	496341	496341	467
eil51.tsp	0.81	496341	496341	452
eil51.tsp	0.81	496341	496341	468
eil51.tsp	0.81	496341	496341	445
eil51.tsp	0.83	496341	496341	461
eil51.tsp	0.83	496341	496341	481
eil51.tsp	0.83	496341	496341	478
eil51.tsp	0.82	496341	496341	452
eil76.tsp	1.04	496341	496341	626
eil76.tsp	1.05	496341	496341	609
eil76.tsp	1.05	496341	496341	620
eil76.tsp	1.05	496341	496341	604
eil76.tsp	1.04	496341	496341	634
eil76.tsp	1.04	496341	496341	595
eil76.tsp	1.03	496341	496341	591
eil76.tsp	1.04	496341	496341	615
eil76.tsp	1.04	496341	496341	574
eil76.tsp	1.05	496341	496341	646
gil262.tsp	2.76	496341	496341	4808
gil262.tsp	2.75	496341	496341	4667
gil262.tsp	2.74	496341	496341	4497
gil262.tsp	2.75	496341	496341	4268
gil262.tsp	2.76	496341	496341	4853
gil262.tsp	2.75	496341	496341	4390
gil262.tsp	2.75	496341	496341	4736
gil262.tsp	2.75	496341	496341	4646
gil262.tsp	2.75	496341	496341	5032
gil262.tsp	2.75	496341	496341	4430
kroA100.tsp	1.26	496341	496341	30869
kroA100.tsp	1.24	496341	496341	31887
kroA100.tsp	1.27	496341	496341	31612
kroA100.tsp	1.23	496341	496341	35707
kroA100.tsp	1.24	496341	496341	32983
kroA100.tsp	1.26	496341	496341	32052
kroA100.tsp	1.26	496341	496341	27530
kroA100.tsp	1.28	496341	496341	32237
kroA100.tsp	1.27	496341	496341	30287
kroA100.tsp	1.22	496341	496341	30412
kroA150.tsp	1.72	496341	496341	43596
kroA150.tsp	1.72	496341	496341	42098
kroA150.tsp	1.72	496341	496341	44027
kroA150.tsp	1.73	496341	496341	44513
kroA150.tsp	1.72	496341	496341	39993
kroA150.tsp	1.72	496341	496341	42025
kroA150.tsp	1.72	496341	496341	47748
kroA150.tsp	1.71	496341	496341	43659
kroA150.tsp	1.72	496341	496341	39778
kroA150.tsp	1.72	496341	496341	47568
kroA200.tsp	2.17	496341	496341	57182
kroA200.tsp	2.75	496341	496341	56065
kroA200.tsp	2.19	496341	496341	56773
kroA200.tsp	2.19	496341	496341	56975
kroA200.tsp	2.18	496341	496341	56453
kroA200.tsp	2.18	496341	496341	54706
kroA200.tsp	2.19	496341	496341	57955
kroA200.tsp	2.19	496341	496341	55551
kroA200.tsp	2.18	496341	496341	55455
kroA200.tsp	2.19	496341	496341	61363
kroB100.tsp	1.26	496341	496341	29230
kroB100.tsp	1.25	496341	496341	32296
kroB100.tsp	1.24	496341	496341	28822
kroB100.tsp	1.28	496341	496341	30525
kroB100.tsp	1.25	496341	496341	31767
kroB100.tsp	1.26	496341	496341	28841
kroB100.tsp	1.35	496341	496341	35133
kroB100.tsp	1.25	496341	496341	31886
kroB100.tsp	1.26	496341	496341	27735
kroB100.tsp	1.25	496341	496341	32435
kroB150.tsp	1.73	496341	496341	46601
kroB150.tsp	1.72	496341	496341	45046
kroB150.tsp	1.73	496341	496341	39235
kroB150.tsp	1.72	496341	496341	42457
kroB150.tsp	1.73	496341	496341	41000
kroB150.tsp	1.73	496341	496341	41595
kroB150.tsp	1.72	496341	496341	41428
kroB150.tsp	1.73	496341	496341	44696
kroB150.tsp	1.73	496341	496341	38752
kroB150.tsp	1.72	496341	496341	46323
kroB200.tsp	2.17	496341	496341	53698
kroB200.tsp	2.19	496341	496341	56678
kroB200.tsp	2.19	496341	496341	50880
kroB200.tsp	2.19	496341	496341	50412
kroB200.tsp	2.21	496341	496341	56725
kroB200.tsp	2.20	496341	496341	55707
kroB200.tsp	2.19	496341	496341	56858
kroB200.tsp	2.18	496341	496341	53189
kroB200.tsp	2.18	496341	496341	56506
kroB200.tsp	2.19	496341	496341	56545
kroC100.tsp	1.26	496341	496341	31061
kroC100.tsp	1.24	496341	496341	32536
kroC100.tsp	1.27	496341	496341	32576
kroC100.tsp	1.24	496341	496341	29104
kroC100.tsp	1.26	496341	496341	31293
kroC100.tsp	1.23	496341	496341	31446
kroC100.tsp	1.26	496341	496341	32002
kroC100.tsp	1.23	496341	496341	28932
kroC100.tsp	1.24	496341	496341	30684
kroC100.tsp	1.26	496341	496341	27713
kroD100.tsp	1.26	496341	496341	28935
kroD100.tsp	1.26	496341	496341	30222
kroD100.tsp	1.28	496341	496341	31491
kroD100.tsp	1.23	496341	496341	29772
kroD100.tsp	1.26	496341	496341	31013
kroD100.tsp	1.27	496341	496341	33158
kroD100.tsp	1.24	496341	496341	36829
kroD100.tsp	1.26	496341	496341	29430
kroD100.tsp	1.26	496341	496341	28029
kroD100.tsp	1.26	496341	496341	28535
kroE100.tsp	1.25	496341	496341	31769
kroE100.tsp	1.24	496341	496341	28808
kroE100.tsp	1.25	496341	496341	32845
kroE100.tsp	1.27	496341	496341	30309
kroE100.tsp	1.26	496341	496341	31465
kroE100.tsp	1.23	496341	496341	30217
kroE100.tsp	1.26	496341	496341	32207
kroE100.tsp	1.24	496341	496341	28566
kroE100.tsp	1.24	496341	496341	28429
kroE100.tsp	1.24	496341	496341	31760
lin105.tsp	1.28	496341	496341	18885
lin105.tsp	1.29	496341	496341	18890
lin105.tsp	1.29	496341	496341	20842
lin105.tsp	1.27	496341	496341	22293
lin105.tsp	1.30	496341	496341	22456
lin105.tsp	1.28	496341	496341	22358
lin105.tsp	1.28	496341	496341	22196
lin105.tsp	1.28	496341	496341	23106
lin105.tsp	1.30	496341	496341	25218
lin105.tsp	1.29	496341	496341	20310
lin318.tsp	3.27	496341	496341	99004
lin318.tsp	3.27	496341	496341	105270
lin318.tsp	3.27	496341	496341	94881
lin318.tsp	3.28	496341	496341	99916
lin318.tsp	3.27	496341	496341	96455
lin318.tsp	3.27	496341	496341	106005
lin318.tsp	3.28	496341	496341	93601
lin318.tsp	3.26	496341	496341	96869
lin318.tsp	3.27	496341	496341	102537
lin318.tsp	3.27	496341	496341	102215
linhp318.tsp	3.26	496341	496341	102303
linhp318.tsp	3.27	496341	496341	102264
linhp318.tsp	3.27	496341	496341	95809
linhp318.tsp	3.28	496341	496341	105754
linhp318.tsp	3.27	496341	496341	102429
linhp318.tsp	3.27	496341	496341	93744
linhp318.tsp	3.27	496341	496341	93608
linhp318.tsp	3.27	496341	496341	94181
linhp318.tsp	3.27	496341	496341	95689
linhp318.tsp	3.26	496341	496341	99657
pr107.tsp	1.31	496341	496341	86118
pr107.tsp	1.31	496341	496341	86382
pr107.tsp	1.31	496341	496341	92639
pr107.tsp	1.30	496341	496341	54565
pr107.tsp	1.31	496341	496341	81204
pr107.tsp	1.30	496341	496341	80369
pr107.tsp	1.32	496341	496341	83205
pr107.tsp	1.31	496341	496341	86939
pr107.tsp	1.32	496341	496341	101327
pr107.tsp	1.30	496341	496341	69814
pr124.tsp	1.46	496341	496341	109969
pr124.tsp	1.46	496341	496341	100151
pr124.tsp	1.47	496341	496341	100852
pr124.tsp	1.45	496341	496341	102136
pr124.tsp	1.46	496341	496341	101056
pr124.tsp	1.46	496341	496341	114999
pr124.tsp	1.46	496341	496341	113997
pr124.tsp	1.46	496341	496341	111988
pr124.tsp	1.46	496341	496341	118049
pr124.tsp	1.46	496341	496341	94822
pr136.tsp	1.59	496341	496341	145205
pr136.tsp	1.60	496341	496341	164549
pr136.tsp	1.59	496341	496341	139656
pr136.tsp	1.59	496341	496341	163186
pr136.tsp	1.60	496341	496341	160227
pr136.tsp	1.59	496341	496341	154690
pr136.tsp	1.61	496341	496341	164565
pr136.tsp	1.60	496341	496341	157179
pr136.tsp	1.59	496341	496341	150798
pr136.tsp	1.60	496341	496341	164282
pr144.tsp	1.67	496341	496341	138564
pr144.tsp	1.67	496341	496341	142266
pr144.tsp	1.66	496341	496341	119121
pr144.tsp	1.66	496341	496341	128845
pr144.tsp	1.67	496341	496341	139269
pr144.tsp	1.66	496341	496341	148950
pr144.tsp	1.68	496341	496341	119495
pr144.tsp	1.67	496341	496341	117911
pr144.tsp	1.67	496341	496341	132737
pr144.tsp	1.66	496341	496341	126155
pr152.tsp	1.74	496341	496341	152854
pr152.tsp	1.74	496341	496341	161434
pr152.tsp	1.73	496341	496341	181198
pr152.tsp	1.73	496341	496341	137756
pr152.tsp	1.73	496341	496341	154829
pr152.tsp	1.76	496341	496341	161493
pr152.tsp	2.38	496341	496341	175922
pr152.tsp	1.74	496341	496341	169983
pr152.tsp	1.75	496341	496341	176763
pr152.tsp	1.74	496341	496341	164394
pr226.tsp	2.41	496341	496341	236549
pr226.tsp	2.42	496341	496341	246415
pr226.tsp	2.42	496341	496341	241631
pr226.tsp	2.41	496341	496341	254815
pr226.tsp	2.42	496341	496341	249161
pr226.tsp	2.41	496341	496341	287745
pr226.tsp	2.43	496341	496341	223534
pr226.tsp	2.43	496341	496341	254755
pr226.tsp	2.43	496341	496341	243371
pr226.tsp	2.42	496341	496341	234354
pr264.tsp	2.75	496341	496341	157961
pr264.tsp	2.74	496341	496341	148840
pr264.tsp	2.74	496341	496341	166376
pr264.tsp	2.75	496341	496341	155900
pr264.tsp	2.74	496341	496341	173550
pr264.tsp	2.75	496341	496341	174614
pr264.tsp	2.76	496341	496341	163133
pr264.tsp	2.74	496341	496341	176619
pr264.tsp	2.76	496341	496341	137083
pr264.tsp	2.74	496341	496341	146337
pr299.tsp	3.08	496341	496341	120734
pr299.tsp	3.09	496341	496341	111912
pr299.tsp	4.03	496341	496341	120279
pr299.tsp	3.08	496341	496341	105482
pr299.tsp	3.08	496341	496341	128383
pr299.tsp	3.08	496341	496341	119253
pr299.tsp	3.08	496341	496341	117932
pr299.tsp	3.08	496341	496341	110618
pr299.tsp	3.08	496341	496341	101745
pr299.tsp	3.09	496341	496341	111464
pr439.tsp	4.50	496341	496341	345849
pr439.tsp	4.48	496341	496341	306953
pr439.tsp	4.44	496341	496341	288944
pr439.tsp	4.47	496341	496341	295678
pr439.tsp	4.47	496341	496341	335758
pr439.tsp	4.48	496341	496341	340663
pr439.tsp	4.50	496341	496341	318656
pr439.tsp	4.47	496341	496341	326357
pr439.tsp	4.50	496341	496341	323039
pr439.tsp	4.49	496341	496341	297268
pr76.tsp	1.02	496341	496341	136424
pr76.tsp	1.04	496341	496341	133395
pr76.tsp	1.02	496341	496341	118754
pr76.tsp	1.03	496341	496341	133508
pr76.tsp	1.03	496341	496341	137541
pr76.tsp	1.04	496341	496341	134682
pr76.tsp	1.04	496341	496341	139208
pr76.tsp	1.02	496341	496341	142248
pr76.tsp	1.03	496341	496341	129221
pr76.tsp	1.04	496341	496341	135312
rat575.tsp	6.21	496341	496341	18275
rat575.tsp	6.19	496341	496341	18382
rat575.tsp	6.21	496341	496341	18618
rat575.tsp	6.17	496341	496341	18422
rat575.tsp	6.17	496341	496341	19497
rat575.tsp	6.19	496341	496341	18150
rat575.tsp	6.22	496341	496341	17818
rat575.tsp	6.19	496341	496341	18924
rat575.tsp	6.17	496341	496341	19898
rat575.tsp	6.19	496341	496341	17921
rat783.tsp	8.76	496341	496341	30893
rat783.tsp	8.64	496341	496341	30041
rat783.tsp	8.64	496341	496341	28442
rat783.tsp	8.62	496341	496341	33078
rat783.tsp	8.65	496341	496341	31243
rat783.tsp	8.64	496341	496341	30682
rat783.tsp	8.78	496341	496341	31273
rat783.tsp	8.75	496341	496341	31836
rat783.tsp	8.79	496341	496341	31761
rat783.tsp	8.64	496341	496341	30659
rat99.tsp	1.26	496341	496341	1626
rat99.tsp	1.26	496341	496341	1666
rat99.tsp	1.25	496341	496341	1499
rat99.tsp	1.24	496341	496341	1608
rat99.tsp	1.26	496341	496341	1636
rat99.tsp	1.25	496341	496341	1614
rat99.tsp	1.26	496341	496341	1502
rat99.tsp	1.25	496341	496341	1518
rat99.tsp	1.26	496341	496341	1710
rat99.tsp	1.26	496341	496341	1513
