a280.tsp	3.65	620429	620429	5161
a280.tsp	3.68	620429	620429	5400
a280.tsp	3.68	620429	620429	5681
a280.tsp	3.65	620429	620429	5031
a280.tsp	3.66	620429	620429	5319
a280.tsp	3.66	620429	620429	5008
a280.tsp	3.66	620429	620429	5292
a280.tsp	3.66	620429	620429	5766
a280.tsp	3.68	620429	620429	4924
a280.tsp	3.65	620429	620429	5194
berlin52.tsp	1.02	620429	620429	8851
berlin52.tsp	1.02	620429	620429	8232
berlin52.tsp	1.02	620429	620429	8033
berlin52.tsp	1.02	620429	620429	8265
berlin52.tsp	1.02	620429	620429	8283
berlin52.tsp	1.03	620429	620429	8341
berlin52.tsp	1.02	620429	620429	8405
berlin52.tsp	1.02	620429	620429	8175
berlin52.tsp	1.01	620429	620429	8263
berlin52.tsp	1.03	620429	620429	8794
bier127.tsp	1.89	620429	620429	151664
bier127.tsp	1.90	620429	620429	155669
bier127.tsp	1.92	620429	620429	165834
bier127.tsp	1.90	620429	620429	158697
bier127.tsp	2.05	620429	620429	154909
bier127.tsp	1.88	620429	620429	164901
bier127.tsp	1.89	620429	620429	144605
bier127.tsp	1.89	620429	620429	153284
bier127.tsp	1.88	620429	620429	156102
bier127.tsp	2.14	620429	620429	156706
eil101.tsp	1.59	620429	620429	733
eil101.tsp	1.58	620429	620429	775
eil101.tsp	1.58	620429	620429	808
eil101.tsp	1.59	620429	620429	770
eil101.tsp	1.58	620429	620429	703
eil101.tsp	1.58	620429	620429	747
eil101.tsp	1.56	620429	620429	726
eil101.tsp	1.58	620429	620429	729
eil101.tsp	1.58	620429	620429	770
eil101.tsp	1.59	620429	620429	729
eil51.tsp	1.04	620429	620429	451
eil51.tsp	1.02	620429	620429	485
eil51.tsp	1.04	620429	620429	462
eil51.tsp	1.01	620429	620429	443
eil51.tsp	1.03	620429	620429	477
eil51.tsp	1.02	620429	620429	460
eil51.tsp	1.02	620429	620429	450
eil51.tsp	1.03	620429	620429	470
eil51.tsp	1.02	620429	620429	466
eil51.tsp	1.01	620429	620429	456
eil76.tsp	1.30	620429	620429	623
eil76.tsp	1.30	620429	620429	660
eil76.tsp	1.31	620429	620429	605
eil76.tsp	1.30	620429	620429	653
eil76.tsp	1.30	620429	620429	628
eil76.tsp	1.30	620429	620429	643
eil76.tsp	1.31	620429	620429	600
eil76.tsp	1.30	620429	620429	606
eil76.tsp	1.30	620429	620429	638
eil76.tsp	1.31	620429	620429	608
gil262.tsp	3.45	620429	620429	4261
gil262.tsp	3.44	620429	620429	4511
gil262.tsp	3.46	620429	620429	4424
gil262.tsp	3.42	620429	620429	4782
gil262.tsp	3.44	620429	620429	4107
gil262.tsp	3.43	620429	620429	4502
gil262.tsp	3.44	620429	620429	4560
gil262.tsp	3.43	620429	620429	4255
gil262.tsp	3.46	620429	620429	4336
gil262.tsp	3.44	620429	620429	4281
kroA100.tsp	1.68	620429	620429	32503
kroA100.tsp	1.58	620429	620429	29566
kroA100.tsp	1.55	620429	620429	31207
kroA100.tsp	1.55	620429	620429	29460
kroA100.tsp	1.57	620429	620429	29498
kroA100.tsp	1.58	620429	620429	31585
kroA100.tsp	1.58	620429	620429	28678
kroA100.tsp	1.54	620429	620429	30193
kroA100.tsp	1.54	620429	620429	30278
kroA100.tsp	1.57	620429	620429	32193
kroA150.tsp	2.18	620429	620429	44919
kroA150.tsp	2.17	620429	620429	42426
kroA150.tsp	2.17	620429	620429	45734
kroA150.tsp	2.17	620429	620429	44105
kroA150.tsp	2.15	620429	620429	43330
kroA150.tsp	2.16	620429	620429	40450
kroA150.tsp	2.15	620429	620429	45628
kroA150.tsp	2.15	620429	620429	41861
kroA150.tsp	2.16	620429	620429	43876
kroA150.tsp	2.17	620429	620429	41474
kroA200.tsp	2.72	620429	620429	51769
kroA200.tsp	2.72	620429	620429	55904
kroA200.tsp	2.73	620429	620429	53821
kroA200.tsp	2.74	620429	620429	58358
kroA200.tsp	2.71	620429	620429	52482
kroA200.tsp	2.71	620429	620429	55102
kroA200.tsp	2.75	620429	620429	60432
kroA200.tsp	2.70	620429	620429	51901
kroA200.tsp	2.70	620429	620429	47695
kroA200.tsp	3.04	620429	620429	49271
kroB100.tsp	1.58	620429	620429	29046
kroB100.tsp	1.57	620429	620429	28091
kroB100.tsp	1.55	620429	620429	29882
kroB100.tsp	1.56	620429	620429	29417
kroB100.tsp	1.55	620429	620429	29817
kroB100.tsp	1.56	620429	620429	31704
kroB100.tsp	1.57	620429	620429	29568
kroB100.tsp	1.57	620429	620429	33454
kroB100.tsp	1.54	620429	620429	28519
kroB100.tsp	1.58	620429	620429	28896
kroB150.tsp	2.16	620429	620429	46091
kroB150.tsp	2.16	620429	620429	40137
kroB150.tsp	2.16	620429	620429	45098
kroB150.tsp	2.14	620429	620429	39694
kroB150.tsp	2.16	620429	620429	44936
kroB150.tsp	2.15	620429	620429	46140
kroB150.tsp	2.16	620429	620429	45640
kroB150.tsp	2.14	620429	620429	40490
kroB150.tsp	2.14	620429	620429	41384
kroB150.tsp	2.17	620429	620429	45168
kroB200.tsp	2.72	620429	620429	52890
kroB200.tsp	2.72	620429	620429	49536
kroB200.tsp	2.73	620429	620429	57913
kroB200.tsp	2.74	620429	620429	51648
kroB200.tsp	2.72	620429	620429	52781
kroB200.tsp	2.74	620429	620429	48643
kroB200.tsp	3.02	620429	620429	50560
kroB200.tsp	2.72	620429	620429	51879
kroB200.tsp	2.72	620429	620429	56756
kroB200.tsp	2.75	620429	620429	58080
kroC100.tsp	1.59	620429	620429	27492
kroC100.tsp	1.56	620429	620429	32710
kroC100.tsp	1.54	620429	620429	30801
kroC100.tsp	1.58	620429	620429	30093
kroC100.tsp	1.54	620429	620429	30737
kroC100.tsp	1.56	620429	620429	30983
kroC100.tsp	1.56	620429	620429	30440
kroC100.tsp	1.54	620429	620429	27922
kroC100.tsp	1.55	620429	620429	31700
kroC100.tsp	1.61	620429	620429	29360
kroD100.tsp	1.54	620429	620429	32093
kroD100.tsp	1.60	620429	620429	27951
kroD100.tsp	1.58	620429	620429	27193
kroD100.tsp	1.58	620429	620429	30190
kroD100.tsp	1.57	620429	620429	34904
kroD100.tsp	1.57	620429	620429	31688
kroD100.tsp	1.57	620429	620429	36466
kroD100.tsp	1.58	620429	620429	31935
kroD100.tsp	1.54	620429	620429	28277
kroD100.tsp	1.55	620429	620429	33543
kroE100.tsp	1.54	620429	620429	28211
kroE100.tsp	1.54	620429	620429	30407
kroE100.tsp	1.57	620429	620429	28645
kroE100.tsp	1.58	620429	620429	29870
kroE100.tsp	1.58	620429	620429	29639
kroE100.tsp	1.58	620429	620429	31444
kroE100.tsp	1.55	620429	620429	31477
kroE100.tsp	1.58	620429	620429	29497
kroE100.tsp	1.54	620429	620429	30537
kroE100.tsp	1.55	620429	620429	28663
lin105.tsp	1.63	620429	620429	20768
lin105.tsp	1.60	620429	620429	20764
lin105.tsp	1.58	620429	620429	21893
lin105.tsp	1.60	620429	620429	19210
lin105.tsp	1.61	620429	620429	19600
lin105.tsp	1.61	620429	620429	24090
lin105.tsp	1.60	620429	620429	22046
lin105.tsp	1.62	620429	620429	19869
lin105.tsp	1.59	620429	620429	21130
lin105.tsp	1.59	620429	620429	20268
lin318.tsp	4.08	620429	620429	92190
lin318.tsp	4.08	620429	620429	90995
lin318.tsp	4.09	620429	620429	96822
lin318.tsp	4.08	620429	620429	86570
lin318.tsp	4.09	620429	620429	91253
lin318.tsp	4.08	620429	620429	94214
lin318.tsp	4.08	620429	620429	101484
lin318.tsp	4.08	620429	620429	92051
lin318.tsp	4.11	620429	620429	100254
lin318.tsp	4.09	620429	620429	92693
linhp318.tsp	4.09	620429	620429	100773
linhp318.tsp	4.09	620429	620429	106041
linhp318.tsp	4.08	620429	620429	96021
linhp318.tsp	4.09	620429	620429	98488
linhp318.tsp	4.09	620429	620429	96814
linhp318.tsp	4.09	620429	620429	103476
linhp318.tsp	4.10	620429	620429	90939
linhp318.tsp	4.10	620429	620429	99287
linhp318.tsp	4.09	620429	620429	90980
linhp318.tsp	4.08	620429	620429	93897
pr107.tsp	1.63	620429	620429	87432
pr107.tsp	1.63	620429	620429	80206
pr107.tsp	1.64	620429	620429	67936
pr107.tsp	1.64	620429	620429	78654
pr107.tsp	1.64	620429	620429	84781
pr107.tsp	1.64	620429	620429	65990
pr107.tsp	1.64	620429	620429	97085
pr107.tsp	1.64	620429	620429	99168
pr107.tsp	1.63	620429	620429	65519
pr107.tsp	1.63	620429	620429	74294
pr124.tsp	1.82	620429	620429	113845
pr124.tsp	1.82	620429	620429	98586
pr124.tsp	1.82	620429	620429	102428
pr124.tsp	1.82	620429	620429	97776
pr124.tsp	1.82	620429	620429	106598
pr124.tsp	1.83	620429	620429	104280
pr124.tsp	1.82	620429	620429	97560
pr124.tsp	1.82	620429	620429	112120
pr124.tsp	1.82	620429	620429	107811
pr124.tsp	1.82	620429	620429	98433
pr136.tsp	1.99	620429	620429	135094
pr136.tsp	1.98	620429	620429	161450
pr136.tsp	2.01	620429	620429	150962
pr136.tsp	2.00	620429	620429	147386
pr136.tsp	2.01	620429	620429	165809
pr136.tsp	2.00	620429	620429	144908
pr136.tsp	1.98	620429	620429	151783
pr136.tsp	1.99	620429	620429	155652
pr136.tsp	2.00	620429	620429	143989
pr136.tsp	2.00	620429	620429	136014
pr144.tsp	2.07	620429	620429	137100
pr144.tsp	2.09	620429	620429	123677
pr144.tsp	2.08	620429	620429	117473
pr144.tsp	2.08	620429	620429	93542
pr144.tsp	2.06	620429	620429	109176
pr144.tsp	2.08	620429	620429	129020
pr144.tsp	2.08	620429	620429	120258
pr144.tsp	2.08	620429	620429	125261
pr144.tsp	2.08	620429	620429	128029
pr144.tsp	2.07	620429	620429	117155
pr152.tsp	2.18	620429	620429	174066
pr152.tsp	2.18	620429	620429	172403
pr152.tsp	2.17	620429	620429	143109
pr152.tsp	2.20	620429	620429	175233
pr152.tsp	2.17	620429	620429	172276
pr152.tsp	2.17	620429	620429	157732
pr152.tsp	2.17	620429	620429	147722
pr152.tsp	2.18	620429	620429	174740
pr152.tsp	2.18	620429	620429	160314
pr152.tsp	2.16	620429	620429	165767
pr226.tsp	3.02	620429	620429	211548
pr226.tsp	3.02	620429	620429	203942
pr226.tsp	3.06	620429	620429	233393
pr226.tsp	3.04	620429	620429	240175
pr226.tsp	3.02	620429	620429	250410
pr226.tsp	3.03	620429	620429	245688
pr226.tsp	3.05	620429	620429	190245
pr226.tsp	3.03	620429	620429	239749
pr226.tsp	3.02	620429	620429	227597
pr226.tsp	3.02	620429	620429	221431
pr264.tsp	3.43	620429	620429	179099
pr264.tsp	3.43	620429	620429	136478
pr264.tsp	3.45	620429	620429	138260
pr264.tsp	3.44	620429	620429	166073
pr264.tsp	3.44	620429	620429	154713
pr264.tsp	3.44	620429	620429	164568
pr264.tsp	3.42	620429	620429	147215
pr264.tsp	3.43	620429	620429	167813
pr264.tsp	3.43	620429	620429	149592
pr264.tsp	3.43	620429	620429	166740
pr299.tsp	3.85	620429	620429	114737
pr299.tsp	3.97	620429	620429	111658
pr299.tsp	3.84	620429	620429	117316
pr299.tsp	3.85	620429	620429	115129
pr299.tsp	3.86	620429	620429	102047
pr299.tsp	3.86	620429	620429	118000
pr299.tsp	3.85	620429	620429	106259
pr299.tsp	3.86	620429	620429	112780
pr299.tsp	3.86	620429	620429	93602
pr299.tsp	3.84	620429	620429	113222
pr439.tsp	5.62	620429	620429	315962
pr439.tsp	5.61	620429	620429	345387
pr439.tsp	5.61	620429	620429	280980
pr439.tsp	5.61	620429	620429	316620
pr439.tsp	5.62	620429	620429	295230
pr439.tsp	5.60	620429	620429	318007
pr439.tsp	5.60	620429	620429	291022
pr439.tsp	5.60	620429	620429	283189
pr439.tsp	5.62	620429	620429	305583
pr439.tsp	5.60	620429	620429	292394
pr76.tsp	1.28	620429	620429	135380
pr76.tsp	1.30	620429	620429	139542
pr76.tsp	1.30	620429	620429	134028
pr76.tsp	1.28	620429	620429	125415
pr76.tsp	1.30	620429	620429	137849
pr76.tsp	1.30	620429	620429	138805
pr76.tsp	1.29	620429	620429	135777
pr76.tsp	1.28	620429	620429	130996
pr76.tsp	1.28	620429	620429	132453
pr76.tsp	1.28	620429	620429	126899
rat575.tsp	7.68	620429	620429	16931
rat575.tsp	7.70	620429	620429	17815
rat575.tsp	7.74	620429	620429	17104
rat575.tsp	7.72	620429	620429	17664
rat575.tsp	7.79	620429	620429	17257
rat575.tsp	7.71	620429	620429	17434
rat575.tsp	7.69	620429	620429	17357
rat575.tsp	7.75	620429	620429	17714
rat575.tsp	7.78	620429	620429	18802
rat575.tsp	7.72	620429	620429	16855
rat783.tsp	10.88	620429	620429	30480
rat783.tsp	10.87	620429	620429	29112
rat783.tsp	10.91	620429	620429	29851
rat783.tsp	10.96	620429	620429	29081
rat783.tsp	10.94	620429	620429	30331
rat783.tsp	10.95	620429	620429	30481
rat783.tsp	10.84	620429	620429	30286
rat783.tsp	10.78	620429	620429	30223
rat783.tsp	10.80	620429	620429	28669
rat783.tsp	10.96	620429	620429	28769
rat99.tsp	1.58	620429	620429	1704
rat99.tsp	1.57	620429	620429	1642
rat99.tsp	1.56	620429	620429	1547
rat99.tsp	1.57	620429	620429	1554
rat99.tsp	1.56	620429	620429	1590
rat99.tsp	1.57	620429	620429	1580
rat99.tsp	1.56	620429	620429	1618
rat99.tsp	1.57	620429	620429	1484
rat99.tsp	1.58	620429	620429	1680
rat99.tsp	1.56	620429	620429	1487
