a280.tsp	1.83	310209	310209	5297
a280.tsp	1.82	310209	310209	5353
a280.tsp	1.82	310209	310209	5472
a280.tsp	1.83	310209	310209	5804
a280.tsp	1.82	310209	310209	6198
a280.tsp	1.84	310209	310209	5792
a280.tsp	1.83	310209	310209	6456
a280.tsp	1.83	310209	310209	6122
a280.tsp	1.83	310209	310209	5609
a280.tsp	1.83	310209	310209	6041
berlin52.tsp	0.52	310209	310209	8735
berlin52.tsp	0.52	310209	310209	9464
berlin52.tsp	0.51	310209	310209	8763
berlin52.tsp	0.51	310209	310209	8397
berlin52.tsp	0.52	310209	310209	8893
berlin52.tsp	0.56	310209	310209	9126
berlin52.tsp	0.52	310209	310209	8466
berlin52.tsp	0.51	310209	310209	8611
berlin52.tsp	0.52	310209	310209	8938
berlin52.tsp	0.50	310209	310209	9200
bier127.tsp	0.94	310209	310209	157277
bier127.tsp	0.97	310209	310209	153790
bier127.tsp	0.94	310209	310209	172675
bier127.tsp	0.95	310209	310209	175467
bier127.tsp	0.94	310209	310209	163358
bier127.tsp	0.94	310209	310209	163269
bier127.tsp	0.94	310209	310209	161129
bier127.tsp	0.95	310209	310209	165616
bier127.tsp	0.95	310209	310209	153676
bier127.tsp	0.94	310209	310209	154303
eil101.tsp	0.79	310209	310209	801
eil101.tsp	0.79	310209	310209	768
eil101.tsp	0.79	310209	310209	846
eil101.tsp	0.80	310209	310209	780
eil101.tsp	0.80	310209	310209	776
eil101.tsp	0.79	310209	310209	740
eil101.tsp	0.79	310209	310209	809
eil101.tsp	0.80	310209	310209	736
eil101.tsp	0.80	310209	310209	842
eil101.tsp	0.80	310209	310209	730
eil51.tsp	0.52	310209	310209	467
eil51.tsp	0.51	310209	310209	462
eil51.tsp	0.50	310209	310209	463
eil51.tsp	0.51	310209	310209	487
eil51.tsp	0.51	310209	310209	468
eil51.tsp	0.51	310209	310209	470
eil51.tsp	0.52	310209	310209	462
eil51.tsp	0.51	310209	310209	467
eil51.tsp	0.52	310209	310209	505
eil51.tsp	0.51	310209	310209	486
eil76.tsp	0.68	310209	310209	650
eil76.tsp	0.65	310209	310209	633
eil76.tsp	0.65	310209	310209	657
eil76.tsp	0.65	310209	310209	632
eil76.tsp	0.65	310209	310209	658
eil76.tsp	0.65	310209	310209	652
eil76.tsp	0.65	310209	310209	636
eil76.tsp	0.65	310209	310209	659
eil76.tsp	0.65	310209	310209	640
eil76.tsp	0.65	310209	310209	617
gil262.tsp	1.72	310209	310209	4689
gil262.tsp	1.72	310209	310209	4678
gil262.tsp	1.72	310209	310209	4979
gil262.tsp	1.72	310209	310209	4857
gil262.tsp	1.73	310209	310209	4677
gil262.tsp	1.72	310209	310209	5185
gil262.tsp	1.72	310209	310209	4748
gil262.tsp	1.72	310209	310209	4786
gil262.tsp	1.72	310209	310209	4771
gil262.tsp	1.71	310209	310209	4706
kroA100.tsp	0.77	310209	310209	31590
kroA100.tsp	0.78	310209	310209	33597
kroA100.tsp	0.77	310209	310209	32596
kroA100.tsp	0.77	310209	310209	34241
kroA100.tsp	0.77	310209	310209	32790
kroA100.tsp	0.78	310209	310209	30795
kroA100.tsp	0.77	310209	310209	30536
kroA100.tsp	0.78	310209	310209	29774
kroA100.tsp	0.77	310209	310209	30869
kroA100.tsp	0.79	310209	310209	33137
kroA150.tsp	1.08	310209	310209	43642
kroA150.tsp	1.07	310209	310209	47394
kroA150.tsp	1.08	310209	310209	51967
kroA150.tsp	1.08	310209	310209	45694
kroA150.tsp	1.08	310209	310209	42181
kroA150.tsp	1.08	310209	310209	43963
kroA150.tsp	1.08	310209	310209	45800
kroA150.tsp	1.08	310209	310209	46059
kroA150.tsp	1.07	310209	310209	44078
kroA150.tsp	1.08	310209	310209	42760
kroA200.tsp	1.36	310209	310209	57788
kroA200.tsp	1.36	310209	310209	55921
kroA200.tsp	1.38	310209	310209	58258
kroA200.tsp	1.37	310209	310209	58171
kroA200.tsp	1.36	310209	310209	58835
kroA200.tsp	1.37	310209	310209	55544
kroA200.tsp	1.36	310209	310209	57603
kroA200.tsp	1.37	310209	310209	54411
kroA200.tsp	1.37	310209	310209	59205
kroA200.tsp	1.37	310209	310209	53929
kroB100.tsp	0.78	310209	310209	32909
kroB100.tsp	0.78	310209	310209	30812
kroB100.tsp	0.78	310209	310209	30055
kroB100.tsp	0.78	310209	310209	35320
kroB100.tsp	0.77	310209	310209	32154
kroB100.tsp	0.77	310209	310209	36744
kroB100.tsp	0.78	310209	310209	28506
kroB100.tsp	0.78	310209	310209	31082
kroB100.tsp	0.78	310209	310209	31452
kroB100.tsp	0.77	310209	310209	34146
kroB150.tsp	1.07	310209	310209	38058
kroB150.tsp	1.08	310209	310209	48827
kroB150.tsp	1.08	310209	310209	48247
kroB150.tsp	1.08	310209	310209	43375
kroB150.tsp	1.08	310209	310209	42923
kroB150.tsp	1.07	310209	310209	45765
kroB150.tsp	1.07	310209	310209	43535
kroB150.tsp	1.08	310209	310209	48552
kroB150.tsp	1.08	310209	310209	44471
kroB150.tsp	1.08	310209	310209	48891
kroB200.tsp	1.37	310209	310209	59791
kroB200.tsp	1.36	310209	310209	59774
kroB200.tsp	1.36	310209	310209	54028
kroB200.tsp	1.36	310209	310209	58005
kroB200.tsp	1.36	310209	310209	58225
kroB200.tsp	1.37	310209	310209	60541
kroB200.tsp	1.37	310209	310209	56290
kroB200.tsp	1.36	310209	310209	57650
kroB200.tsp	1.37	310209	310209	52842
kroB200.tsp	1.36	310209	310209	57565
kroC100.tsp	0.78	310209	310209	38452
kroC100.tsp	0.77	310209	310209	31902
kroC100.tsp	0.78	310209	310209	32647
kroC100.tsp	0.79	310209	310209	29861
kroC100.tsp	0.78	310209	310209	33245
kroC100.tsp	0.77	310209	310209	30670
kroC100.tsp	0.77	310209	310209	29693
kroC100.tsp	0.78	310209	310209	33037
kroC100.tsp	0.78	310209	310209	33054
kroC100.tsp	0.78	310209	310209	32443
kroD100.tsp	0.77	310209	310209	29467
kroD100.tsp	0.78	310209	310209	29911
kroD100.tsp	0.78	310209	310209	32025
kroD100.tsp	0.78	310209	310209	31159
kroD100.tsp	0.77	310209	310209	33226
kroD100.tsp	0.78	310209	310209	29667
kroD100.tsp	0.77	310209	310209	34588
kroD100.tsp	0.77	310209	310209	31221
kroD100.tsp	0.77	310209	310209	32894
kroD100.tsp	0.77	310209	310209	30201
kroE100.tsp	0.79	310209	310209	34533
kroE100.tsp	0.77	310209	310209	34495
kroE100.tsp	0.77	310209	310209	33735
kroE100.tsp	0.77	310209	310209	28685
kroE100.tsp	0.77	310209	310209	30471
kroE100.tsp	0.78	310209	310209	32516
kroE100.tsp	0.78	310209	310209	36481
kroE100.tsp	0.79	310209	310209	36373
kroE100.tsp	0.77	310209	310209	35084
kroE100.tsp	0.77	310209	310209	30441
lin105.tsp	0.81	310209	310209	23027
lin105.tsp	0.80	310209	310209	23932
lin105.tsp	0.81	310209	310209	22246
lin105.tsp	0.80	310209	310209	23539
lin105.tsp	0.80	310209	310209	21331
lin105.tsp	0.80	310209	310209	22371
lin105.tsp	0.81	310209	310209	20865
lin105.tsp	0.80	310209	310209	22091
lin105.tsp	0.80	310209	310209	21835
lin105.tsp	0.80	310209	310209	24940
lin318.tsp	2.05	310209	310209	100004
lin318.tsp	2.05	310209	310209	100312
lin318.tsp	2.03	310209	310209	100398
lin318.tsp	2.05	310209	310209	106427
lin318.tsp	2.04	310209	310209	98559
lin318.tsp	2.04	310209	310209	108837
lin318.tsp	2.05	310209	310209	113532
lin318.tsp	2.05	310209	310209	112552
lin318.tsp	2.05	310209	310209	107442
lin318.tsp	2.04	310209	310209	107697
linhp318.tsp	2.04	310209	310209	103833
linhp318.tsp	2.05	310209	310209	112796
linhp318.tsp	2.04	310209	310209	101068
linhp318.tsp	2.06	310209	310209	108973
linhp318.tsp	2.04	310209	310209	101037
linhp318.tsp	2.04	310209	310209	110347
linhp318.tsp	2.04	310209	310209	111930
linhp318.tsp	2.04	310209	310209	98609
linhp318.tsp	2.04	310209	310209	103549
linhp318.tsp	2.04	310209	310209	117558
pr107.tsp	0.82	310209	310209	83415
pr107.tsp	0.81	310209	310209	87286
pr107.tsp	0.82	310209	310209	72680
pr107.tsp	0.81	310209	310209	83562
pr107.tsp	0.82	310209	310209	103283
pr107.tsp	0.82	310209	310209	87997
pr107.tsp	0.81	310209	310209	91667
pr107.tsp	0.82	310209	310209	91211
pr107.tsp	0.82	310209	310209	109448
pr107.tsp	0.82	310209	310209	81899
pr124.tsp	0.92	310209	310209	109295
pr124.tsp	0.91	310209	310209	105243
pr124.tsp	0.92	310209	310209	107763
pr124.tsp	0.91	310209	310209	106655
pr124.tsp	0.92	310209	310209	115159
pr124.tsp	0.91	310209	310209	113408
pr124.tsp	0.91	310209	310209	118977
pr124.tsp	0.91	310209	310209	97575
pr124.tsp	0.92	310209	310209	120392
pr124.tsp	0.91	310209	310209	102729
pr136.tsp	0.99	310209	310209	160484
pr136.tsp	1.00	310209	310209	158684
pr136.tsp	1.00	310209	310209	167103
pr136.tsp	1.00	310209	310209	155167
pr136.tsp	1.00	310209	310209	161828
pr136.tsp	0.99	310209	310209	151297
pr136.tsp	0.99	310209	310209	141164
pr136.tsp	1.00	310209	310209	157148
pr136.tsp	0.99	310209	310209	153867
pr136.tsp	1.00	310209	310209	166577
pr144.tsp	1.04	310209	310209	132289
pr144.tsp	1.05	310209	310209	131847
pr144.tsp	1.05	310209	310209	133264
pr144.tsp	1.04	310209	310209	134305
pr144.tsp	1.04	310209	310209	149864
pr144.tsp	1.04	310209	310209	120271
pr144.tsp	1.04	310209	310209	145868
pr144.tsp	1.04	310209	310209	131972
pr144.tsp	1.04	310209	310209	140636
pr144.tsp	1.04	310209	310209	132850
pr152.tsp	1.08	310209	310209	181558
pr152.tsp	1.09	310209	310209	168601
pr152.tsp	1.08	310209	310209	177067
pr152.tsp	1.08	310209	310209	157210
pr152.tsp	1.09	310209	310209	171632
pr152.tsp	1.08	310209	310209	182940
pr152.tsp	1.09	310209	310209	189023
pr152.tsp	1.08	310209	310209	145623
pr152.tsp	1.10	310209	310209	156631
pr152.tsp	1.08	310209	310209	163752
pr226.tsp	1.52	310209	310209	261112
pr226.tsp	1.52	310209	310209	272428
pr226.tsp	1.52	310209	310209	256024
pr226.tsp	1.52	310209	310209	280507
pr226.tsp	1.52	310209	310209	250352
pr226.tsp	1.51	310209	310209	270439
pr226.tsp	1.52	310209	310209	269949
pr226.tsp	1.51	310209	310209	243793
pr226.tsp	1.52	310209	310209	280436
pr226.tsp	1.51	310209	310209	253694
pr264.tsp	1.72	310209	310209	187980
pr264.tsp	1.72	310209	310209	165290
pr264.tsp	1.72	310209	310209	167973
pr264.tsp	1.71	310209	310209	177099
pr264.tsp	1.72	310209	310209	162673
pr264.tsp	1.72	310209	310209	164126
pr264.tsp	1.72	310209	310209	201855
pr264.tsp	1.72	310209	310209	135079
pr264.tsp	1.72	310209	310209	169698
pr264.tsp	1.72	310209	310209	172560
pr299.tsp	1.93	310209	310209	123738
pr299.tsp	1.93	310209	310209	119163
pr299.tsp	1.92	310209	310209	116621
pr299.tsp	1.93	310209	310209	110962
pr299.tsp	1.92	310209	310209	112025
pr299.tsp	1.92	310209	310209	121710
pr299.tsp	1.93	310209	310209	112186
pr299.tsp	1.92	310209	310209	143361
pr299.tsp	1.93	310209	310209	122216
pr299.tsp	1.94	310209	310209	123333
pr439.tsp	2.79	310209	310209	327313
pr439.tsp	2.80	310209	310209	352979
pr439.tsp	2.80	310209	310209	356213
pr439.tsp	2.81	310209	310209	353996
pr439.tsp	2.80	310209	310209	355690
pr439.tsp	2.79	310209	310209	370033
pr439.tsp	2.82	310209	310209	357245
pr439.tsp	2.81	310209	310209	369181
pr439.tsp	2.82	310209	310209	360434
pr439.tsp	2.80	310209	310209	338872
pr76.tsp	0.64	310209	310209	144912
pr76.tsp	0.65	310209	310209	151599
pr76.tsp	0.65	310209	310209	137264
pr76.tsp	0.65	310209	310209	143063
pr76.tsp	0.65	310209	310209	146915
pr76.tsp	0.64	310209	310209	140969
pr76.tsp	0.64	310209	310209	142160
pr76.tsp	0.64	310209	310209	144421
pr76.tsp	0.64	310209	310209	142653
pr76.tsp	0.65	310209	310209	137496
rat575.tsp	3.86	310209	310209	20236
rat575.tsp	3.85	310209	310209	19945
rat575.tsp	3.87	310209	310209	21078
rat575.tsp	3.89	310209	310209	22055
rat575.tsp	3.85	310209	310209	21853
rat575.tsp	3.87	310209	310209	21701
rat575.tsp	3.86	310209	310209	20494
rat575.tsp	3.85	310209	310209	20559
rat575.tsp	3.85	310209	310209	20015
rat575.tsp	3.85	310209	310209	21838
rat783.tsp	5.47	310209	310209	34857
rat783.tsp	5.49	310209	310209	37095
rat783.tsp	5.39	310209	310209	34180
rat783.tsp	5.45	310209	310209	33667
rat783.tsp	5.46	310209	310209	33593
rat783.tsp	5.49	310209	310209	33504
rat783.tsp	5.39	310209	310209	34878
rat783.tsp	5.40	310209	310209	34500
rat783.tsp	5.36	310209	310209	34850
rat783.tsp	5.37	310209	310209	34909
rat99.tsp	0.78	310209	310209	1482
rat99.tsp	0.78	310209	310209	1584
rat99.tsp	0.78	310209	310209	1535
rat99.tsp	0.78	310209	310209	1773
rat99.tsp	0.78	310209	310209	1622
rat99.tsp	0.78	310209	310209	1738
rat99.tsp	0.78	310209	310209	1727
rat99.tsp	0.78	310209	310209	1596
rat99.tsp	0.78	310209	310209	1513
rat99.tsp	0.79	310209	310209	1667
