a280.tsp	146.41	24817599	24817599	3522
a280.tsp	161.90	24817599	24817599	3532
a280.tsp	146.73	24817599	24817599	3594
a280.tsp	146.30	24817599	24817599	3498
a280.tsp	146.32	24817599	24817599	3490
a280.tsp	146.02	24817599	24817599	3398
a280.tsp	145.80	24817599	24817599	3439
a280.tsp	145.98	24817599	24817599	3442
a280.tsp	146.79	24817599	24817599	3384
a280.tsp	146.53	24817599	24817599	3457
berlin52.tsp	41.01	24817599	24817599	7751
berlin52.tsp	40.97	24817599	24817599	7802
berlin52.tsp	41.62	24817599	24817599	8091
berlin52.tsp	41.00	24817599	24817599	7697
berlin52.tsp	41.28	24817599	24817599	8076
berlin52.tsp	41.51	24817599	24817599	7897
berlin52.tsp	41.27	24817599	24817599	8139
berlin52.tsp	40.95	24817599	24817599	7855
berlin52.tsp	41.41	24817599	24817599	8005
berlin52.tsp	40.88	24817599	24817599	8272
bier127.tsp	76.42	24817599	24817599	132882
bier127.tsp	76.12	24817599	24817599	130456
bier127.tsp	76.42	24817599	24817599	131907
bier127.tsp	75.74	24817599	24817599	131312
bier127.tsp	76.34	24817599	24817599	131885
bier127.tsp	75.32	24817599	24817599	126421
bier127.tsp	76.28	24817599	24817599	129165
bier127.tsp	75.91	24817599	24817599	130203
bier127.tsp	75.39	24817599	24817599	130893
bier127.tsp	75.50	24817599	24817599	135682
eil101.tsp	64.19	24817599	24817599	668
eil101.tsp	63.39	24817599	24817599	657
eil101.tsp	63.50	24817599	24817599	653
eil101.tsp	63.39	24817599	24817599	674
eil101.tsp	64.70	24817599	24817599	656
eil101.tsp	63.66	24817599	24817599	657
eil101.tsp	63.31	24817599	24817599	669
eil101.tsp	63.85	24817599	24817599	680
eil101.tsp	64.46	24817599	24817599	649
eil101.tsp	63.85	24817599	24817599	664
eil51.tsp	41.68	24817599	24817599	440
eil51.tsp	41.67	24817599	24817599	439
eil51.tsp	41.03	24817599	24817599	439
eil51.tsp	40.57	24817599	24817599	428
eil51.tsp	40.70	24817599	24817599	431
eil51.tsp	41.90	24817599	24817599	443
eil51.tsp	41.45	24817599	24817599	444
eil51.tsp	41.10	24817599	24817599	431
eil51.tsp	41.50	24817599	24817599	434
eil51.tsp	41.74	24817599	24817599	431
eil76.tsp	52.20	24817599	24817599	560
eil76.tsp	52.12	24817599	24817599	551
eil76.tsp	52.15	24817599	24817599	588
eil76.tsp	52.16	24817599	24817599	568
eil76.tsp	52.54	24817599	24817599	561
eil76.tsp	52.18	24817599	24817599	547
eil76.tsp	52.17	24817599	24817599	552
eil76.tsp	52.34	24817599	24817599	568
eil76.tsp	52.15	24817599	24817599	546
eil76.tsp	52.23	24817599	24817599	570
gil262.tsp	137.68	24817599	24817599	2865
gil262.tsp	137.84	24817599	24817599	3196
gil262.tsp	137.30	24817599	24817599	2897
gil262.tsp	137.68	24817599	24817599	2930
gil262.tsp	137.40	24817599	24817599	3023
gil262.tsp	137.46	24817599	24817599	3101
gil262.tsp	137.83	24817599	24817599	3111
gil262.tsp	137.60	24817599	24817599	2983
gil262.tsp	138.17	24817599	24817599	3100
gil262.tsp	137.23	24817599	24817599	2966
kroA100.tsp	63.16	24817599	24817599	23116
kroA100.tsp	62.94	24817599	24817599	23668
kroA100.tsp	63.30	24817599	24817599	23903
kroA100.tsp	63.01	24817599	24817599	23553
kroA100.tsp	63.94	24817599	24817599	24910
kroA100.tsp	61.74	24817599	24817599	24847
kroA100.tsp	61.62	24817599	24817599	26494
kroA100.tsp	61.83	24817599	24817599	23486
kroA100.tsp	61.83	24817599	24817599	22590
kroA100.tsp	63.48	24817599	24817599	22793
kroA150.tsp	86.82	24817599	24817599	29353
kroA150.tsp	85.95	24817599	24817599	30835
kroA150.tsp	86.46	24817599	24817599	29537
kroA150.tsp	86.92	24817599	24817599	30101
kroA150.tsp	86.44	24817599	24817599	30171
kroA150.tsp	86.50	24817599	24817599	30219
kroA150.tsp	86.74	24817599	24817599	29971
kroA150.tsp	87.23	24817599	24817599	30266
kroA150.tsp	85.90	24817599	24817599	31788
kroA150.tsp	86.33	24817599	24817599	31094
kroA200.tsp	110.12	24817599	24817599	35839
kroA200.tsp	108.32	24817599	24817599	36148
kroA200.tsp	110.02	24817599	24817599	39324
kroA200.tsp	109.26	24817599	24817599	35158
kroA200.tsp	110.06	24817599	24817599	36144
kroA200.tsp	108.94	24817599	24817599	37705
kroA200.tsp	109.66	24817599	24817599	35788
kroA200.tsp	110.17	24817599	24817599	35679
kroA200.tsp	110.01	24817599	24817599	38509
kroA200.tsp	108.78	24817599	24817599	36628
kroB100.tsp	63.15	24817599	24817599	23965
kroB100.tsp	61.56	24817599	24817599	25488
kroB100.tsp	62.12	24817599	24817599	23470
kroB100.tsp	63.49	24817599	24817599	25158
kroB100.tsp	62.13	24817599	24817599	22985
kroB100.tsp	69.49	24817599	24817599	24495
kroB100.tsp	62.43	24817599	24817599	24095
kroB100.tsp	63.47	24817599	24817599	24928
kroB100.tsp	61.81	24817599	24817599	25218
kroB100.tsp	61.69	24817599	24817599	23727
kroB150.tsp	86.08	24817599	24817599	30343
kroB150.tsp	86.28	24817599	24817599	28374
kroB150.tsp	85.58	24817599	24817599	32875
kroB150.tsp	85.65	24817599	24817599	32267
kroB150.tsp	86.32	24817599	24817599	31822
kroB150.tsp	87.35	24817599	24817599	30936
kroB150.tsp	86.06	24817599	24817599	30434
kroB150.tsp	86.33	24817599	24817599	33180
kroB150.tsp	85.68	24817599	24817599	30253
kroB150.tsp	86.67	24817599	24817599	31496
kroB200.tsp	109.56	24817599	24817599	37444
kroB200.tsp	109.72	24817599	24817599	37080
kroB200.tsp	110.50	24817599	24817599	38254
kroB200.tsp	109.56	24817599	24817599	36678
kroB200.tsp	110.02	24817599	24817599	37618
kroB200.tsp	110.29	24817599	24817599	37110
kroB200.tsp	109.68	24817599	24817599	36776
kroB200.tsp	108.99	24817599	24817599	35603
kroB200.tsp	110.30	24817599	24817599	36290
kroB200.tsp	110.10	24817599	24817599	37463
kroC100.tsp	62.16	24817599	24817599	21635
kroC100.tsp	61.62	24817599	24817599	23736
kroC100.tsp	61.97	24817599	24817599	21800
kroC100.tsp	63.44	24817599	24817599	22337
kroC100.tsp	61.95	24817599	24817599	23288
kroC100.tsp	61.58	24817599	24817599	24220
kroC100.tsp	63.62	24817599	24817599	23594
kroC100.tsp	63.32	24817599	24817599	23195
kroC100.tsp	63.43	24817599	24817599	24131
kroC100.tsp	61.69	24817599	24817599	23184
kroD100.tsp	63.20	24817599	24817599	25840
kroD100.tsp	63.12	24817599	24817599	24494
kroD100.tsp	63.24	24817599	24817599	23090
kroD100.tsp	63.27	24817599	24817599	24553
kroD100.tsp	63.05	24817599	24817599	24295
kroD100.tsp	62.57	24817599	24817599	23448
kroD100.tsp	62.25	24817599	24817599	23543
kroD100.tsp	63.24	24817599	24817599	23265
kroD100.tsp	63.22	24817599	24817599	23763
kroD100.tsp	62.74	24817599	24817599	23325
kroE100.tsp	61.64	24817599	24817599	25169
kroE100.tsp	61.85	24817599	24817599	23818
kroE100.tsp	61.52	24817599	24817599	23849
kroE100.tsp	62.13	24817599	24817599	24814
kroE100.tsp	63.28	24817599	24817599	23893
kroE100.tsp	61.82	24817599	24817599	24183
kroE100.tsp	61.66	24817599	24817599	23856
kroE100.tsp	61.83	24817599	24817599	23722
kroE100.tsp	61.78	24817599	24817599	24394
kroE100.tsp	62.20	24817599	24817599	24007
lin105.tsp	63.65	24817599	24817599	16691
lin105.tsp	63.60	24817599	24817599	16279
lin105.tsp	64.12	24817599	24817599	15927
lin105.tsp	63.88	24817599	24817599	15560
lin105.tsp	64.62	24817599	24817599	15647
lin105.tsp	64.19	24817599	24817599	17024
lin105.tsp	63.73	24817599	24817599	17346
lin105.tsp	64.40	24817599	24817599	16762
lin105.tsp	64.00	24817599	24817599	17146
lin105.tsp	64.54	24817599	24817599	16807
lin318.tsp	163.30	24817599	24817599	63831
lin318.tsp	163.86	24817599	24817599	61846
lin318.tsp	163.48	24817599	24817599	63187
lin318.tsp	162.59	24817599	24817599	59933
lin318.tsp	163.29	24817599	24817599	58217
lin318.tsp	163.17	24817599	24817599	60355
lin318.tsp	164.28	24817599	24817599	62200
lin318.tsp	163.50	24817599	24817599	60629
lin318.tsp	163.48	24817599	24817599	63153
lin318.tsp	163.32	24817599	24817599	58959
linhp318.tsp	163.29	24817599	24817599	58986
linhp318.tsp	164.16	24817599	24817599	62728
linhp318.tsp	163.27	24817599	24817599	60032
linhp318.tsp	236.58	24817599	24817599	58762
linhp318.tsp	162.86	24817599	24817599	63186
linhp318.tsp	163.25	24817599	24817599	63380
linhp318.tsp	162.86	24817599	24817599	58151
linhp318.tsp	162.64	24817599	24817599	62885
linhp318.tsp	163.92	24817599	24817599	63147
linhp318.tsp	164.45	24817599	24817599	59538
pr107.tsp	66.21	24817599	24817599	59902
pr107.tsp	65.56	24817599	24817599	47029
pr107.tsp	65.66	24817599	24817599	44923
pr107.tsp	65.54	24817599	24817599	61229
pr107.tsp	65.57	24817599	24817599	44970
pr107.tsp	65.64	24817599	24817599	60561
pr107.tsp	65.41	24817599	24817599	49606
pr107.tsp	65.70	24817599	24817599	60862
pr107.tsp	65.60	24817599	24817599	44589
pr107.tsp	65.82	24817599	24817599	49308
pr124.tsp	73.39	24817599	24817599	77556
pr124.tsp	74.00	24817599	24817599	75878
pr124.tsp	72.83	24817599	24817599	73848
pr124.tsp	72.82	24817599	24817599	70969
pr124.tsp	73.12	24817599	24817599	68452
pr124.tsp	73.24	24817599	24817599	70842
pr124.tsp	73.51	24817599	24817599	67849
pr124.tsp	72.67	24817599	24817599	67940
pr124.tsp	72.88	24817599	24817599	68800
pr124.tsp	73.46	24817599	24817599	68045
pr136.tsp	79.80	24817599	24817599	111174
pr136.tsp	80.26	24817599	24817599	103894
pr136.tsp	79.49	24817599	24817599	110838
pr136.tsp	80.28	24817599	24817599	120621
pr136.tsp	89.61	24817599	24817599	112993
pr136.tsp	79.96	24817599	24817599	114626
pr136.tsp	79.26	24817599	24817599	109953
pr136.tsp	80.45	24817599	24817599	106719
pr136.tsp	79.63	24817599	24817599	111123
pr136.tsp	79.25	24817599	24817599	111313
pr144.tsp	83.63	24817599	24817599	73748
pr144.tsp	83.29	24817599	24817599	80874
pr144.tsp	84.21	24817599	24817599	75268
pr144.tsp	82.74	24817599	24817599	83462
pr144.tsp	83.49	24817599	24817599	84983
pr144.tsp	83.50	24817599	24817599	75240
pr144.tsp	82.88	24817599	24817599	78073
pr144.tsp	83.25	24817599	24817599	72251
pr144.tsp	89.33	24817599	24817599	78832
pr144.tsp	83.60	24817599	24817599	85581
pr152.tsp	87.20	24817599	24817599	102400
pr152.tsp	87.15	24817599	24817599	93680
pr152.tsp	87.96	24817599	24817599	99260
pr152.tsp	86.71	24817599	24817599	88614
pr152.tsp	87.12	24817599	24817599	103101
pr152.tsp	87.15	24817599	24817599	99869
pr152.tsp	86.45	24817599	24817599	91627
pr152.tsp	86.63	24817599	24817599	95038
pr152.tsp	86.67	24817599	24817599	94589
pr152.tsp	86.73	24817599	24817599	94420
pr226.tsp	121.48	24817599	24817599	137458
pr226.tsp	121.17	24817599	24817599	138449
pr226.tsp	121.28	24817599	24817599	129378
pr226.tsp	120.38	24817599	24817599	133207
pr226.tsp	121.97	24817599	24817599	125876
pr226.tsp	120.85	24817599	24817599	114081
pr226.tsp	122.21	24817599	24817599	122196
pr226.tsp	121.85	24817599	24817599	126991
pr226.tsp	120.49	24817599	24817599	119820
pr226.tsp	122.34	24817599	24817599	144272
pr264.tsp	137.12	24817599	24817599	90440
pr264.tsp	137.73	24817599	24817599	81376
pr264.tsp	137.22	24817599	24817599	81975
pr264.tsp	137.11	24817599	24817599	92995
pr264.tsp	138.03	24817599	24817599	90357
pr264.tsp	137.38	24817599	24817599	84170
pr264.tsp	137.08	24817599	24817599	83744
pr264.tsp	137.17	24817599	24817599	81584
pr264.tsp	137.46	24817599	24817599	90765
pr264.tsp	137.62	24817599	24817599	85999
pr299.tsp	153.97	24817599	24817599	68642
pr299.tsp	153.64	24817599	24817599	67052
pr299.tsp	154.21	24817599	24817599	69216
pr299.tsp	153.62	24817599	24817599	70619
pr299.tsp	153.88	24817599	24817599	65130
pr299.tsp	154.13	24817599	24817599	64112
pr299.tsp	153.82	24817599	24817599	65844
pr299.tsp	154.12	24817599	24817599	69524
pr299.tsp	154.05	24817599	24817599	65638
pr299.tsp	154.42	24817599	24817599	71201
pr439.tsp	222.62	24817599	24817599	170804
pr439.tsp	223.82	24817599	24817599	178578
pr439.tsp	223.17	24817599	24817599	168302
pr439.tsp	222.60	24817599	24817599	180459
pr439.tsp	224.00	24817599	24817599	182949
pr439.tsp	223.60	24817599	24817599	177977
pr439.tsp	224.56	24817599	24817599	167825
pr439.tsp	223.96	24817599	24817599	170025
pr439.tsp	224.75	24817599	24817599	177749
pr439.tsp	224.26	24817599	24817599	173380
pr76.tsp	51.47	24817599	24817599	113249
pr76.tsp	52.45	24817599	24817599	117770
pr76.tsp	50.95	24817599	24817599	118922
pr76.tsp	51.23	24817599	24817599	114208
pr76.tsp	51.09	24817599	24817599	112947
pr76.tsp	50.93	24817599	24817599	113672
pr76.tsp	52.03	24817599	24817599	112040
pr76.tsp	52.10	24817599	24817599	112611
pr76.tsp	51.40	24817599	24817599	111142
pr76.tsp	52.14	24817599	24817599	112899
rat575.tsp	308.82	24817599	24817599	11122
rat575.tsp	310.21	24817599	24817599	9896
rat575.tsp	309.82	24817599	24817599	10215
rat575.tsp	309.01	24817599	24817599	10168
rat575.tsp	310.01	24817599	24817599	10219
rat575.tsp	309.96	24817599	24817599	10920
rat575.tsp	309.39	24817599	24817599	10084
rat575.tsp	309.27	24817599	24817599	10287
rat575.tsp	310.85	24817599	24817599	10099
rat575.tsp	308.75	24817599	24817599	10309
rat783.tsp	431.92	24817599	24817599	15493
rat783.tsp	433.02	24817599	24817599	15553
rat783.tsp	431.07	24817599	24817599	15854
rat783.tsp	432.79	24817599	24817599	14883
rat783.tsp	431.71	24817599	24817599	14777
rat783.tsp	432.29	24817599	24817599	15251
rat783.tsp	432.88	24817599	24817599	16099
rat783.tsp	433.34	24817599	24817599	15194
rat783.tsp	433.37	24817599	24817599	15193
rat783.tsp	434.49	24817599	24817599	14753
rat99.tsp	62.08	24817599	24817599	1369
rat99.tsp	62.51	24817599	24817599	1314
rat99.tsp	62.83	24817599	24817599	1362
rat99.tsp	62.55	24817599	24817599	1314
rat99.tsp	62.72	24817599	24817599	1351
rat99.tsp	62.41	24817599	24817599	1341
rat99.tsp	62.44	24817599	24817599	1268
rat99.tsp	62.91	24817599	24817599	1314
rat99.tsp	62.23	24817599	24817599	1280
rat99.tsp	62.06	24817599	24817599	1312
