a280.tsp	1.46	248165	248165	6071
a280.tsp	1.46	248165	248165	6019
a280.tsp	1.46	248165	248165	6390
a280.tsp	1.47	248165	248165	5842
a280.tsp	1.46	248165	248165	5916
a280.tsp	1.47	248165	248165	6134
a280.tsp	1.47	248165	248165	5739
a280.tsp	1.47	248165	248165	6176
a280.tsp	1.46	248165	248165	6254
a280.tsp	1.46	248165	248165	6127
berlin52.tsp	0.41	248165	248165	8582
berlin52.tsp	0.40	248165	248165	9053
berlin52.tsp	0.41	248165	248165	8569
berlin52.tsp	0.41	248165	248165	8691
berlin52.tsp	0.41	248165	248165	9053
berlin52.tsp	0.42	248165	248165	9078
berlin52.tsp	0.41	248165	248165	8791
berlin52.tsp	0.40	248165	248165	8789
berlin52.tsp	0.40	248165	248165	8488
berlin52.tsp	0.41	248165	248165	8061
bier127.tsp	0.75	248165	248165	157847
bier127.tsp	0.75	248165	248165	161782
bier127.tsp	0.75	248165	248165	163685
bier127.tsp	0.76	248165	248165	164502
bier127.tsp	0.75	248165	248165	172672
bier127.tsp	0.76	248165	248165	168411
bier127.tsp	0.76	248165	248165	167182
bier127.tsp	0.75	248165	248165	175018
bier127.tsp	0.76	248165	248165	172270
bier127.tsp	0.76	248165	248165	173555
eil101.tsp	0.64	248165	248165	806
eil101.tsp	0.64	248165	248165	850
eil101.tsp	0.64	248165	248165	844
eil101.tsp	0.64	248165	248165	838
eil101.tsp	0.64	248165	248165	797
eil101.tsp	0.63	248165	248165	811
eil101.tsp	0.64	248165	248165	804
eil101.tsp	0.63	248165	248165	863
eil101.tsp	0.64	248165	248165	800
eil101.tsp	0.64	248165	248165	784
eil51.tsp	0.40	248165	248165	474
eil51.tsp	0.40	248165	248165	487
eil51.tsp	0.40	248165	248165	474
eil51.tsp	0.42	248165	248165	442
eil51.tsp	0.40	248165	248165	454
eil51.tsp	0.41	248165	248165	464
eil51.tsp	0.42	248165	248165	472
eil51.tsp	0.41	248165	248165	493
eil51.tsp	0.41	248165	248165	473
eil51.tsp	0.41	248165	248165	465
eil76.tsp	0.52	248165	248165	633
eil76.tsp	0.52	248165	248165	654
eil76.tsp	0.52	248165	248165	634
eil76.tsp	0.52	248165	248165	635
eil76.tsp	0.52	248165	248165	636
eil76.tsp	0.52	248165	248165	661
eil76.tsp	0.52	248165	248165	627
eil76.tsp	0.52	248165	248165	622
eil76.tsp	0.66	248165	248165	666
eil76.tsp	0.52	248165	248165	674
gil262.tsp	1.37	248165	248165	5041
gil262.tsp	1.38	248165	248165	5201
gil262.tsp	1.37	248165	248165	4649
gil262.tsp	1.38	248165	248165	5126
gil262.tsp	1.37	248165	248165	5180
gil262.tsp	1.38	248165	248165	4798
gil262.tsp	1.37	248165	248165	4876
gil262.tsp	1.37	248165	248165	5014
gil262.tsp	1.39	248165	248165	5230
gil262.tsp	1.37	248165	248165	5049
kroA100.tsp	0.69	248165	248165	33885
kroA100.tsp	0.63	248165	248165	36413
kroA100.tsp	0.63	248165	248165	36976
kroA100.tsp	0.62	248165	248165	31876
kroA100.tsp	0.63	248165	248165	31887
kroA100.tsp	0.62	248165	248165	32749
kroA100.tsp	0.62	248165	248165	33035
kroA100.tsp	0.61	248165	248165	32011
kroA100.tsp	0.63	248165	248165	34833
kroA100.tsp	0.62	248165	248165	36075
kroA150.tsp	0.87	248165	248165	45824
kroA150.tsp	0.86	248165	248165	46799
kroA150.tsp	0.87	248165	248165	48319
kroA150.tsp	0.86	248165	248165	43361
kroA150.tsp	0.86	248165	248165	46157
kroA150.tsp	0.86	248165	248165	42306
kroA150.tsp	0.86	248165	248165	44271
kroA150.tsp	0.86	248165	248165	55203
kroA150.tsp	0.86	248165	248165	46689
kroA150.tsp	0.86	248165	248165	40976
kroA200.tsp	1.09	248165	248165	64326
kroA200.tsp	1.09	248165	248165	56748
kroA200.tsp	1.08	248165	248165	54587
kroA200.tsp	1.10	248165	248165	62402
kroA200.tsp	1.10	248165	248165	54944
kroA200.tsp	1.09	248165	248165	63204
kroA200.tsp	1.09	248165	248165	60995
kroA200.tsp	1.10	248165	248165	55195
kroA200.tsp	1.10	248165	248165	59040
kroA200.tsp	1.09	248165	248165	59677
kroB100.tsp	0.62	248165	248165	35631
kroB100.tsp	0.63	248165	248165	35828
kroB100.tsp	0.62	248165	248165	31771
kroB100.tsp	0.63	248165	248165	36098
kroB100.tsp	0.62	248165	248165	31177
kroB100.tsp	0.62	248165	248165	32854
kroB100.tsp	0.63	248165	248165	32736
kroB100.tsp	0.62	248165	248165	34201
kroB100.tsp	0.62	248165	248165	34294
kroB100.tsp	0.62	248165	248165	33506
kroB150.tsp	0.86	248165	248165	44819
kroB150.tsp	0.86	248165	248165	46526
kroB150.tsp	0.86	248165	248165	48083
kroB150.tsp	0.86	248165	248165	46689
kroB150.tsp	0.86	248165	248165	41314
kroB150.tsp	0.86	248165	248165	46715
kroB150.tsp	0.86	248165	248165	51200
kroB150.tsp	0.86	248165	248165	50060
kroB150.tsp	0.86	248165	248165	46475
kroB150.tsp	0.86	248165	248165	46401
kroB200.tsp	1.09	248165	248165	59267
kroB200.tsp	1.09	248165	248165	59850
kroB200.tsp	1.10	248165	248165	55616
kroB200.tsp	1.09	248165	248165	49282
kroB200.tsp	1.09	248165	248165	63477
kroB200.tsp	1.10	248165	248165	56370
kroB200.tsp	1.10	248165	248165	64728
kroB200.tsp	1.10	248165	248165	55619
kroB200.tsp	1.10	248165	248165	56646
kroB200.tsp	1.08	248165	248165	57391
kroC100.tsp	0.62	248165	248165	33325
kroC100.tsp	0.62	248165	248165	31153
kroC100.tsp	0.63	248165	248165	35001
kroC100.tsp	0.61	248165	248165	35194
kroC100.tsp	0.62	248165	248165	33491
kroC100.tsp	0.62	248165	248165	32166
kroC100.tsp	0.62	248165	248165	33124
kroC100.tsp	0.62	248165	248165	32333
kroC100.tsp	0.62	248165	248165	36137
kroC100.tsp	0.62	248165	248165	30302
kroD100.tsp	0.62	248165	248165	34119
kroD100.tsp	0.62	248165	248165	30602
kroD100.tsp	0.62	248165	248165	32364
kroD100.tsp	0.62	248165	248165	29796
kroD100.tsp	0.62	248165	248165	27561
kroD100.tsp	0.63	248165	248165	34967
kroD100.tsp	0.62	248165	248165	32719
kroD100.tsp	0.62	248165	248165	32419
kroD100.tsp	0.62	248165	248165	30174
kroD100.tsp	0.63	248165	248165	31906
kroE100.tsp	0.81	248165	248165	35549
kroE100.tsp	0.62	248165	248165	33788
kroE100.tsp	0.64	248165	248165	30131
kroE100.tsp	0.61	248165	248165	31541
kroE100.tsp	0.63	248165	248165	36318
kroE100.tsp	0.62	248165	248165	33447
kroE100.tsp	0.62	248165	248165	33603
kroE100.tsp	0.63	248165	248165	31908
kroE100.tsp	0.62	248165	248165	34860
kroE100.tsp	0.63	248165	248165	33575
lin105.tsp	0.64	248165	248165	21623
lin105.tsp	0.64	248165	248165	27122
lin105.tsp	0.64	248165	248165	22174
lin105.tsp	0.64	248165	248165	23957
lin105.tsp	0.64	248165	248165	24141
lin105.tsp	0.65	248165	248165	23783
lin105.tsp	0.64	248165	248165	22924
lin105.tsp	0.65	248165	248165	26206
lin105.tsp	0.64	248165	248165	24496
lin105.tsp	0.64	248165	248165	22232
lin318.tsp	1.64	248165	248165	119459
lin318.tsp	1.64	248165	248165	109819
lin318.tsp	1.64	248165	248165	103958
lin318.tsp	1.64	248165	248165	118312
lin318.tsp	1.64	248165	248165	110006
lin318.tsp	1.63	248165	248165	108602
lin318.tsp	1.64	248165	248165	120827
lin318.tsp	1.64	248165	248165	120284
lin318.tsp	1.63	248165	248165	108913
lin318.tsp	1.64	248165	248165	115312
linhp318.tsp	1.64	248165	248165	111032
linhp318.tsp	1.63	248165	248165	101510
linhp318.tsp	1.64	248165	248165	115036
linhp318.tsp	1.64	248165	248165	103967
linhp318.tsp	1.64	248165	248165	109883
linhp318.tsp	1.64	248165	248165	106848
linhp318.tsp	1.64	248165	248165	111047
linhp318.tsp	1.64	248165	248165	111619
linhp318.tsp	1.64	248165	248165	102221
linhp318.tsp	1.64	248165	248165	115814
pr107.tsp	0.65	248165	248165	88388
pr107.tsp	0.73	248165	248165	102074
pr107.tsp	0.65	248165	248165	106153
pr107.tsp	0.65	248165	248165	90720
pr107.tsp	0.65	248165	248165	82537
pr107.tsp	0.66	248165	248165	99082
pr107.tsp	0.65	248165	248165	86675
pr107.tsp	0.65	248165	248165	88152
pr107.tsp	0.66	248165	248165	99187
pr107.tsp	0.65	248165	248165	87163
pr124.tsp	0.73	248165	248165	114967
pr124.tsp	0.73	248165	248165	116351
pr124.tsp	0.73	248165	248165	106683
pr124.tsp	0.73	248165	248165	95301
pr124.tsp	0.73	248165	248165	114475
pr124.tsp	0.73	248165	248165	115528
pr124.tsp	0.73	248165	248165	104246
pr124.tsp	0.73	248165	248165	118736
pr124.tsp	0.73	248165	248165	97986
pr124.tsp	0.73	248165	248165	125012
pr136.tsp	0.80	248165	248165	146324
pr136.tsp	0.80	248165	248165	177774
pr136.tsp	0.80	248165	248165	152032
pr136.tsp	0.80	248165	248165	172607
pr136.tsp	0.79	248165	248165	169370
pr136.tsp	0.80	248165	248165	159691
pr136.tsp	0.80	248165	248165	156319
pr136.tsp	0.80	248165	248165	172528
pr136.tsp	0.79	248165	248165	156799
pr136.tsp	0.80	248165	248165	173845
pr144.tsp	0.83	248165	248165	155443
pr144.tsp	0.83	248165	248165	162546
pr144.tsp	1.00	248165	248165	147119
pr144.tsp	0.83	248165	248165	158831
pr144.tsp	0.83	248165	248165	161091
pr144.tsp	0.83	248165	248165	148884
pr144.tsp	0.83	248165	248165	145530
pr144.tsp	0.83	248165	248165	148552
pr144.tsp	0.84	248165	248165	149341
pr144.tsp	0.83	248165	248165	156944
pr152.tsp	0.87	248165	248165	189366
pr152.tsp	0.87	248165	248165	170470
pr152.tsp	0.87	248165	248165	212713
pr152.tsp	0.87	248165	248165	229072
pr152.tsp	0.87	248165	248165	190170
pr152.tsp	0.87	248165	248165	181103
pr152.tsp	0.87	248165	248165	170124
pr152.tsp	0.87	248165	248165	189987
pr152.tsp	0.87	248165	248165	191706
pr152.tsp	0.87	248165	248165	171825
pr226.tsp	1.21	248165	248165	267511
pr226.tsp	1.21	248165	248165	254388
pr226.tsp	1.20	248165	248165	270347
pr226.tsp	1.20	248165	248165	263820
pr226.tsp	1.21	248165	248165	270911
pr226.tsp	1.21	248165	248165	274706
pr226.tsp	1.21	248165	248165	241417
pr226.tsp	1.21	248165	248165	285370
pr226.tsp	1.21	248165	248165	286109
pr226.tsp	1.21	248165	248165	279684
pr264.tsp	1.38	248165	248165	211996
pr264.tsp	1.37	248165	248165	163436
pr264.tsp	1.38	248165	248165	172851
pr264.tsp	1.37	248165	248165	179259
pr264.tsp	1.37	248165	248165	166244
pr264.tsp	1.37	248165	248165	172433
pr264.tsp	1.37	248165	248165	157943
pr264.tsp	1.38	248165	248165	159113
pr264.tsp	1.69	248165	248165	175661
pr264.tsp	1.37	248165	248165	180011
pr299.tsp	1.54	248165	248165	124596
pr299.tsp	1.55	248165	248165	136350
pr299.tsp	1.70	248165	248165	133274
pr299.tsp	1.54	248165	248165	115872
pr299.tsp	1.54	248165	248165	136499
pr299.tsp	1.54	248165	248165	119209
pr299.tsp	1.54	248165	248165	123645
pr299.tsp	1.54	248165	248165	124244
pr299.tsp	1.54	248165	248165	123308
pr299.tsp	1.54	248165	248165	122485
pr439.tsp	2.24	248165	248165	373864
pr439.tsp	2.25	248165	248165	321329
pr439.tsp	2.25	248165	248165	351715
pr439.tsp	2.25	248165	248165	372196
pr439.tsp	2.24	248165	248165	360105
pr439.tsp	2.24	248165	248165	340116
pr439.tsp	2.62	248165	248165	343843
pr439.tsp	2.24	248165	248165	357105
pr439.tsp	2.23	248165	248165	345013
pr439.tsp	2.25	248165	248165	368363
pr76.tsp	0.51	248165	248165	152760
pr76.tsp	0.52	248165	248165	141943
pr76.tsp	0.51	248165	248165	137998
pr76.tsp	0.51	248165	248165	133910
pr76.tsp	0.51	248165	248165	150674
pr76.tsp	0.52	248165	248165	152572
pr76.tsp	0.51	248165	248165	145964
pr76.tsp	0.52	248165	248165	145575
pr76.tsp	0.52	248165	248165	142430
pr76.tsp	0.52	248165	248165	148026
rat575.tsp	3.07	248165	248165	21679
rat575.tsp	3.09	248165	248165	22026
rat575.tsp	3.09	248165	248165	22946
rat575.tsp	3.10	248165	248165	22577
rat575.tsp	3.09	248165	248165	22078
rat575.tsp	3.09	248165	248165	22122
rat575.tsp	3.08	248165	248165	21979
rat575.tsp	3.09	248165	248165	22305
rat575.tsp	3.09	248165	248165	22737
rat575.tsp	3.09	248165	248165	21794
rat783.tsp	4.39	248165	248165	37569
rat783.tsp	4.37	248165	248165	34844
rat783.tsp	4.30	248165	248165	36280
rat783.tsp	4.36	248165	248165	35318
rat783.tsp	4.38	248165	248165	36336
rat783.tsp	4.38	248165	248165	38228
rat783.tsp	4.38	248165	248165	34819
rat783.tsp	4.32	248165	248165	38176
rat783.tsp	4.30	248165	248165	36298
rat783.tsp	4.32	248165	248165	37180
rat99.tsp	0.62	248165	248165	1682
rat99.tsp	0.63	248165	248165	1731
rat99.tsp	0.62	248165	248165	1685
rat99.tsp	0.63	248165	248165	1642
rat99.tsp	0.62	248165	248165	1904
rat99.tsp	0.62	248165	248165	1902
rat99.tsp	0.62	248165	248165	1710
rat99.tsp	0.62	248165	248165	1749
rat99.tsp	0.62	248165	248165	1818
rat99.tsp	0.63	248165	248165	1611
