a280.tsp	2.09	354526	354526	5332
a280.tsp	2.10	354526	354526	5287
a280.tsp	2.09	354526	354526	5526
a280.tsp	2.09	354526	354526	5672
a280.tsp	2.09	354526	354526	5618
a280.tsp	2.09	354526	354526	5358
a280.tsp	2.10	354526	354526	5668
a280.tsp	2.11	354526	354526	5413
a280.tsp	2.10	354526	354526	5980
a280.tsp	2.09	354526	354526	5789
berlin52.tsp	0.58	354526	354526	8420
berlin52.tsp	0.58	354526	354526	8954
berlin52.tsp	0.57	354526	354526	8791
berlin52.tsp	0.59	354526	354526	8927
berlin52.tsp	0.58	354526	354526	8519
berlin52.tsp	0.58	354526	354526	8526
berlin52.tsp	0.58	354526	354526	9328
berlin52.tsp	0.59	354526	354526	9359
berlin52.tsp	0.57	354526	354526	8251
berlin52.tsp	0.57	354526	354526	8421
bier127.tsp	1.08	354526	354526	155793
bier127.tsp	1.08	354526	354526	159342
bier127.tsp	1.08	354526	354526	153906
bier127.tsp	1.08	354526	354526	161112
bier127.tsp	1.08	354526	354526	163745
bier127.tsp	1.08	354526	354526	155896
bier127.tsp	1.08	354526	354526	158712
bier127.tsp	1.08	354526	354526	158573
bier127.tsp	1.08	354526	354526	174812
bier127.tsp	1.08	354526	354526	173981
eil101.tsp	0.91	354526	354526	789
eil101.tsp	0.90	354526	354526	728
eil101.tsp	0.90	354526	354526	863
eil101.tsp	0.91	354526	354526	771
eil101.tsp	0.91	354526	354526	772
eil101.tsp	0.91	354526	354526	761
eil101.tsp	0.90	354526	354526	806
eil101.tsp	0.92	354526	354526	832
eil101.tsp	0.91	354526	354526	775
eil101.tsp	0.91	354526	354526	874
eil51.tsp	0.58	354526	354526	501
eil51.tsp	0.60	354526	354526	455
eil51.tsp	0.58	354526	354526	469
eil51.tsp	0.58	354526	354526	499
eil51.tsp	0.58	354526	354526	473
eil51.tsp	0.59	354526	354526	454
eil51.tsp	0.58	354526	354526	457
eil51.tsp	0.58	354526	354526	476
eil51.tsp	0.58	354526	354526	453
eil51.tsp	0.58	354526	354526	481
eil76.tsp	0.74	354526	354526	618
eil76.tsp	0.74	354526	354526	640
eil76.tsp	0.74	354526	354526	628
eil76.tsp	0.75	354526	354526	611
eil76.tsp	0.74	354526	354526	663
eil76.tsp	0.74	354526	354526	630
eil76.tsp	0.74	354526	354526	650
eil76.tsp	0.74	354526	354526	657
eil76.tsp	0.74	354526	354526	634
eil76.tsp	0.74	354526	354526	625
gil262.tsp	1.96	354526	354526	4692
gil262.tsp	1.97	354526	354526	4383
gil262.tsp	1.96	354526	354526	4529
gil262.tsp	1.96	354526	354526	5226
gil262.tsp	1.96	354526	354526	5072
gil262.tsp	1.96	354526	354526	5315
gil262.tsp	1.96	354526	354526	4869
gil262.tsp	1.96	354526	354526	4506
gil262.tsp	1.97	354526	354526	5392
gil262.tsp	1.97	354526	354526	4648
kroA100.tsp	0.90	354526	354526	30419
kroA100.tsp	0.90	354526	354526	29473
kroA100.tsp	0.91	354526	354526	31106
kroA100.tsp	0.90	354526	354526	32955
kroA100.tsp	0.88	354526	354526	31803
kroA100.tsp	0.90	354526	354526	30937
kroA100.tsp	0.90	354526	354526	33048
kroA100.tsp	0.88	354526	354526	33240
kroA100.tsp	0.88	354526	354526	31415
kroA100.tsp	0.88	354526	354526	30920
kroA150.tsp	1.23	354526	354526	45704
kroA150.tsp	1.23	354526	354526	48113
kroA150.tsp	1.24	354526	354526	50170
kroA150.tsp	1.24	354526	354526	42930
kroA150.tsp	1.23	354526	354526	47384
kroA150.tsp	1.22	354526	354526	39790
kroA150.tsp	1.23	354526	354526	42147
kroA150.tsp	1.23	354526	354526	45891
kroA150.tsp	1.23	354526	354526	47864
kroA150.tsp	1.24	354526	354526	42476
kroA200.tsp	1.56	354526	354526	59231
kroA200.tsp	1.56	354526	354526	57792
kroA200.tsp	1.56	354526	354526	51471
kroA200.tsp	1.56	354526	354526	57927
kroA200.tsp	1.57	354526	354526	56523
kroA200.tsp	1.57	354526	354526	63477
kroA200.tsp	1.55	354526	354526	54972
kroA200.tsp	1.56	354526	354526	56655
kroA200.tsp	1.58	354526	354526	57768
kroA200.tsp	1.56	354526	354526	53977
kroB100.tsp	0.88	354526	354526	31473
kroB100.tsp	0.90	354526	354526	33015
kroB100.tsp	0.89	354526	354526	34204
kroB100.tsp	0.90	354526	354526	30300
kroB100.tsp	0.88	354526	354526	32632
kroB100.tsp	0.90	354526	354526	31922
kroB100.tsp	0.90	354526	354526	30199
kroB100.tsp	0.88	354526	354526	30442
kroB100.tsp	0.88	354526	354526	30869
kroB100.tsp	0.90	354526	354526	32884
kroB150.tsp	1.23	354526	354526	41322
kroB150.tsp	1.23	354526	354526	44324
kroB150.tsp	1.23	354526	354526	48783
kroB150.tsp	1.22	354526	354526	43984
kroB150.tsp	1.22	354526	354526	42455
kroB150.tsp	1.23	354526	354526	42649
kroB150.tsp	1.23	354526	354526	46276
kroB150.tsp	1.23	354526	354526	42621
kroB150.tsp	1.23	354526	354526	46837
kroB150.tsp	1.23	354526	354526	45119
kroB200.tsp	1.56	354526	354526	57787
kroB200.tsp	1.56	354526	354526	54172
kroB200.tsp	1.56	354526	354526	60534
kroB200.tsp	1.56	354526	354526	65540
kroB200.tsp	1.57	354526	354526	58263
kroB200.tsp	1.56	354526	354526	59647
kroB200.tsp	1.58	354526	354526	50753
kroB200.tsp	1.57	354526	354526	55194
kroB200.tsp	1.56	354526	354526	53487
kroB200.tsp	1.56	354526	354526	53767
kroC100.tsp	0.88	354526	354526	31626
kroC100.tsp	0.90	354526	354526	29116
kroC100.tsp	0.88	354526	354526	31620
kroC100.tsp	0.90	354526	354526	33150
kroC100.tsp	0.89	354526	354526	33456
kroC100.tsp	0.88	354526	354526	30985
kroC100.tsp	0.88	354526	354526	30160
kroC100.tsp	0.90	354526	354526	31551
kroC100.tsp	0.88	354526	354526	34100
kroC100.tsp	0.90	354526	354526	33476
kroD100.tsp	0.90	354526	354526	32957
kroD100.tsp	0.90	354526	354526	32565
kroD100.tsp	0.90	354526	354526	30168
kroD100.tsp	0.88	354526	354526	31913
kroD100.tsp	0.88	354526	354526	33374
kroD100.tsp	0.89	354526	354526	30753
kroD100.tsp	0.90	354526	354526	33350
kroD100.tsp	0.90	354526	354526	30669
kroD100.tsp	0.90	354526	354526	31098
kroD100.tsp	0.90	354526	354526	33382
kroE100.tsp	0.90	354526	354526	35166
kroE100.tsp	0.90	354526	354526	27708
kroE100.tsp	0.90	354526	354526	33248
kroE100.tsp	0.90	354526	354526	29794
kroE100.tsp	0.90	354526	354526	32817
kroE100.tsp	0.89	354526	354526	34954
kroE100.tsp	0.88	354526	354526	32201
kroE100.tsp	0.88	354526	354526	31258
kroE100.tsp	0.90	354526	354526	32235
kroE100.tsp	0.90	354526	354526	29645
lin105.tsp	0.92	354526	354526	23963
lin105.tsp	0.93	354526	354526	23176
lin105.tsp	0.91	354526	354526	27022
lin105.tsp	0.92	354526	354526	21778
lin105.tsp	0.93	354526	354526	23468
lin105.tsp	0.92	354526	354526	20631
lin105.tsp	0.91	354526	354526	21190
lin105.tsp	0.92	354526	354526	22909
lin105.tsp	0.93	354526	354526	22863
lin105.tsp	0.91	354526	354526	23208
lin318.tsp	2.34	354526	354526	104692
lin318.tsp	2.33	354526	354526	101267
lin318.tsp	2.34	354526	354526	115526
lin318.tsp	2.34	354526	354526	104183
lin318.tsp	2.33	354526	354526	104685
lin318.tsp	2.34	354526	354526	105839
lin318.tsp	2.33	354526	354526	116468
lin318.tsp	2.34	354526	354526	99064
lin318.tsp	2.34	354526	354526	97037
lin318.tsp	2.34	354526	354526	99507
linhp318.tsp	2.33	354526	354526	104782
linhp318.tsp	2.33	354526	354526	92941
linhp318.tsp	2.34	354526	354526	98249
linhp318.tsp	2.34	354526	354526	106396
linhp318.tsp	2.34	354526	354526	101188
linhp318.tsp	2.34	354526	354526	97440
linhp318.tsp	2.34	354526	354526	92922
linhp318.tsp	2.33	354526	354526	98651
linhp318.tsp	2.34	354526	354526	107777
linhp318.tsp	2.34	354526	354526	105689
pr107.tsp	1.05	354526	354526	94567
pr107.tsp	0.93	354526	354526	84140
pr107.tsp	0.93	354526	354526	85673
pr107.tsp	0.93	354526	354526	85746
pr107.tsp	0.93	354526	354526	85201
pr107.tsp	0.94	354526	354526	84494
pr107.tsp	0.93	354526	354526	82039
pr107.tsp	0.94	354526	354526	97596
pr107.tsp	0.93	354526	354526	86983
pr107.tsp	0.94	354526	354526	94192
pr124.tsp	1.04	354526	354526	110100
pr124.tsp	1.05	354526	354526	125308
pr124.tsp	1.04	354526	354526	124113
pr124.tsp	1.04	354526	354526	115852
pr124.tsp	1.05	354526	354526	111502
pr124.tsp	1.04	354526	354526	105326
pr124.tsp	1.04	354526	354526	95122
pr124.tsp	1.04	354526	354526	100843
pr124.tsp	1.04	354526	354526	96327
pr124.tsp	1.04	354526	354526	117124
pr136.tsp	1.14	354526	354526	155468
pr136.tsp	1.14	354526	354526	150224
pr136.tsp	1.14	354526	354526	166293
pr136.tsp	1.14	354526	354526	144988
pr136.tsp	1.14	354526	354526	148918
pr136.tsp	1.14	354526	354526	169947
pr136.tsp	1.14	354526	354526	161284
pr136.tsp	1.15	354526	354526	150014
pr136.tsp	1.14	354526	354526	161898
pr136.tsp	1.14	354526	354526	157231
pr144.tsp	1.19	354526	354526	124898
pr144.tsp	1.19	354526	354526	148656
pr144.tsp	1.20	354526	354526	125265
pr144.tsp	1.20	354526	354526	142690
pr144.tsp	1.19	354526	354526	129179
pr144.tsp	1.20	354526	354526	119760
pr144.tsp	1.18	354526	354526	110748
pr144.tsp	1.18	354526	354526	131091
pr144.tsp	1.20	354526	354526	151390
pr144.tsp	1.20	354526	354526	149788
pr152.tsp	1.25	354526	354526	168562
pr152.tsp	1.24	354526	354526	166777
pr152.tsp	1.25	354526	354526	180093
pr152.tsp	1.23	354526	354526	177963
pr152.tsp	1.24	354526	354526	166689
pr152.tsp	1.24	354526	354526	177820
pr152.tsp	1.25	354526	354526	181475
pr152.tsp	1.25	354526	354526	176035
pr152.tsp	1.24	354526	354526	180395
pr152.tsp	1.25	354526	354526	170384
pr226.tsp	1.74	354526	354526	267730
pr226.tsp	1.74	354526	354526	268908
pr226.tsp	1.73	354526	354526	275602
pr226.tsp	1.74	354526	354526	247537
pr226.tsp	1.73	354526	354526	241333
pr226.tsp	1.74	354526	354526	249759
pr226.tsp	1.74	354526	354526	289105
pr226.tsp	1.73	354526	354526	289239
pr226.tsp	1.73	354526	354526	249983
pr226.tsp	1.73	354526	354526	223130
pr264.tsp	2.41	354526	354526	175228
pr264.tsp	1.96	354526	354526	140808
pr264.tsp	1.96	354526	354526	148666
pr264.tsp	1.96	354526	354526	165682
pr264.tsp	1.96	354526	354526	186148
pr264.tsp	1.96	354526	354526	172141
pr264.tsp	1.96	354526	354526	156951
pr264.tsp	1.96	354526	354526	184304
pr264.tsp	1.97	354526	354526	186777
pr264.tsp	1.96	354526	354526	160752
pr299.tsp	2.20	354526	354526	132053
pr299.tsp	2.20	354526	354526	121302
pr299.tsp	2.20	354526	354526	111495
pr299.tsp	2.20	354526	354526	113553
pr299.tsp	2.20	354526	354526	125783
pr299.tsp	2.20	354526	354526	121858
pr299.tsp	2.21	354526	354526	119085
pr299.tsp	2.20	354526	354526	134404
pr299.tsp	2.20	354526	354526	124209
pr299.tsp	2.20	354526	354526	113597
pr439.tsp	3.20	354526	354526	329979
pr439.tsp	3.20	354526	354526	356491
pr439.tsp	3.21	354526	354526	318670
pr439.tsp	3.19	354526	354526	313818
pr439.tsp	3.21	354526	354526	336967
pr439.tsp	3.20	354526	354526	309423
pr439.tsp	3.19	354526	354526	349476
pr439.tsp	3.21	354526	354526	340350
pr439.tsp	3.20	354526	354526	353098
pr439.tsp	3.21	354526	354526	367504
pr76.tsp	0.74	354526	354526	136811
pr76.tsp	0.72	354526	354526	126939
pr76.tsp	0.73	354526	354526	133156
pr76.tsp	0.74	354526	354526	139584
pr76.tsp	0.74	354526	354526	152791
pr76.tsp	0.74	354526	354526	142724
pr76.tsp	0.74	354526	354526	134583
pr76.tsp	0.74	354526	354526	146239
pr76.tsp	0.74	354526	354526	132466
pr76.tsp	0.75	354526	354526	131445
rat575.tsp	4.41	354526	354526	21402
rat575.tsp	4.42	354526	354526	18241
rat575.tsp	4.42	354526	354526	19833
rat575.tsp	4.42	354526	354526	20865
rat575.tsp	4.41	354526	354526	19916
rat575.tsp	4.42	354526	354526	19630
rat575.tsp	4.44	354526	354526	21456
rat575.tsp	4.40	354526	354526	20678
rat575.tsp	4.41	354526	354526	18615
rat575.tsp	4.41	354526	354526	19262
rat783.tsp	6.15	354526	354526	33484
rat783.tsp	6.16	354526	354526	32311
rat783.tsp	6.16	354526	354526	35776
rat783.tsp	6.18	354526	354526	32903
rat783.tsp	6.17	354526	354526	31587
rat783.tsp	6.16	354526	354526	34567
rat783.tsp	6.28	354526	354526	33227
rat783.tsp	6.16	354526	354526	32707
rat783.tsp	6.25	354526	354526	33871
rat783.tsp	6.17	354526	354526	35026
rat99.tsp	0.89	354526	354526	1684
rat99.tsp	0.88	354526	354526	1733
rat99.tsp	0.90	354526	354526	1485
rat99.tsp	0.90	354526	354526	1547
rat99.tsp	0.89	354526	354526	1723
rat99.tsp	0.90	354526	354526	1676
rat99.tsp	0.89	354526	354526	1623
rat99.tsp	0.89	354526	354526	1538
rat99.tsp	0.90	354526	354526	1624
rat99.tsp	0.89	354526	354526	1592
