a280.tsp	1.48	251042	251042	5788
a280.tsp	1.48	251042	251042	6129
a280.tsp	1.48	251042	251042	5737
a280.tsp	1.48	251042	251042	6209
a280.tsp	1.48	251042	251042	5528
a280.tsp	1.48	251042	251042	6027
a280.tsp	1.48	251042	251042	5931
a280.tsp	1.49	251042	251042	6079
a280.tsp	1.49	251042	251042	6138
a280.tsp	1.48	251042	251042	6011
berlin52.tsp	0.42	251042	251042	8351
berlin52.tsp	0.41	251042	251042	9569
berlin52.tsp	0.41	251042	251042	8857
berlin52.tsp	0.42	251042	251042	9141
berlin52.tsp	0.40	251042	251042	9772
berlin52.tsp	0.42	251042	251042	8600
berlin52.tsp	0.42	251042	251042	8478
berlin52.tsp	0.42	251042	251042	9077
berlin52.tsp	0.56	251042	251042	8645
berlin52.tsp	0.41	251042	251042	8760
bier127.tsp	0.77	251042	251042	162109
bier127.tsp	0.76	251042	251042	172928
bier127.tsp	0.76	251042	251042	178549
bier127.tsp	0.77	251042	251042	166586
bier127.tsp	0.76	251042	251042	170713
bier127.tsp	0.76	251042	251042	165403
bier127.tsp	0.77	251042	251042	157371
bier127.tsp	0.77	251042	251042	162980
bier127.tsp	0.76	251042	251042	159290
bier127.tsp	0.77	251042	251042	157999
eil101.tsp	0.64	251042	251042	784
eil101.tsp	0.64	251042	251042	835
eil101.tsp	0.64	251042	251042	799
eil101.tsp	0.64	251042	251042	797
eil101.tsp	0.64	251042	251042	753
eil101.tsp	0.65	251042	251042	864
eil101.tsp	0.63	251042	251042	778
eil101.tsp	0.64	251042	251042	756
eil101.tsp	0.64	251042	251042	823
eil101.tsp	0.64	251042	251042	776
eil51.tsp	0.41	251042	251042	464
eil51.tsp	0.41	251042	251042	446
eil51.tsp	0.41	251042	251042	475
eil51.tsp	0.41	251042	251042	448
eil51.tsp	0.42	251042	251042	489
eil51.tsp	0.41	251042	251042	471
eil51.tsp	0.42	251042	251042	481
eil51.tsp	0.41	251042	251042	486
eil51.tsp	0.41	251042	251042	470
eil51.tsp	0.41	251042	251042	466
eil76.tsp	0.53	251042	251042	616
eil76.tsp	0.52	251042	251042	642
eil76.tsp	0.52	251042	251042	624
eil76.tsp	0.52	251042	251042	630
eil76.tsp	0.52	251042	251042	623
eil76.tsp	0.53	251042	251042	641
eil76.tsp	0.52	251042	251042	643
eil76.tsp	0.53	251042	251042	614
eil76.tsp	0.52	251042	251042	633
eil76.tsp	0.52	251042	251042	617
gil262.tsp	1.39	251042	251042	5040
gil262.tsp	1.39	251042	251042	4918
gil262.tsp	1.39	251042	251042	4960
gil262.tsp	1.39	251042	251042	5175
gil262.tsp	1.39	251042	251042	4926
gil262.tsp	1.39	251042	251042	4963
gil262.tsp	1.39	251042	251042	5076
gil262.tsp	1.39	251042	251042	4870
gil262.tsp	1.39	251042	251042	5613
gil262.tsp	1.39	251042	251042	5082
kroA100.tsp	0.64	251042	251042	33939
kroA100.tsp	0.63	251042	251042	35708
kroA100.tsp	0.62	251042	251042	28283
kroA100.tsp	0.62	251042	251042	32306
kroA100.tsp	0.63	251042	251042	28403
kroA100.tsp	0.64	251042	251042	31799
kroA100.tsp	0.64	251042	251042	32721
kroA100.tsp	0.62	251042	251042	32279
kroA100.tsp	0.64	251042	251042	32517
kroA100.tsp	0.62	251042	251042	28573
kroA150.tsp	0.87	251042	251042	43265
kroA150.tsp	0.87	251042	251042	43314
kroA150.tsp	0.87	251042	251042	48694
kroA150.tsp	0.87	251042	251042	45432
kroA150.tsp	0.88	251042	251042	46532
kroA150.tsp	0.87	251042	251042	45291
kroA150.tsp	0.87	251042	251042	42578
kroA150.tsp	0.87	251042	251042	46582
kroA150.tsp	0.88	251042	251042	47665
kroA150.tsp	0.87	251042	251042	45521
kroA200.tsp	1.11	251042	251042	64116
kroA200.tsp	1.10	251042	251042	58224
kroA200.tsp	1.11	251042	251042	58368
kroA200.tsp	1.11	251042	251042	58979
kroA200.tsp	1.11	251042	251042	61939
kroA200.tsp	1.11	251042	251042	57038
kroA200.tsp	1.10	251042	251042	57604
kroA200.tsp	1.10	251042	251042	60226
kroA200.tsp	1.10	251042	251042	59323
kroA200.tsp	1.11	251042	251042	57646
kroB100.tsp	0.65	251042	251042	35629
kroB100.tsp	0.64	251042	251042	34128
kroB100.tsp	0.62	251042	251042	35566
kroB100.tsp	0.63	251042	251042	34619
kroB100.tsp	0.63	251042	251042	33980
kroB100.tsp	0.63	251042	251042	33472
kroB100.tsp	0.64	251042	251042	33886
kroB100.tsp	0.63	251042	251042	35080
kroB100.tsp	0.62	251042	251042	30997
kroB100.tsp	0.63	251042	251042	37432
kroB150.tsp	0.87	251042	251042	40786
kroB150.tsp	0.88	251042	251042	49082
kroB150.tsp	0.87	251042	251042	45836
kroB150.tsp	0.87	251042	251042	45356
kroB150.tsp	0.87	251042	251042	46214
kroB150.tsp	0.87	251042	251042	51301
kroB150.tsp	0.87	251042	251042	49146
kroB150.tsp	0.87	251042	251042	52549
kroB150.tsp	0.87	251042	251042	43736
kroB150.tsp	0.88	251042	251042	45985
kroB200.tsp	1.10	251042	251042	52844
kroB200.tsp	1.12	251042	251042	54734
kroB200.tsp	1.11	251042	251042	58731
kroB200.tsp	1.10	251042	251042	57588
kroB200.tsp	1.10	251042	251042	57596
kroB200.tsp	1.10	251042	251042	61229
kroB200.tsp	1.10	251042	251042	64511
kroB200.tsp	1.11	251042	251042	56058
kroB200.tsp	1.10	251042	251042	57243
kroB200.tsp	1.10	251042	251042	61038
kroC100.tsp	0.64	251042	251042	33093
kroC100.tsp	0.63	251042	251042	33251
kroC100.tsp	0.63	251042	251042	31990
kroC100.tsp	0.67	251042	251042	32476
kroC100.tsp	0.64	251042	251042	33037
kroC100.tsp	0.63	251042	251042	28209
kroC100.tsp	0.63	251042	251042	34178
kroC100.tsp	0.62	251042	251042	34207
kroC100.tsp	0.63	251042	251042	30450
kroC100.tsp	0.64	251042	251042	32034
kroD100.tsp	0.62	251042	251042	34618
kroD100.tsp	0.63	251042	251042	31648
kroD100.tsp	0.63	251042	251042	31374
kroD100.tsp	0.64	251042	251042	31989
kroD100.tsp	0.64	251042	251042	34471
kroD100.tsp	0.63	251042	251042	36654
kroD100.tsp	0.63	251042	251042	31385
kroD100.tsp	0.62	251042	251042	32768
kroD100.tsp	0.64	251042	251042	32425
kroD100.tsp	0.63	251042	251042	30584
kroE100.tsp	0.62	251042	251042	34888
kroE100.tsp	0.62	251042	251042	31938
kroE100.tsp	0.64	251042	251042	31795
kroE100.tsp	0.62	251042	251042	30953
kroE100.tsp	0.62	251042	251042	32223
kroE100.tsp	0.64	251042	251042	30040
kroE100.tsp	0.64	251042	251042	29262
kroE100.tsp	0.64	251042	251042	36996
kroE100.tsp	0.63	251042	251042	34915
kroE100.tsp	0.62	251042	251042	40162
lin105.tsp	0.65	251042	251042	22215
lin105.tsp	0.65	251042	251042	25518
lin105.tsp	0.65	251042	251042	24779
lin105.tsp	0.65	251042	251042	22880
lin105.tsp	0.66	251042	251042	24334
lin105.tsp	0.65	251042	251042	21049
lin105.tsp	0.64	251042	251042	24246
lin105.tsp	0.65	251042	251042	22736
lin105.tsp	0.66	251042	251042	25910
lin105.tsp	0.65	251042	251042	21857
lin318.tsp	1.66	251042	251042	107312
lin318.tsp	1.66	251042	251042	100884
lin318.tsp	1.66	251042	251042	113757
lin318.tsp	1.65	251042	251042	112576
lin318.tsp	1.66	251042	251042	118375
lin318.tsp	1.66	251042	251042	121084
lin318.tsp	1.65	251042	251042	109481
lin318.tsp	1.65	251042	251042	107478
lin318.tsp	1.66	251042	251042	112210
lin318.tsp	1.66	251042	251042	113588
linhp318.tsp	1.66	251042	251042	111663
linhp318.tsp	1.65	251042	251042	108362
linhp318.tsp	1.66	251042	251042	115114
linhp318.tsp	1.65	251042	251042	108272
linhp318.tsp	1.66	251042	251042	103877
linhp318.tsp	1.65	251042	251042	104918
linhp318.tsp	1.66	251042	251042	115929
linhp318.tsp	1.66	251042	251042	107803
linhp318.tsp	1.66	251042	251042	106745
linhp318.tsp	1.66	251042	251042	120897
pr107.tsp	0.66	251042	251042	64813
pr107.tsp	0.66	251042	251042	99732
pr107.tsp	0.66	251042	251042	85403
pr107.tsp	0.66	251042	251042	89492
pr107.tsp	0.66	251042	251042	101346
pr107.tsp	0.66	251042	251042	76407
pr107.tsp	0.66	251042	251042	114950
pr107.tsp	0.66	251042	251042	94369
pr107.tsp	0.66	251042	251042	86937
pr107.tsp	0.66	251042	251042	98782
pr124.tsp	0.74	251042	251042	105311
pr124.tsp	0.74	251042	251042	122695
pr124.tsp	0.74	251042	251042	117630
pr124.tsp	0.74	251042	251042	121404
pr124.tsp	0.74	251042	251042	105605
pr124.tsp	0.74	251042	251042	117563
pr124.tsp	0.74	251042	251042	103812
pr124.tsp	0.74	251042	251042	108374
pr124.tsp	0.74	251042	251042	124406
pr124.tsp	0.74	251042	251042	108811
pr136.tsp	0.81	251042	251042	172065
pr136.tsp	0.81	251042	251042	178203
pr136.tsp	0.80	251042	251042	167177
pr136.tsp	0.81	251042	251042	150121
pr136.tsp	0.81	251042	251042	157487
pr136.tsp	0.80	251042	251042	165553
pr136.tsp	0.80	251042	251042	173179
pr136.tsp	0.80	251042	251042	146759
pr136.tsp	0.81	251042	251042	153629
pr136.tsp	0.81	251042	251042	178969
pr144.tsp	0.87	251042	251042	150400
pr144.tsp	0.84	251042	251042	145258
pr144.tsp	0.84	251042	251042	151542
pr144.tsp	0.84	251042	251042	126289
pr144.tsp	0.84	251042	251042	150508
pr144.tsp	0.84	251042	251042	142837
pr144.tsp	0.84	251042	251042	158596
pr144.tsp	0.84	251042	251042	147795
pr144.tsp	0.84	251042	251042	156301
pr144.tsp	0.84	251042	251042	147456
pr152.tsp	0.88	251042	251042	177554
pr152.tsp	0.88	251042	251042	201626
pr152.tsp	0.88	251042	251042	194520
pr152.tsp	0.88	251042	251042	163195
pr152.tsp	0.87	251042	251042	202465
pr152.tsp	0.88	251042	251042	169832
pr152.tsp	0.88	251042	251042	208643
pr152.tsp	0.88	251042	251042	170455
pr152.tsp	0.88	251042	251042	169483
pr152.tsp	0.89	251042	251042	145168
pr226.tsp	1.23	251042	251042	277208
pr226.tsp	1.23	251042	251042	268842
pr226.tsp	1.22	251042	251042	269809
pr226.tsp	1.22	251042	251042	240536
pr226.tsp	1.22	251042	251042	231432
pr226.tsp	1.23	251042	251042	306153
pr226.tsp	1.23	251042	251042	285794
pr226.tsp	1.24	251042	251042	295800
pr226.tsp	1.23	251042	251042	304361
pr226.tsp	1.23	251042	251042	225160
pr264.tsp	1.39	251042	251042	172252
pr264.tsp	1.39	251042	251042	166088
pr264.tsp	1.39	251042	251042	166265
pr264.tsp	1.39	251042	251042	156004
pr264.tsp	1.39	251042	251042	198924
pr264.tsp	1.39	251042	251042	164589
pr264.tsp	1.39	251042	251042	186617
pr264.tsp	1.39	251042	251042	173114
pr264.tsp	1.39	251042	251042	175792
pr264.tsp	1.40	251042	251042	163350
pr299.tsp	1.56	251042	251042	127378
pr299.tsp	1.56	251042	251042	134491
pr299.tsp	1.56	251042	251042	123882
pr299.tsp	1.56	251042	251042	124916
pr299.tsp	1.56	251042	251042	129475
pr299.tsp	1.57	251042	251042	116904
pr299.tsp	1.56	251042	251042	121714
pr299.tsp	1.56	251042	251042	133710
pr299.tsp	1.56	251042	251042	131989
pr299.tsp	1.56	251042	251042	118501
pr439.tsp	2.27	251042	251042	383461
pr439.tsp	2.27	251042	251042	353724
pr439.tsp	2.28	251042	251042	344667
pr439.tsp	2.26	251042	251042	366521
pr439.tsp	2.28	251042	251042	376797
pr439.tsp	2.27	251042	251042	380831
pr439.tsp	2.28	251042	251042	378456
pr439.tsp	2.27	251042	251042	378262
pr439.tsp	2.27	251042	251042	338152
pr439.tsp	2.27	251042	251042	357134
pr76.tsp	0.52	251042	251042	144938
pr76.tsp	0.52	251042	251042	133782
pr76.tsp	0.52	251042	251042	136994
pr76.tsp	0.52	251042	251042	138317
pr76.tsp	0.52	251042	251042	134027
pr76.tsp	0.52	251042	251042	142870
pr76.tsp	0.52	251042	251042	140321
pr76.tsp	0.52	251042	251042	156780
pr76.tsp	0.52	251042	251042	147664
pr76.tsp	0.53	251042	251042	142984
rat575.tsp	3.15	251042	251042	21543
rat575.tsp	3.15	251042	251042	20414
rat575.tsp	3.13	251042	251042	20056
rat575.tsp	3.12	251042	251042	23491
rat575.tsp	3.11	251042	251042	21156
rat575.tsp	3.15	251042	251042	20761
rat575.tsp	3.14	251042	251042	22896
rat575.tsp	3.11	251042	251042	21104
rat575.tsp	3.12	251042	251042	23062
rat575.tsp	3.13	251042	251042	22884
rat783.tsp	4.38	251042	251042	35403
rat783.tsp	4.37	251042	251042	32779
rat783.tsp	4.41	251042	251042	37478
rat783.tsp	4.35	251042	251042	35350
rat783.tsp	4.36	251042	251042	36779
rat783.tsp	4.42	251042	251042	36421
rat783.tsp	4.42	251042	251042	36198
rat783.tsp	4.34	251042	251042	38383
rat783.tsp	4.36	251042	251042	37711
rat783.tsp	4.36	251042	251042	35227
rat99.tsp	0.63	251042	251042	1676
rat99.tsp	0.64	251042	251042	1703
rat99.tsp	0.62	251042	251042	1667
rat99.tsp	0.63	251042	251042	1686
rat99.tsp	0.64	251042	251042	1602
rat99.tsp	0.63	251042	251042	1563
rat99.tsp	0.63	251042	251042	1733
rat99.tsp	0.63	251042	251042	1609
rat99.tsp	0.63	251042	251042	1625
rat99.tsp	0.64	251042	251042	1748
