a280.tsp	147.78	25105281	25105281	3732
a280.tsp	147.83	25105281	25105281	3587
a280.tsp	148.36	25105281	25105281	3507
a280.tsp	148.20	25105281	25105281	3519
a280.tsp	147.84	25105281	25105281	3483
a280.tsp	148.00	25105281	25105281	3375
a280.tsp	147.63	25105281	25105281	3306
a280.tsp	147.77	25105281	25105281	3778
a280.tsp	147.82	25105281	25105281	3406
a280.tsp	148.00	25105281	25105281	3233
berlin52.tsp	42.46	25105281	25105281	7976
berlin52.tsp	41.89	25105281	25105281	7907
berlin52.tsp	41.80	25105281	25105281	7933
berlin52.tsp	41.68	25105281	25105281	8029
berlin52.tsp	41.36	25105281	25105281	8243
berlin52.tsp	49.18	25105281	25105281	8192
berlin52.tsp	41.58	25105281	25105281	7825
berlin52.tsp	41.82	25105281	25105281	8046
berlin52.tsp	42.18	25105281	25105281	8241
berlin52.tsp	41.63	25105281	25105281	7728
bier127.tsp	77.58	25105281	25105281	128954
bier127.tsp	77.18	25105281	25105281	131215
bier127.tsp	76.46	25105281	25105281	134234
bier127.tsp	77.16	25105281	25105281	129319
bier127.tsp	76.68	25105281	25105281	130225
bier127.tsp	76.71	25105281	25105281	130185
bier127.tsp	77.18	25105281	25105281	131005
bier127.tsp	86.60	25105281	25105281	136879
bier127.tsp	76.78	25105281	25105281	129750
bier127.tsp	76.95	25105281	25105281	126727
eil101.tsp	64.18	25105281	25105281	643
eil101.tsp	64.00	25105281	25105281	661
eil101.tsp	64.14	25105281	25105281	651
eil101.tsp	64.22	25105281	25105281	667
eil101.tsp	63.62	25105281	25105281	653
eil101.tsp	64.00	25105281	25105281	663
eil101.tsp	63.96	25105281	25105281	666
eil101.tsp	64.65	25105281	25105281	657
eil101.tsp	64.69	25105281	25105281	661
eil101.tsp	64.15	25105281	25105281	660
eil51.tsp	41.73	25105281	25105281	427
eil51.tsp	42.31	25105281	25105281	428
eil51.tsp	42.03	25105281	25105281	431
eil51.tsp	41.58	25105281	25105281	450
eil51.tsp	42.06	25105281	25105281	429
eil51.tsp	41.64	25105281	25105281	443
eil51.tsp	42.11	25105281	25105281	424
eil51.tsp	41.90	25105281	25105281	430
eil51.tsp	41.79	25105281	25105281	433
eil51.tsp	42.38	25105281	25105281	438
eil76.tsp	52.68	25105281	25105281	559
eil76.tsp	52.73	25105281	25105281	558
eil76.tsp	52.83	25105281	25105281	534
eil76.tsp	52.91	25105281	25105281	557
eil76.tsp	52.98	25105281	25105281	571
eil76.tsp	52.89	25105281	25105281	564
eil76.tsp	52.72	25105281	25105281	557
eil76.tsp	52.84	25105281	25105281	549
eil76.tsp	52.87	25105281	25105281	557
eil76.tsp	52.90	25105281	25105281	567
gil262.tsp	139.06	25105281	25105281	3015
gil262.tsp	139.60	25105281	25105281	3053
gil262.tsp	139.23	25105281	25105281	2954
gil262.tsp	138.70	25105281	25105281	2929
gil262.tsp	138.80	25105281	25105281	2904
gil262.tsp	138.90	25105281	25105281	3081
gil262.tsp	139.38	25105281	25105281	3056
gil262.tsp	139.38	25105281	25105281	3000
gil262.tsp	139.26	25105281	25105281	2969
gil262.tsp	139.01	25105281	25105281	3036
kroA100.tsp	62.56	25105281	25105281	24007
kroA100.tsp	63.21	25105281	25105281	25022
kroA100.tsp	64.02	25105281	25105281	23728
kroA100.tsp	64.13	25105281	25105281	22887
kroA100.tsp	62.90	25105281	25105281	23779
kroA100.tsp	62.92	25105281	25105281	24536
kroA100.tsp	63.74	25105281	25105281	23086
kroA100.tsp	64.18	25105281	25105281	23471
kroA100.tsp	63.64	25105281	25105281	24550
kroA100.tsp	64.40	25105281	25105281	22484
kroA150.tsp	87.37	25105281	25105281	31029
kroA150.tsp	86.82	25105281	25105281	32714
kroA150.tsp	86.98	25105281	25105281	29162
kroA150.tsp	87.49	25105281	25105281	31343
kroA150.tsp	87.14	25105281	25105281	30312
kroA150.tsp	86.54	25105281	25105281	30308
kroA150.tsp	87.16	25105281	25105281	32146
kroA150.tsp	88.11	25105281	25105281	31181
kroA150.tsp	87.71	25105281	25105281	30000
kroA150.tsp	87.93	25105281	25105281	29498
kroA200.tsp	109.76	25105281	25105281	36767
kroA200.tsp	111.42	25105281	25105281	37625
kroA200.tsp	111.29	25105281	25105281	35580
kroA200.tsp	110.01	25105281	25105281	36962
kroA200.tsp	111.55	25105281	25105281	35519
kroA200.tsp	111.61	25105281	25105281	37894
kroA200.tsp	109.94	25105281	25105281	35149
kroA200.tsp	110.36	25105281	25105281	38703
kroA200.tsp	109.54	25105281	25105281	38698
kroA200.tsp	110.44	25105281	25105281	36133
kroB100.tsp	64.11	25105281	25105281	25019
kroB100.tsp	63.64	25105281	25105281	24144
kroB100.tsp	63.68	25105281	25105281	25397
kroB100.tsp	63.61	25105281	25105281	24529
kroB100.tsp	64.25	25105281	25105281	23884
kroB100.tsp	63.86	25105281	25105281	24579
kroB100.tsp	62.45	25105281	25105281	23077
kroB100.tsp	63.25	25105281	25105281	24306
kroB100.tsp	62.81	25105281	25105281	23379
kroB100.tsp	62.72	25105281	25105281	25389
kroB150.tsp	86.89	25105281	25105281	30598
kroB150.tsp	86.88	25105281	25105281	29935
kroB150.tsp	87.49	25105281	25105281	29313
kroB150.tsp	86.65	25105281	25105281	31005
kroB150.tsp	86.86	25105281	25105281	30911
kroB150.tsp	87.72	25105281	25105281	31066
kroB150.tsp	87.35	25105281	25105281	29234
kroB150.tsp	87.43	25105281	25105281	31265
kroB150.tsp	87.19	25105281	25105281	30411
kroB150.tsp	87.44	25105281	25105281	29895
kroB200.tsp	110.02	25105281	25105281	37615
kroB200.tsp	126.64	25105281	25105281	36384
kroB200.tsp	110.92	25105281	25105281	35873
kroB200.tsp	110.41	25105281	25105281	36898
kroB200.tsp	110.68	25105281	25105281	37970
kroB200.tsp	110.37	25105281	25105281	36344
kroB200.tsp	111.13	25105281	25105281	37127
kroB200.tsp	110.20	25105281	25105281	36990
kroB200.tsp	110.61	25105281	25105281	35488
kroB200.tsp	109.96	25105281	25105281	33695
kroC100.tsp	63.62	25105281	25105281	21988
kroC100.tsp	62.53	25105281	25105281	22063
kroC100.tsp	64.29	25105281	25105281	22939
kroC100.tsp	63.62	25105281	25105281	23668
kroC100.tsp	63.91	25105281	25105281	22679
kroC100.tsp	62.53	25105281	25105281	23588
kroC100.tsp	62.62	25105281	25105281	22318
kroC100.tsp	63.02	25105281	25105281	22641
kroC100.tsp	62.80	25105281	25105281	24470
kroC100.tsp	62.75	25105281	25105281	22409
kroD100.tsp	81.18	25105281	25105281	22709
kroD100.tsp	64.18	25105281	25105281	24472
kroD100.tsp	64.44	25105281	25105281	22191
kroD100.tsp	62.49	25105281	25105281	24288
kroD100.tsp	64.32	25105281	25105281	25008
kroD100.tsp	64.33	25105281	25105281	22471
kroD100.tsp	62.54	25105281	25105281	23007
kroD100.tsp	62.37	25105281	25105281	22810
kroD100.tsp	62.84	25105281	25105281	23633
kroD100.tsp	62.51	25105281	25105281	24016
kroE100.tsp	62.63	25105281	25105281	23680
kroE100.tsp	62.46	25105281	25105281	24263
kroE100.tsp	63.22	25105281	25105281	23993
kroE100.tsp	62.50	25105281	25105281	23163
kroE100.tsp	62.31	25105281	25105281	24566
kroE100.tsp	62.58	25105281	25105281	23941
kroE100.tsp	62.38	25105281	25105281	23022
kroE100.tsp	62.48	25105281	25105281	26181
kroE100.tsp	64.37	25105281	25105281	24721
kroE100.tsp	62.96	25105281	25105281	24398
lin105.tsp	64.98	25105281	25105281	16168
lin105.tsp	64.56	25105281	25105281	17449
lin105.tsp	64.66	25105281	25105281	16027
lin105.tsp	65.14	25105281	25105281	16975
lin105.tsp	65.39	25105281	25105281	16124
lin105.tsp	65.48	25105281	25105281	16194
lin105.tsp	66.54	25105281	25105281	16047
lin105.tsp	65.35	25105281	25105281	15588
lin105.tsp	65.13	25105281	25105281	17340
lin105.tsp	65.12	25105281	25105281	14748
lin318.tsp	165.61	25105281	25105281	57769
lin318.tsp	164.29	25105281	25105281	61327
lin318.tsp	164.66	25105281	25105281	61058
lin318.tsp	165.55	25105281	25105281	57779
lin318.tsp	165.22	25105281	25105281	59791
lin318.tsp	164.52	25105281	25105281	61629
lin318.tsp	164.98	25105281	25105281	60176
lin318.tsp	165.89	25105281	25105281	59461
lin318.tsp	165.84	25105281	25105281	65668
lin318.tsp	164.75	25105281	25105281	60718
linhp318.tsp	165.38	25105281	25105281	57531
linhp318.tsp	165.80	25105281	25105281	63521
linhp318.tsp	164.89	25105281	25105281	58889
linhp318.tsp	207.37	25105281	25105281	58428
linhp318.tsp	164.19	25105281	25105281	60661
linhp318.tsp	165.65	25105281	25105281	66839
linhp318.tsp	164.85	25105281	25105281	61974
linhp318.tsp	164.51	25105281	25105281	59661
linhp318.tsp	164.45	25105281	25105281	62712
linhp318.tsp	165.69	25105281	25105281	62646
pr107.tsp	66.10	25105281	25105281	47879
pr107.tsp	66.32	25105281	25105281	47031
pr107.tsp	66.08	25105281	25105281	45192
pr107.tsp	66.36	25105281	25105281	49990
pr107.tsp	66.24	25105281	25105281	49838
pr107.tsp	66.22	25105281	25105281	50064
pr107.tsp	66.32	25105281	25105281	61049
pr107.tsp	65.98	25105281	25105281	58043
pr107.tsp	65.99	25105281	25105281	61954
pr107.tsp	66.24	25105281	25105281	48716
pr124.tsp	73.70	25105281	25105281	64197
pr124.tsp	73.76	25105281	25105281	66611
pr124.tsp	73.80	25105281	25105281	66992
pr124.tsp	74.19	25105281	25105281	68159
pr124.tsp	74.20	25105281	25105281	69748
pr124.tsp	73.61	25105281	25105281	63778
pr124.tsp	73.61	25105281	25105281	67939
pr124.tsp	73.38	25105281	25105281	65480
pr124.tsp	73.60	25105281	25105281	66291
pr124.tsp	74.98	25105281	25105281	69167
pr136.tsp	81.28	25105281	25105281	112390
pr136.tsp	81.20	25105281	25105281	114347
pr136.tsp	80.92	25105281	25105281	112576
pr136.tsp	81.02	25105281	25105281	117157
pr136.tsp	81.26	25105281	25105281	103630
pr136.tsp	81.10	25105281	25105281	108393
pr136.tsp	80.92	25105281	25105281	106224
pr136.tsp	81.16	25105281	25105281	122421
pr136.tsp	81.00	25105281	25105281	112101
pr136.tsp	81.11	25105281	25105281	112262
pr144.tsp	84.64	25105281	25105281	86618
pr144.tsp	83.75	25105281	25105281	85572
pr144.tsp	84.36	25105281	25105281	81373
pr144.tsp	84.98	25105281	25105281	90156
pr144.tsp	84.36	25105281	25105281	88056
pr144.tsp	84.44	25105281	25105281	81037
pr144.tsp	84.28	25105281	25105281	81992
pr144.tsp	84.42	25105281	25105281	84404
pr144.tsp	83.50	25105281	25105281	81240
pr144.tsp	84.58	25105281	25105281	76157
pr152.tsp	88.07	25105281	25105281	90917
pr152.tsp	88.11	25105281	25105281	104368
pr152.tsp	87.76	25105281	25105281	96721
pr152.tsp	88.95	25105281	25105281	80538
pr152.tsp	87.60	25105281	25105281	93814
pr152.tsp	88.84	25105281	25105281	105906
pr152.tsp	88.50	25105281	25105281	94728
pr152.tsp	88.37	25105281	25105281	93507
pr152.tsp	88.74	25105281	25105281	109534
pr152.tsp	88.32	25105281	25105281	94151
pr226.tsp	122.23	25105281	25105281	127825
pr226.tsp	121.95	25105281	25105281	129186
pr226.tsp	122.66	25105281	25105281	112856
pr226.tsp	122.41	25105281	25105281	112057
pr226.tsp	122.40	25105281	25105281	117859
pr226.tsp	122.82	25105281	25105281	126473
pr226.tsp	122.60	25105281	25105281	126405
pr226.tsp	122.47	25105281	25105281	159253
pr226.tsp	123.22	25105281	25105281	120683
pr226.tsp	122.57	25105281	25105281	113469
pr264.tsp	138.90	25105281	25105281	94764
pr264.tsp	138.92	25105281	25105281	93587
pr264.tsp	139.00	25105281	25105281	97156
pr264.tsp	138.76	25105281	25105281	71305
pr264.tsp	138.67	25105281	25105281	71729
pr264.tsp	139.00	25105281	25105281	71095
pr264.tsp	142.56	25105281	25105281	81587
pr264.tsp	138.86	25105281	25105281	80667
pr264.tsp	138.78	25105281	25105281	71680
pr264.tsp	138.48	25105281	25105281	82308
pr299.tsp	155.80	25105281	25105281	65816
pr299.tsp	155.36	25105281	25105281	61528
pr299.tsp	155.39	25105281	25105281	68327
pr299.tsp	155.85	25105281	25105281	65425
pr299.tsp	155.81	25105281	25105281	69370
pr299.tsp	155.82	25105281	25105281	69172
pr299.tsp	155.95	25105281	25105281	64284
pr299.tsp	155.80	25105281	25105281	68118
pr299.tsp	155.89	25105281	25105281	68005
pr299.tsp	155.99	25105281	25105281	63750
pr439.tsp	226.62	25105281	25105281	183963
pr439.tsp	226.84	25105281	25105281	165409
pr439.tsp	228.73	25105281	25105281	190434
pr439.tsp	226.96	25105281	25105281	175883
pr439.tsp	226.22	25105281	25105281	165844
pr439.tsp	226.41	25105281	25105281	170646
pr439.tsp	226.97	25105281	25105281	181643
pr439.tsp	227.56	25105281	25105281	176663
pr439.tsp	287.98	25105281	25105281	175732
pr439.tsp	226.74	25105281	25105281	177644
pr76.tsp	52.22	25105281	25105281	117899
pr76.tsp	52.10	25105281	25105281	120079
pr76.tsp	51.68	25105281	25105281	110909
pr76.tsp	51.81	25105281	25105281	110935
pr76.tsp	52.60	25105281	25105281	119272
pr76.tsp	51.52	25105281	25105281	114966
pr76.tsp	52.04	25105281	25105281	120782
pr76.tsp	51.77	25105281	25105281	117917
pr76.tsp	51.76	25105281	25105281	113561
pr76.tsp	51.64	25105281	25105281	116665
rat575.tsp	312.67	25105281	25105281	10580
rat575.tsp	313.27	25105281	25105281	10418
rat575.tsp	313.67	25105281	25105281	9899
rat575.tsp	313.78	25105281	25105281	10714
rat575.tsp	314.06	25105281	25105281	9719
rat575.tsp	312.87	25105281	25105281	10224
rat575.tsp	313.19	25105281	25105281	9815
rat575.tsp	314.27	25105281	25105281	9494
rat575.tsp	312.67	25105281	25105281	10136
rat575.tsp	314.27	25105281	25105281	10021
rat783.tsp	436.18	25105281	25105281	14439
rat783.tsp	436.91	25105281	25105281	15873
rat783.tsp	438.60	25105281	25105281	16679
rat783.tsp	438.24	25105281	25105281	15297
rat783.tsp	436.94	25105281	25105281	15368
rat783.tsp	437.75	25105281	25105281	16688
rat783.tsp	434.44	25105281	25105281	14828
rat783.tsp	441.37	25105281	25105281	16426
rat783.tsp	435.84	25105281	25105281	15346
rat783.tsp	442.11	25105281	25105281	15355
rat99.tsp	63.26	25105281	25105281	1332
rat99.tsp	63.64	25105281	25105281	1267
rat99.tsp	63.96	25105281	25105281	1370
rat99.tsp	63.07	25105281	25105281	1337
rat99.tsp	63.33	25105281	25105281	1357
rat99.tsp	63.48	25105281	25105281	1251
rat99.tsp	63.48	25105281	25105281	1344
rat99.tsp	62.86	25105281	25105281	1322
rat99.tsp	63.68	25105281	25105281	1329
rat99.tsp	63.54	25105281	25105281	1302
