a280.tsp	7.43	1255254	1255254	5050
a280.tsp	7.41	1255254	1255254	4884
a280.tsp	7.38	1255254	1255254	4694
a280.tsp	7.45	1255254	1255254	4721
a280.tsp	7.40	1255254	1255254	4384
a280.tsp	7.40	1255254	1255254	4966
a280.tsp	7.42	1255254	1255254	4966
a280.tsp	7.46	1255254	1255254	5182
a280.tsp	7.38	1255254	1255254	4808
a280.tsp	7.39	1255254	1255254	5075
berlin52.tsp	2.06	1255254	1255254	8198
berlin52.tsp	2.09	1255254	1255254	8072
berlin52.tsp	2.06	1255254	1255254	8414
berlin52.tsp	2.06	1255254	1255254	8196
berlin52.tsp	2.08	1255254	1255254	8057
berlin52.tsp	2.06	1255254	1255254	8377
berlin52.tsp	2.08	1255254	1255254	8085
berlin52.tsp	2.12	1255254	1255254	8616
berlin52.tsp	2.05	1255254	1255254	8195
berlin52.tsp	2.06	1255254	1255254	8397
bier127.tsp	3.87	1255254	1255254	135951
bier127.tsp	3.81	1255254	1255254	150234
bier127.tsp	3.88	1255254	1255254	144000
bier127.tsp	3.85	1255254	1255254	155034
bier127.tsp	3.83	1255254	1255254	148611
bier127.tsp	3.84	1255254	1255254	150014
bier127.tsp	3.84	1255254	1255254	150365
bier127.tsp	3.81	1255254	1255254	150688
bier127.tsp	3.82	1255254	1255254	152410
bier127.tsp	3.84	1255254	1255254	149059
eil101.tsp	3.23	1255254	1255254	732
eil101.tsp	3.20	1255254	1255254	721
eil101.tsp	3.21	1255254	1255254	723
eil101.tsp	3.21	1255254	1255254	677
eil101.tsp	3.19	1255254	1255254	738
eil101.tsp	3.23	1255254	1255254	735
eil101.tsp	3.44	1255254	1255254	704
eil101.tsp	3.21	1255254	1255254	719
eil101.tsp	3.20	1255254	1255254	714
eil101.tsp	3.20	1255254	1255254	713
eil51.tsp	2.09	1255254	1255254	460
eil51.tsp	2.08	1255254	1255254	442
eil51.tsp	2.04	1255254	1255254	455
eil51.tsp	2.10	1255254	1255254	459
eil51.tsp	2.08	1255254	1255254	468
eil51.tsp	2.06	1255254	1255254	444
eil51.tsp	2.06	1255254	1255254	463
eil51.tsp	2.10	1255254	1255254	456
eil51.tsp	2.08	1255254	1255254	445
eil51.tsp	2.10	1255254	1255254	460
eil76.tsp	2.65	1255254	1255254	608
eil76.tsp	2.64	1255254	1255254	580
eil76.tsp	2.64	1255254	1255254	622
eil76.tsp	2.65	1255254	1255254	599
eil76.tsp	2.64	1255254	1255254	576
eil76.tsp	2.64	1255254	1255254	556
eil76.tsp	2.64	1255254	1255254	600
eil76.tsp	2.65	1255254	1255254	598
eil76.tsp	2.63	1255254	1255254	599
eil76.tsp	2.65	1255254	1255254	559
gil262.tsp	6.93	1255254	1255254	3933
gil262.tsp	6.96	1255254	1255254	4231
gil262.tsp	7.68	1255254	1255254	3784
gil262.tsp	6.94	1255254	1255254	4460
gil262.tsp	6.98	1255254	1255254	4149
gil262.tsp	6.95	1255254	1255254	4501
gil262.tsp	6.96	1255254	1255254	4130
gil262.tsp	6.95	1255254	1255254	4180
gil262.tsp	6.95	1255254	1255254	4206
gil262.tsp	6.95	1255254	1255254	4229
kroA100.tsp	3.22	1255254	1255254	27374
kroA100.tsp	3.22	1255254	1255254	25845
kroA100.tsp	3.19	1255254	1255254	28062
kroA100.tsp	3.22	1255254	1255254	28157
kroA100.tsp	3.15	1255254	1255254	27014
kroA100.tsp	3.12	1255254	1255254	25731
kroA100.tsp	3.21	1255254	1255254	26395
kroA100.tsp	3.12	1255254	1255254	27846
kroA100.tsp	3.16	1255254	1255254	30085
kroA100.tsp	3.13	1255254	1255254	27181
kroA150.tsp	4.37	1255254	1255254	40138
kroA150.tsp	4.40	1255254	1255254	38783
kroA150.tsp	4.39	1255254	1255254	43827
kroA150.tsp	4.38	1255254	1255254	39879
kroA150.tsp	4.38	1255254	1255254	37989
kroA150.tsp	4.38	1255254	1255254	40321
kroA150.tsp	4.38	1255254	1255254	40643
kroA150.tsp	4.36	1255254	1255254	41094
kroA150.tsp	4.39	1255254	1255254	43216
kroA150.tsp	4.34	1255254	1255254	37422
kroA200.tsp	5.52	1255254	1255254	48132
kroA200.tsp	5.54	1255254	1255254	49498
kroA200.tsp	5.62	1255254	1255254	51878
kroA200.tsp	5.49	1255254	1255254	44797
kroA200.tsp	5.57	1255254	1255254	48536
kroA200.tsp	5.53	1255254	1255254	47190
kroA200.tsp	5.53	1255254	1255254	53306
kroA200.tsp	5.54	1255254	1255254	49794
kroA200.tsp	5.54	1255254	1255254	49434
kroA200.tsp	5.47	1255254	1255254	46307
kroB100.tsp	3.16	1255254	1255254	28203
kroB100.tsp	3.15	1255254	1255254	30252
kroB100.tsp	3.19	1255254	1255254	28615
kroB100.tsp	3.18	1255254	1255254	32786
kroB100.tsp	3.14	1255254	1255254	28387
kroB100.tsp	3.23	1255254	1255254	30339
kroB100.tsp	3.14	1255254	1255254	27826
kroB100.tsp	3.15	1255254	1255254	28075
kroB100.tsp	3.14	1255254	1255254	24687
kroB100.tsp	3.20	1255254	1255254	28903
kroB150.tsp	4.36	1255254	1255254	40201
kroB150.tsp	4.39	1255254	1255254	40287
kroB150.tsp	4.37	1255254	1255254	38704
kroB150.tsp	4.32	1255254	1255254	38710
kroB150.tsp	4.40	1255254	1255254	37017
kroB150.tsp	4.34	1255254	1255254	38548
kroB150.tsp	4.34	1255254	1255254	44981
kroB150.tsp	4.38	1255254	1255254	37442
kroB150.tsp	4.33	1255254	1255254	38932
kroB150.tsp	4.38	1255254	1255254	42745
kroB200.tsp	6.16	1255254	1255254	48012
kroB200.tsp	5.55	1255254	1255254	44697
kroB200.tsp	5.50	1255254	1255254	50218
kroB200.tsp	5.52	1255254	1255254	43357
kroB200.tsp	5.55	1255254	1255254	46457
kroB200.tsp	5.54	1255254	1255254	48176
kroB200.tsp	5.50	1255254	1255254	48765
kroB200.tsp	5.55	1255254	1255254	49884
kroB200.tsp	5.54	1255254	1255254	51134
kroB200.tsp	5.50	1255254	1255254	46215
kroC100.tsp	3.20	1255254	1255254	28204
kroC100.tsp	3.13	1255254	1255254	28320
kroC100.tsp	3.56	1255254	1255254	27430
kroC100.tsp	3.19	1255254	1255254	28515
kroC100.tsp	3.12	1255254	1255254	26307
kroC100.tsp	3.18	1255254	1255254	27785
kroC100.tsp	3.21	1255254	1255254	26844
kroC100.tsp	3.19	1255254	1255254	25349
kroC100.tsp	3.12	1255254	1255254	30038
kroC100.tsp	3.20	1255254	1255254	27442
kroD100.tsp	3.14	1255254	1255254	30572
kroD100.tsp	3.14	1255254	1255254	27556
kroD100.tsp	3.13	1255254	1255254	28159
kroD100.tsp	3.13	1255254	1255254	25941
kroD100.tsp	3.20	1255254	1255254	30026
kroD100.tsp	3.12	1255254	1255254	25841
kroD100.tsp	3.13	1255254	1255254	27682
kroD100.tsp	3.15	1255254	1255254	29247
kroD100.tsp	3.12	1255254	1255254	29514
kroD100.tsp	3.19	1255254	1255254	26966
kroE100.tsp	3.14	1255254	1255254	27724
kroE100.tsp	3.14	1255254	1255254	30531
kroE100.tsp	3.11	1255254	1255254	32224
kroE100.tsp	3.21	1255254	1255254	25519
kroE100.tsp	3.12	1255254	1255254	29726
kroE100.tsp	3.15	1255254	1255254	31121
kroE100.tsp	3.21	1255254	1255254	29533
kroE100.tsp	3.20	1255254	1255254	29077
kroE100.tsp	3.21	1255254	1255254	27499
kroE100.tsp	3.20	1255254	1255254	28629
lin105.tsp	3.25	1255254	1255254	19932
lin105.tsp	3.24	1255254	1255254	20619
lin105.tsp	3.27	1255254	1255254	19887
lin105.tsp	4.21	1255254	1255254	19252
lin105.tsp	3.28	1255254	1255254	19908
lin105.tsp	3.26	1255254	1255254	18484
lin105.tsp	3.24	1255254	1255254	19747
lin105.tsp	3.24	1255254	1255254	19081
lin105.tsp	3.28	1255254	1255254	18090
lin105.tsp	3.23	1255254	1255254	17881
lin318.tsp	8.26	1255254	1255254	90414
lin318.tsp	8.27	1255254	1255254	87384
lin318.tsp	8.29	1255254	1255254	87789
lin318.tsp	8.27	1255254	1255254	100209
lin318.tsp	8.25	1255254	1255254	90490
lin318.tsp	8.26	1255254	1255254	94390
lin318.tsp	8.23	1255254	1255254	89056
lin318.tsp	8.28	1255254	1255254	86582
lin318.tsp	8.25	1255254	1255254	86198
lin318.tsp	8.25	1255254	1255254	81637
linhp318.tsp	8.26	1255254	1255254	89937
linhp318.tsp	8.26	1255254	1255254	88761
linhp318.tsp	8.26	1255254	1255254	94621
linhp318.tsp	8.24	1255254	1255254	95347
linhp318.tsp	8.29	1255254	1255254	79665
linhp318.tsp	8.25	1255254	1255254	88828
linhp318.tsp	8.25	1255254	1255254	86617
linhp318.tsp	8.28	1255254	1255254	85714
linhp318.tsp	8.27	1255254	1255254	93352
linhp318.tsp	8.26	1255254	1255254	86460
pr107.tsp	3.32	1255254	1255254	53749
pr107.tsp	3.31	1255254	1255254	51972
pr107.tsp	3.30	1255254	1255254	80127
pr107.tsp	3.29	1255254	1255254	67893
pr107.tsp	3.31	1255254	1255254	67628
pr107.tsp	3.30	1255254	1255254	84321
pr107.tsp	3.32	1255254	1255254	73888
pr107.tsp	3.31	1255254	1255254	65378
pr107.tsp	3.30	1255254	1255254	81313
pr107.tsp	3.31	1255254	1255254	87348
pr124.tsp	3.71	1255254	1255254	105843
pr124.tsp	3.70	1255254	1255254	104716
pr124.tsp	3.68	1255254	1255254	100230
pr124.tsp	3.72	1255254	1255254	85548
pr124.tsp	3.67	1255254	1255254	103741
pr124.tsp	3.69	1255254	1255254	99610
pr124.tsp	3.71	1255254	1255254	92486
pr124.tsp	3.71	1255254	1255254	99779
pr124.tsp	3.68	1255254	1255254	96782
pr124.tsp	3.72	1255254	1255254	93973
pr136.tsp	4.06	1255254	1255254	137760
pr136.tsp	4.04	1255254	1255254	138175
pr136.tsp	4.06	1255254	1255254	131941
pr136.tsp	4.01	1255254	1255254	145371
pr136.tsp	4.04	1255254	1255254	144058
pr136.tsp	4.03	1255254	1255254	135012
pr136.tsp	4.05	1255254	1255254	142869
pr136.tsp	4.01	1255254	1255254	143390
pr136.tsp	4.04	1255254	1255254	145241
pr136.tsp	4.04	1255254	1255254	135583
pr144.tsp	4.23	1255254	1255254	122797
pr144.tsp	4.34	1255254	1255254	115874
pr144.tsp	4.22	1255254	1255254	104632
pr144.tsp	4.22	1255254	1255254	110158
pr144.tsp	4.26	1255254	1255254	129303
pr144.tsp	4.18	1255254	1255254	98314
pr144.tsp	4.22	1255254	1255254	104331
pr144.tsp	4.21	1255254	1255254	113782
pr144.tsp	4.22	1255254	1255254	117457
pr144.tsp	4.19	1255254	1255254	130181
pr152.tsp	4.41	1255254	1255254	134463
pr152.tsp	4.42	1255254	1255254	129634
pr152.tsp	4.37	1255254	1255254	143610
pr152.tsp	4.42	1255254	1255254	156724
pr152.tsp	4.40	1255254	1255254	136922
pr152.tsp	4.42	1255254	1255254	160929
pr152.tsp	4.38	1255254	1255254	151307
pr152.tsp	4.40	1255254	1255254	141137
pr152.tsp	4.42	1255254	1255254	169835
pr152.tsp	4.38	1255254	1255254	146276
pr226.tsp	6.15	1255254	1255254	205652
pr226.tsp	6.16	1255254	1255254	213622
pr226.tsp	6.14	1255254	1255254	218714
pr226.tsp	6.17	1255254	1255254	191991
pr226.tsp	6.11	1255254	1255254	225029
pr226.tsp	6.16	1255254	1255254	210324
pr226.tsp	6.12	1255254	1255254	192957
pr226.tsp	6.14	1255254	1255254	220227
pr226.tsp	7.82	1255254	1255254	219604
pr226.tsp	6.13	1255254	1255254	227775
pr264.tsp	6.95	1255254	1255254	130506
pr264.tsp	6.95	1255254	1255254	147193
pr264.tsp	6.92	1255254	1255254	128047
pr264.tsp	6.95	1255254	1255254	144655
pr264.tsp	6.95	1255254	1255254	124421
pr264.tsp	6.95	1255254	1255254	125881
pr264.tsp	6.95	1255254	1255254	152765
pr264.tsp	6.93	1255254	1255254	119190
pr264.tsp	6.94	1255254	1255254	121640
pr264.tsp	6.92	1255254	1255254	125395
pr299.tsp	7.80	1255254	1255254	106888
pr299.tsp	7.79	1255254	1255254	96431
pr299.tsp	7.80	1255254	1255254	94013
pr299.tsp	7.78	1255254	1255254	96306
pr299.tsp	7.80	1255254	1255254	100238
pr299.tsp	7.85	1255254	1255254	103206
pr299.tsp	7.82	1255254	1255254	104741
pr299.tsp	10.00	1255254	1255254	96914
pr299.tsp	7.80	1255254	1255254	105146
pr299.tsp	7.81	1255254	1255254	106876
pr439.tsp	11.31	1255254	1255254	274606
pr439.tsp	11.39	1255254	1255254	284300
pr439.tsp	11.34	1255254	1255254	271365
pr439.tsp	11.34	1255254	1255254	282501
pr439.tsp	11.38	1255254	1255254	266161
pr439.tsp	11.31	1255254	1255254	290540
pr439.tsp	11.34	1255254	1255254	263973
pr439.tsp	11.29	1255254	1255254	261324
pr439.tsp	11.29	1255254	1255254	274337
pr439.tsp	11.34	1255254	1255254	262141
pr76.tsp	2.62	1255254	1255254	136414
pr76.tsp	2.64	1255254	1255254	126136
pr76.tsp	2.59	1255254	1255254	130755
pr76.tsp	2.65	1255254	1255254	133668
pr76.tsp	2.62	1255254	1255254	128461
pr76.tsp	2.64	1255254	1255254	134200
pr76.tsp	2.64	1255254	1255254	128492
pr76.tsp	2.63	1255254	1255254	130993
pr76.tsp	2.59	1255254	1255254	127631
pr76.tsp	3.36	1255254	1255254	128251
rat575.tsp	15.60	1255254	1255254	14813
rat575.tsp	15.63	1255254	1255254	16130
rat575.tsp	15.73	1255254	1255254	15188
rat575.tsp	15.62	1255254	1255254	16283
rat575.tsp	15.72	1255254	1255254	14792
rat575.tsp	15.64	1255254	1255254	15050
rat575.tsp	15.71	1255254	1255254	16863
rat575.tsp	15.62	1255254	1255254	15019
rat575.tsp	15.67	1255254	1255254	16343
rat575.tsp	15.59	1255254	1255254	14667
rat783.tsp	21.94	1255254	1255254	26060
rat783.tsp	28.53	1255254	1255254	27669
rat783.tsp	21.82	1255254	1255254	25153
rat783.tsp	21.81	1255254	1255254	24524
rat783.tsp	21.84	1255254	1255254	24227
rat783.tsp	21.81	1255254	1255254	26111
rat783.tsp	21.77	1255254	1255254	25962
rat783.tsp	21.76	1255254	1255254	26916
rat783.tsp	21.81	1255254	1255254	25634
rat783.tsp	22.06	1255254	1255254	24008
rat99.tsp	3.16	1255254	1255254	1525
rat99.tsp	3.18	1255254	1255254	1490
rat99.tsp	3.18	1255254	1255254	1653
rat99.tsp	3.15	1255254	1255254	1537
rat99.tsp	3.17	1255254	1255254	1430
rat99.tsp	3.16	1255254	1255254	1393
rat99.tsp	3.16	1255254	1255254	1464
rat99.tsp	3.16	1255254	1255254	1465
rat99.tsp	3.16	1255254	1255254	1459
rat99.tsp	3.18	1255254	1255254	1475
