a280.tsp	1.65	278937	278937	5999
a280.tsp	1.64	278937	278937	6582
a280.tsp	1.65	278937	278937	5981
a280.tsp	1.65	278937	278937	6242
a280.tsp	1.65	278937	278937	6935
a280.tsp	1.65	278937	278937	5575
a280.tsp	1.64	278937	278937	5949
a280.tsp	1.65	278937	278937	5198
a280.tsp	1.66	278937	278937	5938
a280.tsp	1.65	278937	278937	6516
berlin52.tsp	0.46	278937	278937	8543
berlin52.tsp	0.46	278937	278937	8137
berlin52.tsp	0.46	278937	278937	9276
berlin52.tsp	0.46	278937	278937	8947
berlin52.tsp	0.45	278937	278937	9141
berlin52.tsp	0.46	278937	278937	9152
berlin52.tsp	0.46	278937	278937	8369
berlin52.tsp	0.46	278937	278937	8267
berlin52.tsp	0.46	278937	278937	8828
berlin52.tsp	0.46	278937	278937	8489
bier127.tsp	0.85	278937	278937	171926
bier127.tsp	0.86	278937	278937	162469
bier127.tsp	0.84	278937	278937	163348
bier127.tsp	0.85	278937	278937	171184
bier127.tsp	0.85	278937	278937	159735
bier127.tsp	0.85	278937	278937	162985
bier127.tsp	0.85	278937	278937	158502
bier127.tsp	0.85	278937	278937	175981
bier127.tsp	0.85	278937	278937	166077
bier127.tsp	0.86	278937	278937	155648
eil101.tsp	0.71	278937	278937	864
eil101.tsp	0.71	278937	278937	755
eil101.tsp	0.72	278937	278937	778
eil101.tsp	0.72	278937	278937	762
eil101.tsp	0.72	278937	278937	856
eil101.tsp	0.71	278937	278937	814
eil101.tsp	0.72	278937	278937	811
eil101.tsp	0.71	278937	278937	822
eil101.tsp	0.80	278937	278937	842
eil101.tsp	0.72	278937	278937	806
eil51.tsp	0.46	278937	278937	465
eil51.tsp	0.47	278937	278937	460
eil51.tsp	0.46	278937	278937	450
eil51.tsp	0.46	278937	278937	448
eil51.tsp	0.46	278937	278937	483
eil51.tsp	0.46	278937	278937	484
eil51.tsp	0.48	278937	278937	459
eil51.tsp	0.47	278937	278937	464
eil51.tsp	0.46	278937	278937	480
eil51.tsp	0.45	278937	278937	472
eil76.tsp	0.58	278937	278937	639
eil76.tsp	0.58	278937	278937	620
eil76.tsp	0.58	278937	278937	646
eil76.tsp	0.59	278937	278937	616
eil76.tsp	0.58	278937	278937	668
eil76.tsp	0.58	278937	278937	622
eil76.tsp	0.58	278937	278937	683
eil76.tsp	0.58	278937	278937	649
eil76.tsp	0.58	278937	278937	625
eil76.tsp	0.58	278937	278937	658
gil262.tsp	1.54	278937	278937	4991
gil262.tsp	1.54	278937	278937	4512
gil262.tsp	1.55	278937	278937	5208
gil262.tsp	1.55	278937	278937	4878
gil262.tsp	1.55	278937	278937	4519
gil262.tsp	1.54	278937	278937	4977
gil262.tsp	1.55	278937	278937	4927
gil262.tsp	1.54	278937	278937	4833
gil262.tsp	1.54	278937	278937	5621
gil262.tsp	1.54	278937	278937	5038
kroA100.tsp	0.71	278937	278937	31936
kroA100.tsp	0.71	278937	278937	35489
kroA100.tsp	0.70	278937	278937	31264
kroA100.tsp	0.71	278937	278937	38055
kroA100.tsp	0.70	278937	278937	34904
kroA100.tsp	0.70	278937	278937	31825
kroA100.tsp	0.69	278937	278937	35625
kroA100.tsp	0.69	278937	278937	31404
kroA100.tsp	0.71	278937	278937	37107
kroA100.tsp	0.70	278937	278937	31667
kroA150.tsp	0.97	278937	278937	41189
kroA150.tsp	0.97	278937	278937	40081
kroA150.tsp	0.97	278937	278937	49176
kroA150.tsp	0.96	278937	278937	40616
kroA150.tsp	0.96	278937	278937	49541
kroA150.tsp	0.96	278937	278937	45651
kroA150.tsp	0.96	278937	278937	44314
kroA150.tsp	0.96	278937	278937	52473
kroA150.tsp	1.15	278937	278937	46816
kroA150.tsp	0.96	278937	278937	47253
kroA200.tsp	1.23	278937	278937	59160
kroA200.tsp	1.23	278937	278937	60427
kroA200.tsp	1.23	278937	278937	57679
kroA200.tsp	1.22	278937	278937	61906
kroA200.tsp	1.23	278937	278937	61050
kroA200.tsp	1.23	278937	278937	54638
kroA200.tsp	1.23	278937	278937	55527
kroA200.tsp	1.23	278937	278937	57014
kroA200.tsp	1.22	278937	278937	58501
kroA200.tsp	1.23	278937	278937	58676
kroB100.tsp	0.71	278937	278937	36770
kroB100.tsp	0.70	278937	278937	33235
kroB100.tsp	0.71	278937	278937	32170
kroB100.tsp	0.71	278937	278937	33148
kroB100.tsp	0.70	278937	278937	30951
kroB100.tsp	0.71	278937	278937	28865
kroB100.tsp	0.70	278937	278937	32831
kroB100.tsp	0.70	278937	278937	33060
kroB100.tsp	0.71	278937	278937	33590
kroB100.tsp	0.70	278937	278937	34854
kroB150.tsp	0.97	278937	278937	45224
kroB150.tsp	0.96	278937	278937	43876
kroB150.tsp	0.97	278937	278937	39659
kroB150.tsp	0.97	278937	278937	47737
kroB150.tsp	0.96	278937	278937	45584
kroB150.tsp	0.96	278937	278937	48726
kroB150.tsp	0.96	278937	278937	46976
kroB150.tsp	0.97	278937	278937	47440
kroB150.tsp	0.97	278937	278937	45883
kroB150.tsp	0.97	278937	278937	45701
kroB200.tsp	1.22	278937	278937	60315
kroB200.tsp	1.22	278937	278937	58862
kroB200.tsp	1.23	278937	278937	60523
kroB200.tsp	1.22	278937	278937	55083
kroB200.tsp	1.22	278937	278937	54703
kroB200.tsp	1.23	278937	278937	56359
kroB200.tsp	1.23	278937	278937	56353
kroB200.tsp	1.22	278937	278937	60197
kroB200.tsp	1.23	278937	278937	64100
kroB200.tsp	1.23	278937	278937	63298
kroC100.tsp	0.70	278937	278937	33497
kroC100.tsp	0.70	278937	278937	37010
kroC100.tsp	0.70	278937	278937	33738
kroC100.tsp	0.71	278937	278937	33806
kroC100.tsp	0.72	278937	278937	31701
kroC100.tsp	0.71	278937	278937	35652
kroC100.tsp	0.71	278937	278937	31811
kroC100.tsp	0.71	278937	278937	32722
kroC100.tsp	0.84	278937	278937	32529
kroC100.tsp	0.71	278937	278937	30455
kroD100.tsp	0.70	278937	278937	33003
kroD100.tsp	0.69	278937	278937	31846
kroD100.tsp	0.72	278937	278937	32959
kroD100.tsp	0.70	278937	278937	33280
kroD100.tsp	0.71	278937	278937	29255
kroD100.tsp	0.70	278937	278937	32631
kroD100.tsp	0.71	278937	278937	29401
kroD100.tsp	0.71	278937	278937	29780
kroD100.tsp	0.71	278937	278937	33660
kroD100.tsp	0.71	278937	278937	31351
kroE100.tsp	0.71	278937	278937	35227
kroE100.tsp	0.70	278937	278937	35023
kroE100.tsp	0.69	278937	278937	30584
kroE100.tsp	0.70	278937	278937	32953
kroE100.tsp	0.70	278937	278937	35636
kroE100.tsp	0.70	278937	278937	33847
kroE100.tsp	0.69	278937	278937	32778
kroE100.tsp	0.71	278937	278937	29202
kroE100.tsp	0.71	278937	278937	29837
kroE100.tsp	0.72	278937	278937	31372
lin105.tsp	0.72	278937	278937	24107
lin105.tsp	0.73	278937	278937	23241
lin105.tsp	0.73	278937	278937	22408
lin105.tsp	0.73	278937	278937	23485
lin105.tsp	0.72	278937	278937	24000
lin105.tsp	0.73	278937	278937	22811
lin105.tsp	0.72	278937	278937	22117
lin105.tsp	0.73	278937	278937	23785
lin105.tsp	0.72	278937	278937	25638
lin105.tsp	0.72	278937	278937	20067
lin318.tsp	1.84	278937	278937	107947
lin318.tsp	1.84	278937	278937	110539
lin318.tsp	1.84	278937	278937	104342
lin318.tsp	1.83	278937	278937	101570
lin318.tsp	1.84	278937	278937	115184
lin318.tsp	1.84	278937	278937	111565
lin318.tsp	1.83	278937	278937	102155
lin318.tsp	1.84	278937	278937	109498
lin318.tsp	1.84	278937	278937	106565
lin318.tsp	1.84	278937	278937	104738
linhp318.tsp	1.84	278937	278937	109172
linhp318.tsp	1.84	278937	278937	115020
linhp318.tsp	1.84	278937	278937	113451
linhp318.tsp	1.84	278937	278937	106980
linhp318.tsp	1.84	278937	278937	110735
linhp318.tsp	1.84	278937	278937	99395
linhp318.tsp	1.84	278937	278937	111705
linhp318.tsp	1.84	278937	278937	113442
linhp318.tsp	1.84	278937	278937	112803
linhp318.tsp	1.84	278937	278937	110286
pr107.tsp	0.74	278937	278937	105192
pr107.tsp	0.74	278937	278937	76159
pr107.tsp	0.74	278937	278937	86921
pr107.tsp	0.73	278937	278937	83415
pr107.tsp	0.74	278937	278937	100178
pr107.tsp	0.74	278937	278937	97642
pr107.tsp	0.73	278937	278937	84312
pr107.tsp	0.73	278937	278937	83276
pr107.tsp	0.74	278937	278937	99077
pr107.tsp	0.91	278937	278937	89337
pr124.tsp	0.82	278937	278937	106960
pr124.tsp	0.82	278937	278937	127702
pr124.tsp	0.81	278937	278937	123073
pr124.tsp	0.82	278937	278937	122680
pr124.tsp	0.82	278937	278937	109493
pr124.tsp	0.82	278937	278937	100395
pr124.tsp	0.82	278937	278937	104637
pr124.tsp	0.82	278937	278937	120920
pr124.tsp	0.82	278937	278937	105639
pr124.tsp	0.82	278937	278937	129782
pr136.tsp	0.90	278937	278937	170742
pr136.tsp	0.90	278937	278937	152200
pr136.tsp	0.90	278937	278937	155382
pr136.tsp	0.89	278937	278937	154328
pr136.tsp	0.90	278937	278937	160272
pr136.tsp	0.90	278937	278937	161045
pr136.tsp	0.90	278937	278937	145300
pr136.tsp	0.89	278937	278937	157237
pr136.tsp	0.90	278937	278937	176624
pr136.tsp	0.90	278937	278937	159892
pr144.tsp	0.94	278937	278937	119739
pr144.tsp	0.93	278937	278937	143686
pr144.tsp	0.93	278937	278937	127920
pr144.tsp	0.94	278937	278937	154605
pr144.tsp	0.94	278937	278937	155138
pr144.tsp	0.94	278937	278937	137486
pr144.tsp	0.93	278937	278937	141276
pr144.tsp	0.94	278937	278937	165200
pr144.tsp	0.94	278937	278937	139731
pr144.tsp	0.94	278937	278937	140189
pr152.tsp	0.98	278937	278937	193770
pr152.tsp	0.98	278937	278937	201809
pr152.tsp	0.98	278937	278937	199541
pr152.tsp	0.98	278937	278937	204232
pr152.tsp	0.98	278937	278937	207142
pr152.tsp	0.99	278937	278937	192652
pr152.tsp	0.97	278937	278937	180293
pr152.tsp	0.95	278937	278937	169498
pr152.tsp	0.98	278937	278937	191086
pr152.tsp	0.97	278937	278937	155664
pr226.tsp	1.36	278937	278937	332132
pr226.tsp	1.36	278937	278937	288797
pr226.tsp	1.36	278937	278937	313471
pr226.tsp	1.36	278937	278937	275954
pr226.tsp	1.40	278937	278937	285780
pr226.tsp	1.37	278937	278937	245337
pr226.tsp	1.36	278937	278937	270349
pr226.tsp	1.38	278937	278937	272923
pr226.tsp	1.37	278937	278937	235124
pr226.tsp	1.36	278937	278937	221309
pr264.tsp	1.54	278937	278937	168188
pr264.tsp	1.54	278937	278937	176109
pr264.tsp	1.55	278937	278937	195809
pr264.tsp	1.55	278937	278937	190230
pr264.tsp	1.55	278937	278937	166791
pr264.tsp	1.55	278937	278937	150124
pr264.tsp	1.54	278937	278937	188319
pr264.tsp	1.55	278937	278937	173891
pr264.tsp	1.54	278937	278937	163414
pr264.tsp	1.54	278937	278937	209452
pr299.tsp	1.73	278937	278937	119521
pr299.tsp	1.74	278937	278937	124485
pr299.tsp	1.73	278937	278937	125565
pr299.tsp	1.74	278937	278937	119059
pr299.tsp	1.74	278937	278937	112328
pr299.tsp	1.74	278937	278937	133805
pr299.tsp	1.73	278937	278937	128670
pr299.tsp	1.74	278937	278937	119499
pr299.tsp	1.73	278937	278937	117119
pr299.tsp	1.73	278937	278937	122762
pr439.tsp	2.52	278937	278937	334769
pr439.tsp	2.51	278937	278937	343000
pr439.tsp	2.51	278937	278937	326114
pr439.tsp	2.52	278937	278937	344827
pr439.tsp	2.54	278937	278937	366825
pr439.tsp	2.52	278937	278937	374639
pr439.tsp	2.52	278937	278937	359183
pr439.tsp	2.52	278937	278937	357255
pr439.tsp	2.53	278937	278937	312183
pr439.tsp	2.52	278937	278937	370975
pr76.tsp	0.58	278937	278937	138199
pr76.tsp	0.58	278937	278937	146846
pr76.tsp	0.68	278937	278937	142174
pr76.tsp	0.57	278937	278937	133624
pr76.tsp	0.57	278937	278937	131757
pr76.tsp	0.57	278937	278937	162004
pr76.tsp	0.58	278937	278937	129851
pr76.tsp	0.60	278937	278937	139657
pr76.tsp	0.58	278937	278937	137442
pr76.tsp	0.58	278937	278937	134490
rat575.tsp	3.47	278937	278937	21677
rat575.tsp	3.47	278937	278937	20319
rat575.tsp	3.48	278937	278937	20029
rat575.tsp	3.47	278937	278937	20925
rat575.tsp	3.48	278937	278937	22633
rat575.tsp	3.47	278937	278937	22650
rat575.tsp	3.46	278937	278937	22033
rat575.tsp	3.47	278937	278937	21503
rat575.tsp	3.48	278937	278937	21758
rat575.tsp	3.47	278937	278937	21553
rat783.tsp	4.91	278937	278937	36094
rat783.tsp	4.85	278937	278937	34049
rat783.tsp	4.82	278937	278937	36982
rat783.tsp	4.83	278937	278937	34925
rat783.tsp	4.87	278937	278937	37470
rat783.tsp	4.84	278937	278937	36452
rat783.tsp	4.84	278937	278937	34520
rat783.tsp	4.85	278937	278937	37894
rat783.tsp	4.92	278937	278937	36534
rat783.tsp	4.86	278937	278937	34651
rat99.tsp	0.70	278937	278937	1661
rat99.tsp	0.70	278937	278937	1727
rat99.tsp	0.70	278937	278937	1736
rat99.tsp	0.70	278937	278937	1722
rat99.tsp	0.71	278937	278937	1698
rat99.tsp	0.70	278937	278937	1676
rat99.tsp	0.70	278937	278937	1631
rat99.tsp	0.70	278937	278937	1650
rat99.tsp	0.70	278937	278937	1894
rat99.tsp	0.70	278937	278937	1650
