a280.tsp	2.13	358636	358636	5986
a280.tsp	2.12	358636	358636	5911
a280.tsp	2.11	358636	358636	5655
a280.tsp	2.12	358636	358636	5342
a280.tsp	2.12	358636	358636	5668
a280.tsp	2.11	358636	358636	5414
a280.tsp	2.13	358636	358636	5459
a280.tsp	2.11	358636	358636	6197
a280.tsp	2.11	358636	358636	5883
a280.tsp	2.11	358636	358636	5708
berlin52.tsp	0.60	358636	358636	8452
berlin52.tsp	0.58	358636	358636	8426
berlin52.tsp	0.60	358636	358636	8086
berlin52.tsp	0.58	358636	358636	8456
berlin52.tsp	0.60	358636	358636	8538
berlin52.tsp	0.59	358636	358636	8848
berlin52.tsp	0.59	358636	358636	8840
berlin52.tsp	0.59	358636	358636	8501
berlin52.tsp	0.60	358636	358636	8517
berlin52.tsp	0.59	358636	358636	8448
bier127.tsp	1.09	358636	358636	164089
bier127.tsp	1.10	358636	358636	152527
bier127.tsp	1.09	358636	358636	161104
bier127.tsp	1.10	358636	358636	167573
bier127.tsp	1.10	358636	358636	162280
bier127.tsp	1.10	358636	358636	163727
bier127.tsp	1.09	358636	358636	174416
bier127.tsp	1.09	358636	358636	160652
bier127.tsp	1.10	358636	358636	162705
bier127.tsp	1.08	358636	358636	152151
eil101.tsp	0.91	358636	358636	793
eil101.tsp	0.92	358636	358636	749
eil101.tsp	0.92	358636	358636	771
eil101.tsp	0.91	358636	358636	775
eil101.tsp	0.92	358636	358636	797
eil101.tsp	0.91	358636	358636	762
eil101.tsp	0.92	358636	358636	842
eil101.tsp	0.91	358636	358636	783
eil101.tsp	0.91	358636	358636	801
eil101.tsp	0.92	358636	358636	779
eil51.tsp	0.60	358636	358636	483
eil51.tsp	0.60	358636	358636	478
eil51.tsp	0.58	358636	358636	462
eil51.tsp	0.60	358636	358636	448
eil51.tsp	0.59	358636	358636	507
eil51.tsp	0.59	358636	358636	495
eil51.tsp	0.58	358636	358636	486
eil51.tsp	0.59	358636	358636	492
eil51.tsp	0.58	358636	358636	456
eil51.tsp	0.59	358636	358636	506
eil76.tsp	0.75	358636	358636	646
eil76.tsp	0.75	358636	358636	618
eil76.tsp	0.76	358636	358636	614
eil76.tsp	0.75	358636	358636	649
eil76.tsp	0.75	358636	358636	619
eil76.tsp	0.75	358636	358636	618
eil76.tsp	0.75	358636	358636	622
eil76.tsp	0.75	358636	358636	616
eil76.tsp	0.75	358636	358636	670
eil76.tsp	0.75	358636	358636	603
gil262.tsp	1.98	358636	358636	4005
gil262.tsp	1.99	358636	358636	4758
gil262.tsp	2.00	358636	358636	4616
gil262.tsp	1.98	358636	358636	4700
gil262.tsp	1.99	358636	358636	4650
gil262.tsp	1.98	358636	358636	5022
gil262.tsp	1.99	358636	358636	4408
gil262.tsp	1.98	358636	358636	4480
gil262.tsp	1.98	358636	358636	4504
gil262.tsp	1.98	358636	358636	4623
kroA100.tsp	0.89	358636	358636	32486
kroA100.tsp	0.91	358636	358636	36715
kroA100.tsp	0.91	358636	358636	30441
kroA100.tsp	0.92	358636	358636	28232
kroA100.tsp	0.89	358636	358636	30155
kroA100.tsp	0.91	358636	358636	30563
kroA100.tsp	0.90	358636	358636	32958
kroA100.tsp	0.90	358636	358636	35381
kroA100.tsp	0.92	358636	358636	33487
kroA100.tsp	0.89	358636	358636	30383
kroA150.tsp	1.25	358636	358636	43608
kroA150.tsp	1.25	358636	358636	50075
kroA150.tsp	1.24	358636	358636	41565
kroA150.tsp	1.24	358636	358636	50059
kroA150.tsp	1.24	358636	358636	45313
kroA150.tsp	1.24	358636	358636	45626
kroA150.tsp	1.24	358636	358636	44625
kroA150.tsp	1.24	358636	358636	49540
kroA150.tsp	1.24	358636	358636	45017
kroA150.tsp	1.25	358636	358636	45662
kroA200.tsp	1.59	358636	358636	60045
kroA200.tsp	1.57	358636	358636	59631
kroA200.tsp	1.58	358636	358636	62850
kroA200.tsp	1.58	358636	358636	59383
kroA200.tsp	1.57	358636	358636	56440
kroA200.tsp	1.58	358636	358636	49216
kroA200.tsp	1.58	358636	358636	55603
kroA200.tsp	1.58	358636	358636	61236
kroA200.tsp	1.59	358636	358636	54944
kroA200.tsp	1.59	358636	358636	58212
kroB100.tsp	0.90	358636	358636	32672
kroB100.tsp	0.91	358636	358636	29761
kroB100.tsp	0.92	358636	358636	30675
kroB100.tsp	0.89	358636	358636	33745
kroB100.tsp	0.89	358636	358636	32489
kroB100.tsp	0.89	358636	358636	32985
kroB100.tsp	0.89	358636	358636	32308
kroB100.tsp	0.91	358636	358636	30552
kroB100.tsp	0.90	358636	358636	32700
kroB100.tsp	0.90	358636	358636	33264
kroB150.tsp	1.26	358636	358636	47795
kroB150.tsp	1.25	358636	358636	44139
kroB150.tsp	1.26	358636	358636	43422
kroB150.tsp	1.25	358636	358636	42635
kroB150.tsp	1.24	358636	358636	43468
kroB150.tsp	1.25	358636	358636	41325
kroB150.tsp	1.26	358636	358636	46009
kroB150.tsp	1.24	358636	358636	42042
kroB150.tsp	1.25	358636	358636	42394
kroB150.tsp	1.24	358636	358636	43247
kroB200.tsp	1.58	358636	358636	52203
kroB200.tsp	1.58	358636	358636	56732
kroB200.tsp	1.59	358636	358636	59458
kroB200.tsp	1.58	358636	358636	49857
kroB200.tsp	1.58	358636	358636	53294
kroB200.tsp	1.57	358636	358636	54330
kroB200.tsp	1.91	358636	358636	54185
kroB200.tsp	1.57	358636	358636	51079
kroB200.tsp	1.60	358636	358636	62962
kroB200.tsp	1.58	358636	358636	57483
kroC100.tsp	0.90	358636	358636	30997
kroC100.tsp	0.92	358636	358636	35534
kroC100.tsp	0.89	358636	358636	32316
kroC100.tsp	0.88	358636	358636	33525
kroC100.tsp	0.92	358636	358636	27864
kroC100.tsp	0.89	358636	358636	31329
kroC100.tsp	0.89	358636	358636	32284
kroC100.tsp	0.90	358636	358636	29080
kroC100.tsp	0.90	358636	358636	30540
kroC100.tsp	0.89	358636	358636	33277
kroD100.tsp	0.89	358636	358636	32883
kroD100.tsp	0.89	358636	358636	31456
kroD100.tsp	0.89	358636	358636	30066
kroD100.tsp	0.91	358636	358636	32995
kroD100.tsp	0.90	358636	358636	31490
kroD100.tsp	0.90	358636	358636	32594
kroD100.tsp	0.91	358636	358636	34238
kroD100.tsp	0.89	358636	358636	31741
kroD100.tsp	0.92	358636	358636	32449
kroD100.tsp	0.89	358636	358636	30778
kroE100.tsp	0.90	358636	358636	29611
kroE100.tsp	0.91	358636	358636	29931
kroE100.tsp	0.90	358636	358636	32897
kroE100.tsp	0.90	358636	358636	35421
kroE100.tsp	0.90	358636	358636	37292
kroE100.tsp	0.90	358636	358636	33425
kroE100.tsp	0.91	358636	358636	32790
kroE100.tsp	0.90	358636	358636	32639
kroE100.tsp	0.89	358636	358636	29792
kroE100.tsp	0.90	358636	358636	34886
lin105.tsp	0.93	358636	358636	22926
lin105.tsp	0.93	358636	358636	22191
lin105.tsp	0.94	358636	358636	24625
lin105.tsp	0.93	358636	358636	24213
lin105.tsp	0.92	358636	358636	21475
lin105.tsp	0.93	358636	358636	23555
lin105.tsp	0.94	358636	358636	23061
lin105.tsp	0.94	358636	358636	21304
lin105.tsp	0.94	358636	358636	24004
lin105.tsp	0.92	358636	358636	23094
lin318.tsp	2.36	358636	358636	108732
lin318.tsp	2.65	358636	358636	101162
lin318.tsp	2.37	358636	358636	103036
lin318.tsp	2.36	358636	358636	101963
lin318.tsp	3.08	358636	358636	106471
lin318.tsp	2.36	358636	358636	105658
lin318.tsp	2.36	358636	358636	100208
lin318.tsp	2.36	358636	358636	99994
lin318.tsp	2.43	358636	358636	101023
lin318.tsp	2.36	358636	358636	100246
linhp318.tsp	2.36	358636	358636	92823
linhp318.tsp	2.38	358636	358636	95805
linhp318.tsp	2.37	358636	358636	105041
linhp318.tsp	2.37	358636	358636	104465
linhp318.tsp	2.36	358636	358636	101576
linhp318.tsp	2.36	358636	358636	109607
linhp318.tsp	2.37	358636	358636	100358
linhp318.tsp	2.43	358636	358636	96850
linhp318.tsp	2.36	358636	358636	99715
linhp318.tsp	2.36	358636	358636	115220
pr107.tsp	0.95	358636	358636	100752
pr107.tsp	0.94	358636	358636	72932
pr107.tsp	0.95	358636	358636	87164
pr107.tsp	0.95	358636	358636	104630
pr107.tsp	0.95	358636	358636	87931
pr107.tsp	0.94	358636	358636	92683
pr107.tsp	0.94	358636	358636	61160
pr107.tsp	0.95	358636	358636	57341
pr107.tsp	0.94	358636	358636	89524
pr107.tsp	0.94	358636	358636	73782
pr124.tsp	1.06	358636	358636	101419
pr124.tsp	1.06	358636	358636	131545
pr124.tsp	1.06	358636	358636	122848
pr124.tsp	1.06	358636	358636	101296
pr124.tsp	1.05	358636	358636	108565
pr124.tsp	1.06	358636	358636	97515
pr124.tsp	1.06	358636	358636	116563
pr124.tsp	1.07	358636	358636	121385
pr124.tsp	1.23	358636	358636	106290
pr124.tsp	1.06	358636	358636	108300
pr136.tsp	1.15	358636	358636	170218
pr136.tsp	1.15	358636	358636	154474
pr136.tsp	1.16	358636	358636	156387
pr136.tsp	1.16	358636	358636	144489
pr136.tsp	1.15	358636	358636	167463
pr136.tsp	1.16	358636	358636	160310
pr136.tsp	1.16	358636	358636	160793
pr136.tsp	1.15	358636	358636	164288
pr136.tsp	1.15	358636	358636	165424
pr136.tsp	1.15	358636	358636	162901
pr144.tsp	1.20	358636	358636	146309
pr144.tsp	1.20	358636	358636	143924
pr144.tsp	1.20	358636	358636	147899
pr144.tsp	1.21	358636	358636	124661
pr144.tsp	1.22	358636	358636	162757
pr144.tsp	1.20	358636	358636	125371
pr144.tsp	1.20	358636	358636	118897
pr144.tsp	1.20	358636	358636	133539
pr144.tsp	1.21	358636	358636	123186
pr144.tsp	1.20	358636	358636	140928
pr152.tsp	1.25	358636	358636	204194
pr152.tsp	1.25	358636	358636	170019
pr152.tsp	1.26	358636	358636	196671
pr152.tsp	1.25	358636	358636	162808
pr152.tsp	1.25	358636	358636	143250
pr152.tsp	1.25	358636	358636	180920
pr152.tsp	1.25	358636	358636	178124
pr152.tsp	1.26	358636	358636	182028
pr152.tsp	1.26	358636	358636	190556
pr152.tsp	1.46	358636	358636	152701
pr226.tsp	1.75	358636	358636	275777
pr226.tsp	1.75	358636	358636	251725
pr226.tsp	1.76	358636	358636	231086
pr226.tsp	1.76	358636	358636	301938
pr226.tsp	1.76	358636	358636	250636
pr226.tsp	1.76	358636	358636	258353
pr226.tsp	1.76	358636	358636	265179
pr226.tsp	1.76	358636	358636	211292
pr226.tsp	1.75	358636	358636	244772
pr226.tsp	1.76	358636	358636	296766
pr264.tsp	1.99	358636	358636	191174
pr264.tsp	1.99	358636	358636	167754
pr264.tsp	2.04	358636	358636	186361
pr264.tsp	1.98	358636	358636	185876
pr264.tsp	1.99	358636	358636	169443
pr264.tsp	1.98	358636	358636	181158
pr264.tsp	1.98	358636	358636	171494
pr264.tsp	1.98	358636	358636	160575
pr264.tsp	1.98	358636	358636	167362
pr264.tsp	1.98	358636	358636	173415
pr299.tsp	2.23	358636	358636	130421
pr299.tsp	2.24	358636	358636	129229
pr299.tsp	2.23	358636	358636	117466
pr299.tsp	2.22	358636	358636	119442
pr299.tsp	2.22	358636	358636	122116
pr299.tsp	2.23	358636	358636	114486
pr299.tsp	2.23	358636	358636	129374
pr299.tsp	2.23	358636	358636	122152
pr299.tsp	2.23	358636	358636	112796
pr299.tsp	2.24	358636	358636	115435
pr439.tsp	3.24	358636	358636	357790
pr439.tsp	3.24	358636	358636	357629
pr439.tsp	3.23	358636	358636	351122
pr439.tsp	3.23	358636	358636	317506
pr439.tsp	3.23	358636	358636	329939
pr439.tsp	3.24	358636	358636	337244
pr439.tsp	3.24	358636	358636	313513
pr439.tsp	3.26	358636	358636	342384
pr439.tsp	3.24	358636	358636	337578
pr439.tsp	3.24	358636	358636	349629
pr76.tsp	0.73	358636	358636	140876
pr76.tsp	0.75	358636	358636	140454
pr76.tsp	0.74	358636	358636	129675
pr76.tsp	0.74	358636	358636	139239
pr76.tsp	0.75	358636	358636	156609
pr76.tsp	0.74	358636	358636	132462
pr76.tsp	0.73	358636	358636	137469
pr76.tsp	0.75	358636	358636	141606
pr76.tsp	0.74	358636	358636	137282
pr76.tsp	0.74	358636	358636	129244
rat575.tsp	4.45	358636	358636	22691
rat575.tsp	4.45	358636	358636	20613
rat575.tsp	4.46	358636	358636	20515
rat575.tsp	4.45	358636	358636	20344
rat575.tsp	4.45	358636	358636	20125
rat575.tsp	4.47	358636	358636	20446
rat575.tsp	4.46	358636	358636	19566
rat575.tsp	4.45	358636	358636	19685
rat575.tsp	4.45	358636	358636	19955
rat575.tsp	4.45	358636	358636	19542
rat783.tsp	6.27	358636	358636	34569
rat783.tsp	6.28	358636	358636	33300
rat783.tsp	6.27	358636	358636	33622
rat783.tsp	6.24	358636	358636	33729
rat783.tsp	6.25	358636	358636	32278
rat783.tsp	6.24	358636	358636	33169
rat783.tsp	6.23	358636	358636	34957
rat783.tsp	6.23	358636	358636	32977
rat783.tsp	6.22	358636	358636	30895
rat783.tsp	6.33	358636	358636	35248
rat99.tsp	0.92	358636	358636	1735
rat99.tsp	0.91	358636	358636	1552
rat99.tsp	0.90	358636	358636	1581
rat99.tsp	0.90	358636	358636	1580
rat99.tsp	0.89	358636	358636	1671
rat99.tsp	0.91	358636	358636	1974
rat99.tsp	0.90	358636	358636	1517
rat99.tsp	0.90	358636	358636	1626
rat99.tsp	0.90	358636	358636	1678
rat99.tsp	0.90	358636	358636	1538
