a280.tsp	14.86	2510518	2510518	4209
a280.tsp	14.81	2510518	2510518	4288
a280.tsp	14.86	2510518	2510518	4793
a280.tsp	14.82	2510518	2510518	4419
a280.tsp	14.80	2510518	2510518	4528
a280.tsp	14.85	2510518	2510518	4196
a280.tsp	14.83	2510518	2510518	4773
a280.tsp	14.76	2510518	2510518	4432
a280.tsp	14.81	2510518	2510518	4529
a280.tsp	14.79	2510518	2510518	4582
berlin52.tsp	4.14	2510518	2510518	8411
berlin52.tsp	4.16	2510518	2510518	8348
berlin52.tsp	4.17	2510518	2510518	7771
berlin52.tsp	4.22	2510518	2510518	8153
berlin52.tsp	4.16	2510518	2510518	8110
berlin52.tsp	4.19	2510518	2510518	8730
berlin52.tsp	4.14	2510518	2510518	8199
berlin52.tsp	4.17	2510518	2510518	8168
berlin52.tsp	4.17	2510518	2510518	8138
berlin52.tsp	4.16	2510518	2510518	8163
bier127.tsp	7.61	2510518	2510518	142910
bier127.tsp	7.68	2510518	2510518	149298
bier127.tsp	7.68	2510518	2510518	149848
bier127.tsp	7.63	2510518	2510518	146921
bier127.tsp	7.66	2510518	2510518	143526
bier127.tsp	7.71	2510518	2510518	138865
bier127.tsp	7.64	2510518	2510518	133404
bier127.tsp	7.64	2510518	2510518	145227
bier127.tsp	7.65	2510518	2510518	139581
bier127.tsp	7.67	2510518	2510518	146000
eil101.tsp	6.52	2510518	2510518	682
eil101.tsp	6.47	2510518	2510518	700
eil101.tsp	6.42	2510518	2510518	671
eil101.tsp	6.41	2510518	2510518	732
eil101.tsp	6.44	2510518	2510518	723
eil101.tsp	6.42	2510518	2510518	687
eil101.tsp	6.44	2510518	2510518	690
eil101.tsp	6.38	2510518	2510518	747
eil101.tsp	6.54	2510518	2510518	668
eil101.tsp	6.42	2510518	2510518	705
eil51.tsp	4.13	2510518	2510518	449
eil51.tsp	4.12	2510518	2510518	430
eil51.tsp	4.16	2510518	2510518	455
eil51.tsp	4.12	2510518	2510518	432
eil51.tsp	4.15	2510518	2510518	442
eil51.tsp	4.20	2510518	2510518	426
eil51.tsp	4.13	2510518	2510518	446
eil51.tsp	4.13	2510518	2510518	449
eil51.tsp	4.12	2510518	2510518	445
eil51.tsp	4.09	2510518	2510518	448
eil76.tsp	5.29	2510518	2510518	588
eil76.tsp	5.30	2510518	2510518	577
eil76.tsp	5.33	2510518	2510518	596
eil76.tsp	5.35	2510518	2510518	561
eil76.tsp	5.31	2510518	2510518	594
eil76.tsp	5.30	2510518	2510518	577
eil76.tsp	5.26	2510518	2510518	581
eil76.tsp	5.30	2510518	2510518	571
eil76.tsp	5.26	2510518	2510518	602
eil76.tsp	5.26	2510518	2510518	599
gil262.tsp	13.92	2510518	2510518	3914
gil262.tsp	13.92	2510518	2510518	3821
gil262.tsp	13.92	2510518	2510518	3520
gil262.tsp	13.92	2510518	2510518	3800
gil262.tsp	13.95	2510518	2510518	4164
gil262.tsp	13.94	2510518	2510518	3927
gil262.tsp	13.94	2510518	2510518	3859
gil262.tsp	13.88	2510518	2510518	3782
gil262.tsp	13.88	2510518	2510518	3866
gil262.tsp	13.90	2510518	2510518	4482
kroA100.tsp	6.36	2510518	2510518	27865
kroA100.tsp	6.24	2510518	2510518	26796
kroA100.tsp	6.42	2510518	2510518	26405
kroA100.tsp	6.37	2510518	2510518	24465
kroA100.tsp	6.24	2510518	2510518	26014
kroA100.tsp	6.31	2510518	2510518	27493
kroA100.tsp	6.44	2510518	2510518	24722
kroA100.tsp	6.39	2510518	2510518	26101
kroA100.tsp	6.27	2510518	2510518	25140
kroA100.tsp	6.42	2510518	2510518	25284
kroA150.tsp	8.75	2510518	2510518	33246
kroA150.tsp	8.66	2510518	2510518	35162
kroA150.tsp	8.70	2510518	2510518	35947
kroA150.tsp	8.75	2510518	2510518	38754
kroA150.tsp	8.73	2510518	2510518	40362
kroA150.tsp	8.76	2510518	2510518	39267
kroA150.tsp	8.72	2510518	2510518	37358
kroA150.tsp	8.67	2510518	2510518	37664
kroA150.tsp	8.82	2510518	2510518	35990
kroA150.tsp	8.78	2510518	2510518	35310
kroA200.tsp	10.95	2510518	2510518	41865
kroA200.tsp	10.97	2510518	2510518	44100
kroA200.tsp	14.68	2510518	2510518	42396
kroA200.tsp	11.08	2510518	2510518	44599
kroA200.tsp	11.09	2510518	2510518	45971
kroA200.tsp	11.10	2510518	2510518	46376
kroA200.tsp	11.08	2510518	2510518	45733
kroA200.tsp	10.96	2510518	2510518	48243
kroA200.tsp	11.10	2510518	2510518	48160
kroA200.tsp	11.08	2510518	2510518	44222
kroB100.tsp	6.42	2510518	2510518	26910
kroB100.tsp	6.25	2510518	2510518	25892
kroB100.tsp	6.40	2510518	2510518	28000
kroB100.tsp	6.42	2510518	2510518	28889
kroB100.tsp	7.18	2510518	2510518	25656
kroB100.tsp	6.32	2510518	2510518	26934
kroB100.tsp	6.42	2510518	2510518	27138
kroB100.tsp	6.23	2510518	2510518	26602
kroB100.tsp	6.30	2510518	2510518	27613
kroB100.tsp	6.43	2510518	2510518	27791
kroB150.tsp	8.68	2510518	2510518	38389
kroB150.tsp	8.73	2510518	2510518	34938
kroB150.tsp	8.74	2510518	2510518	36969
kroB150.tsp	8.70	2510518	2510518	36137
kroB150.tsp	8.75	2510518	2510518	36173
kroB150.tsp	8.75	2510518	2510518	37285
kroB150.tsp	8.73	2510518	2510518	36361
kroB150.tsp	8.72	2510518	2510518	33599
kroB150.tsp	8.65	2510518	2510518	37718
kroB150.tsp	8.78	2510518	2510518	36612
kroB200.tsp	10.94	2510518	2510518	46016
kroB200.tsp	11.07	2510518	2510518	47173
kroB200.tsp	11.07	2510518	2510518	39610
kroB200.tsp	11.02	2510518	2510518	46122
kroB200.tsp	10.96	2510518	2510518	42013
kroB200.tsp	11.02	2510518	2510518	46661
kroB200.tsp	11.05	2510518	2510518	42531
kroB200.tsp	11.04	2510518	2510518	43562
kroB200.tsp	11.00	2510518	2510518	44012
kroB200.tsp	11.06	2510518	2510518	44725
kroC100.tsp	6.38	2510518	2510518	27448
kroC100.tsp	6.40	2510518	2510518	25589
kroC100.tsp	6.40	2510518	2510518	27432
kroC100.tsp	6.35	2510518	2510518	24085
kroC100.tsp	6.34	2510518	2510518	26764
kroC100.tsp	6.36	2510518	2510518	25056
kroC100.tsp	6.43	2510518	2510518	26936
kroC100.tsp	6.24	2510518	2510518	28089
kroC100.tsp	6.26	2510518	2510518	25017
kroC100.tsp	6.22	2510518	2510518	25705
kroD100.tsp	6.26	2510518	2510518	27112
kroD100.tsp	6.42	2510518	2510518	27845
kroD100.tsp	6.36	2510518	2510518	25306
kroD100.tsp	6.32	2510518	2510518	23950
kroD100.tsp	6.43	2510518	2510518	25518
kroD100.tsp	6.38	2510518	2510518	26170
kroD100.tsp	6.26	2510518	2510518	28476
kroD100.tsp	6.25	2510518	2510518	25928
kroD100.tsp	6.36	2510518	2510518	26399
kroD100.tsp	6.40	2510518	2510518	25500
kroE100.tsp	6.26	2510518	2510518	26686
kroE100.tsp	6.26	2510518	2510518	28405
kroE100.tsp	6.39	2510518	2510518	26244
kroE100.tsp	6.38	2510518	2510518	26483
kroE100.tsp	6.37	2510518	2510518	27757
kroE100.tsp	6.28	2510518	2510518	26553
kroE100.tsp	6.29	2510518	2510518	26470
kroE100.tsp	6.24	2510518	2510518	28603
kroE100.tsp	6.24	2510518	2510518	29840
kroE100.tsp	6.23	2510518	2510518	26189
lin105.tsp	6.55	2510518	2510518	18987
lin105.tsp	6.54	2510518	2510518	17476
lin105.tsp	6.48	2510518	2510518	19024
lin105.tsp	6.56	2510518	2510518	19251
lin105.tsp	6.55	2510518	2510518	19568
lin105.tsp	6.56	2510518	2510518	19452
lin105.tsp	6.61	2510518	2510518	16379
lin105.tsp	6.54	2510518	2510518	18808
lin105.tsp	6.46	2510518	2510518	18258
lin105.tsp	6.44	2510518	2510518	18640
lin318.tsp	16.46	2510518	2510518	87983
lin318.tsp	16.47	2510518	2510518	81030
lin318.tsp	16.49	2510518	2510518	79712
lin318.tsp	16.45	2510518	2510518	75146
lin318.tsp	16.47	2510518	2510518	77081
lin318.tsp	16.52	2510518	2510518	79701
lin318.tsp	16.50	2510518	2510518	85516
lin318.tsp	16.54	2510518	2510518	77636
lin318.tsp	16.44	2510518	2510518	90534
lin318.tsp	16.50	2510518	2510518	75970
linhp318.tsp	16.49	2510518	2510518	81810
linhp318.tsp	16.53	2510518	2510518	80734
linhp318.tsp	16.53	2510518	2510518	77868
linhp318.tsp	16.60	2510518	2510518	81837
linhp318.tsp	16.47	2510518	2510518	91528
linhp318.tsp	16.52	2510518	2510518	86382
linhp318.tsp	16.54	2510518	2510518	81995
linhp318.tsp	16.54	2510518	2510518	85612
linhp318.tsp	16.59	2510518	2510518	87004
linhp318.tsp	16.45	2510518	2510518	84588
pr107.tsp	6.59	2510518	2510518	63581
pr107.tsp	6.58	2510518	2510518	63515
pr107.tsp	6.62	2510518	2510518	65344
pr107.tsp	6.65	2510518	2510518	66537
pr107.tsp	6.64	2510518	2510518	52092
pr107.tsp	6.66	2510518	2510518	54556
pr107.tsp	6.63	2510518	2510518	67642
pr107.tsp	6.61	2510518	2510518	50696
pr107.tsp	6.61	2510518	2510518	66919
pr107.tsp	6.63	2510518	2510518	76683
pr124.tsp	7.42	2510518	2510518	77106
pr124.tsp	7.40	2510518	2510518	89932
pr124.tsp	7.38	2510518	2510518	83832
pr124.tsp	7.44	2510518	2510518	85635
pr124.tsp	7.38	2510518	2510518	102842
pr124.tsp	7.42	2510518	2510518	73268
pr124.tsp	7.41	2510518	2510518	83404
pr124.tsp	7.35	2510518	2510518	81694
pr124.tsp	7.34	2510518	2510518	89815
pr124.tsp	7.40	2510518	2510518	89758
pr136.tsp	8.13	2510518	2510518	123172
pr136.tsp	8.13	2510518	2510518	125224
pr136.tsp	8.05	2510518	2510518	116157
pr136.tsp	8.15	2510518	2510518	117320
pr136.tsp	8.03	2510518	2510518	136795
pr136.tsp	8.15	2510518	2510518	129887
pr136.tsp	8.04	2510518	2510518	130663
pr136.tsp	8.10	2510518	2510518	137143
pr136.tsp	8.06	2510518	2510518	129265
pr136.tsp	8.11	2510518	2510518	131753
pr144.tsp	8.35	2510518	2510518	112314
pr144.tsp	8.48	2510518	2510518	104516
pr144.tsp	8.36	2510518	2510518	113712
pr144.tsp	8.46	2510518	2510518	95384
pr144.tsp	8.41	2510518	2510518	100774
pr144.tsp	8.54	2510518	2510518	99888
pr144.tsp	8.50	2510518	2510518	104598
pr144.tsp	8.38	2510518	2510518	95373
pr144.tsp	8.47	2510518	2510518	104840
pr144.tsp	8.44	2510518	2510518	100680
pr152.tsp	8.83	2510518	2510518	132905
pr152.tsp	8.83	2510518	2510518	131679
pr152.tsp	8.84	2510518	2510518	135743
pr152.tsp	8.80	2510518	2510518	135059
pr152.tsp	13.19	2510518	2510518	137004
pr152.tsp	8.82	2510518	2510518	119012
pr152.tsp	8.79	2510518	2510518	120715
pr152.tsp	8.84	2510518	2510518	119585
pr152.tsp	8.84	2510518	2510518	135837
pr152.tsp	8.83	2510518	2510518	115121
pr226.tsp	12.28	2510518	2510518	189537
pr226.tsp	12.28	2510518	2510518	170015
pr226.tsp	12.25	2510518	2510518	156727
pr226.tsp	12.21	2510518	2510518	164929
pr226.tsp	12.24	2510518	2510518	167958
pr226.tsp	12.24	2510518	2510518	190815
pr226.tsp	12.32	2510518	2510518	189872
pr226.tsp	12.26	2510518	2510518	178283
pr226.tsp	12.28	2510518	2510518	197950
pr226.tsp	12.26	2510518	2510518	203626
pr264.tsp	13.96	2510518	2510518	130988
pr264.tsp	13.89	2510518	2510518	128980
pr264.tsp	13.88	2510518	2510518	120626
pr264.tsp	13.88	2510518	2510518	131830
pr264.tsp	13.86	2510518	2510518	126871
pr264.tsp	13.88	2510518	2510518	124365
pr264.tsp	13.88	2510518	2510518	118488
pr264.tsp	13.90	2510518	2510518	123531
pr264.tsp	13.82	2510518	2510518	123682
pr264.tsp	13.90	2510518	2510518	131397
pr299.tsp	15.62	2510518	2510518	87348
pr299.tsp	15.59	2510518	2510518	91204
pr299.tsp	15.52	2510518	2510518	86123
pr299.tsp	15.57	2510518	2510518	102570
pr299.tsp	15.63	2510518	2510518	91537
pr299.tsp	15.60	2510518	2510518	95830
pr299.tsp	15.61	2510518	2510518	88576
pr299.tsp	15.60	2510518	2510518	98025
pr299.tsp	15.56	2510518	2510518	81070
pr299.tsp	15.55	2510518	2510518	79021
pr439.tsp	22.61	2510518	2510518	272711
pr439.tsp	22.69	2510518	2510518	269432
pr439.tsp	29.23	2510518	2510518	260124
pr439.tsp	22.66	2510518	2510518	273358
pr439.tsp	22.69	2510518	2510518	238246
pr439.tsp	22.58	2510518	2510518	267712
pr439.tsp	22.63	2510518	2510518	242239
pr439.tsp	22.77	2510518	2510518	244027
pr439.tsp	22.63	2510518	2510518	248675
pr439.tsp	22.65	2510518	2510518	261726
pr76.tsp	5.26	2510518	2510518	112418
pr76.tsp	5.25	2510518	2510518	126252
pr76.tsp	5.21	2510518	2510518	125632
pr76.tsp	5.26	2510518	2510518	123044
pr76.tsp	5.25	2510518	2510518	132940
pr76.tsp	5.52	2510518	2510518	129953
pr76.tsp	5.27	2510518	2510518	122562
pr76.tsp	5.25	2510518	2510518	135668
pr76.tsp	5.18	2510518	2510518	117569
pr76.tsp	5.16	2510518	2510518	118093
rat575.tsp	31.35	2510518	2510518	14093
rat575.tsp	31.43	2510518	2510518	13623
rat575.tsp	31.14	2510518	2510518	14311
rat575.tsp	31.35	2510518	2510518	14543
rat575.tsp	31.32	2510518	2510518	12826
rat575.tsp	31.41	2510518	2510518	13425
rat575.tsp	31.21	2510518	2510518	14299
rat575.tsp	31.41	2510518	2510518	14002
rat575.tsp	31.50	2510518	2510518	14046
rat575.tsp	31.47	2510518	2510518	14328
rat783.tsp	43.66	2510518	2510518	21892
rat783.tsp	43.68	2510518	2510518	22309
rat783.tsp	44.23	2510518	2510518	23209
rat783.tsp	44.35	2510518	2510518	21097
rat783.tsp	43.70	2510518	2510518	22805
rat783.tsp	43.86	2510518	2510518	23052
rat783.tsp	43.58	2510518	2510518	21033
rat783.tsp	44.13	2510518	2510518	22983
rat783.tsp	44.04	2510518	2510518	22060
rat783.tsp	43.69	2510518	2510518	22273
rat99.tsp	6.33	2510518	2510518	1577
rat99.tsp	6.35	2510518	2510518	1553
rat99.tsp	6.30	2510518	2510518	1443
rat99.tsp	6.30	2510518	2510518	1444
rat99.tsp	6.36	2510518	2510518	1420
rat99.tsp	6.34	2510518	2510518	1489
rat99.tsp	6.30	2510518	2510518	1404
rat99.tsp	6.32	2510518	2510518	1506
rat99.tsp	6.32	2510518	2510518	1465
rat99.tsp	6.33	2510518	2510518	1386
