a280.tsp	2.96	502095	502095	5335
a280.tsp	2.97	502095	502095	5477
a280.tsp	2.96	502095	502095	5823
a280.tsp	2.96	502095	502095	5492
a280.tsp	2.99	502095	502095	5488
a280.tsp	2.96	502095	502095	5410
a280.tsp	2.96	502095	502095	5596
a280.tsp	2.96	502095	502095	5834
a280.tsp	2.97	502095	502095	5518
a280.tsp	2.96	502095	502095	5817
berlin52.tsp	0.82	502095	502095	8463
berlin52.tsp	0.83	502095	502095	8452
berlin52.tsp	0.84	502095	502095	8440
berlin52.tsp	0.82	502095	502095	8274
berlin52.tsp	0.82	502095	502095	8965
berlin52.tsp	0.84	502095	502095	8542
berlin52.tsp	0.83	502095	502095	8501
berlin52.tsp	0.84	502095	502095	8435
berlin52.tsp	0.83	502095	502095	8354
berlin52.tsp	0.84	502095	502095	8101
bier127.tsp	1.53	502095	502095	152986
bier127.tsp	1.53	502095	502095	148312
bier127.tsp	1.53	502095	502095	160369
bier127.tsp	1.54	502095	502095	161507
bier127.tsp	1.54	502095	502095	152043
bier127.tsp	1.53	502095	502095	172348
bier127.tsp	1.54	502095	502095	160131
bier127.tsp	1.53	502095	502095	161384
bier127.tsp	1.54	502095	502095	159863
bier127.tsp	1.53	502095	502095	162529
eil101.tsp	1.29	502095	502095	769
eil101.tsp	1.27	502095	502095	803
eil101.tsp	1.28	502095	502095	755
eil101.tsp	1.28	502095	502095	749
eil101.tsp	1.29	502095	502095	749
eil101.tsp	1.28	502095	502095	774
eil101.tsp	1.28	502095	502095	690
eil101.tsp	1.29	502095	502095	765
eil101.tsp	1.28	502095	502095	771
eil101.tsp	1.28	502095	502095	731
eil51.tsp	0.84	502095	502095	458
eil51.tsp	0.84	502095	502095	464
eil51.tsp	0.83	502095	502095	447
eil51.tsp	0.82	502095	502095	454
eil51.tsp	0.82	502095	502095	444
eil51.tsp	0.84	502095	502095	438
eil51.tsp	0.82	502095	502095	474
eil51.tsp	0.82	502095	502095	456
eil51.tsp	0.84	502095	502095	469
eil51.tsp	0.82	502095	502095	454
eil76.tsp	1.05	502095	502095	673
eil76.tsp	1.06	502095	502095	608
eil76.tsp	1.06	502095	502095	659
eil76.tsp	1.06	502095	502095	599
eil76.tsp	1.06	502095	502095	614
eil76.tsp	1.05	502095	502095	617
eil76.tsp	1.05	502095	502095	669
eil76.tsp	1.06	502095	502095	621
eil76.tsp	1.06	502095	502095	631
eil76.tsp	1.06	502095	502095	604
gil262.tsp	2.78	502095	502095	4759
gil262.tsp	2.78	502095	502095	4719
gil262.tsp	2.78	502095	502095	4969
gil262.tsp	2.78	502095	502095	4780
gil262.tsp	2.78	502095	502095	4600
gil262.tsp	2.78	502095	502095	4780
gil262.tsp	2.80	502095	502095	4451
gil262.tsp	2.77	502095	502095	4655
gil262.tsp	2.78	502095	502095	4556
gil262.tsp	2.78	502095	502095	4478
kroA100.tsp	1.28	502095	502095	30929
kroA100.tsp	1.27	502095	502095	33003
kroA100.tsp	1.25	502095	502095	30220
kroA100.tsp	1.27	502095	502095	32293
kroA100.tsp	1.28	502095	502095	34890
kroA100.tsp	1.28	502095	502095	31015
kroA100.tsp	1.25	502095	502095	29429
kroA100.tsp	1.29	502095	502095	28358
kroA100.tsp	1.25	502095	502095	31102
kroA100.tsp	1.24	502095	502095	31648
kroA150.tsp	1.74	502095	502095	40907
kroA150.tsp	1.75	502095	502095	40720
kroA150.tsp	1.73	502095	502095	48542
kroA150.tsp	1.75	502095	502095	40940
kroA150.tsp	1.74	502095	502095	42618
kroA150.tsp	1.76	502095	502095	44043
kroA150.tsp	1.74	502095	502095	44096
kroA150.tsp	1.74	502095	502095	44616
kroA150.tsp	1.76	502095	502095	42603
kroA150.tsp	1.74	502095	502095	44945
kroA200.tsp	2.20	502095	502095	55873
kroA200.tsp	2.20	502095	502095	57946
kroA200.tsp	2.21	502095	502095	53734
kroA200.tsp	2.22	502095	502095	52742
kroA200.tsp	2.21	502095	502095	58250
kroA200.tsp	2.22	502095	502095	50765
kroA200.tsp	2.24	502095	502095	52180
kroA200.tsp	2.20	502095	502095	56514
kroA200.tsp	2.22	502095	502095	60432
kroA200.tsp	2.22	502095	502095	49391
kroB100.tsp	1.25	502095	502095	30343
kroB100.tsp	1.28	502095	502095	32939
kroB100.tsp	1.26	502095	502095	30990
kroB100.tsp	1.28	502095	502095	33239
kroB100.tsp	1.28	502095	502095	29761
kroB100.tsp	1.28	502095	502095	29774
kroB100.tsp	1.28	502095	502095	31643
kroB100.tsp	1.25	502095	502095	27545
kroB100.tsp	1.28	502095	502095	30689
kroB100.tsp	1.28	502095	502095	29603
kroB150.tsp	1.74	502095	502095	42915
kroB150.tsp	1.74	502095	502095	39214
kroB150.tsp	1.74	502095	502095	44235
kroB150.tsp	1.75	502095	502095	40981
kroB150.tsp	1.73	502095	502095	40869
kroB150.tsp	1.76	502095	502095	46577
kroB150.tsp	1.75	502095	502095	40494
kroB150.tsp	1.74	502095	502095	41191
kroB150.tsp	1.75	502095	502095	42919
kroB150.tsp	1.74	502095	502095	43515
kroB200.tsp	2.21	502095	502095	59886
kroB200.tsp	2.20	502095	502095	50577
kroB200.tsp	2.22	502095	502095	59911
kroB200.tsp	2.20	502095	502095	56228
kroB200.tsp	2.22	502095	502095	49624
kroB200.tsp	2.22	502095	502095	53855
kroB200.tsp	2.21	502095	502095	56434
kroB200.tsp	2.22	502095	502095	52511
kroB200.tsp	2.21	502095	502095	52961
kroB200.tsp	2.21	502095	502095	50390
kroC100.tsp	1.29	502095	502095	27332
kroC100.tsp	1.25	502095	502095	30689
kroC100.tsp	1.25	502095	502095	31372
kroC100.tsp	1.28	502095	502095	33117
kroC100.tsp	1.25	502095	502095	28609
kroC100.tsp	1.28	502095	502095	31685
kroC100.tsp	1.26	502095	502095	32045
kroC100.tsp	1.27	502095	502095	28993
kroC100.tsp	1.26	502095	502095	30406
kroC100.tsp	1.28	502095	502095	30448
kroD100.tsp	1.28	502095	502095	29112
kroD100.tsp	1.26	502095	502095	29534
kroD100.tsp	1.28	502095	502095	28144
kroD100.tsp	1.27	502095	502095	28905
kroD100.tsp	1.26	502095	502095	29880
kroD100.tsp	1.26	502095	502095	27344
kroD100.tsp	1.25	502095	502095	29073
kroD100.tsp	1.26	502095	502095	28922
kroD100.tsp	1.28	502095	502095	29683
kroD100.tsp	1.28	502095	502095	31122
kroE100.tsp	1.26	502095	502095	32081
kroE100.tsp	1.24	502095	502095	30342
kroE100.tsp	1.26	502095	502095	34977
kroE100.tsp	1.28	502095	502095	28896
kroE100.tsp	1.27	502095	502095	30916
kroE100.tsp	1.28	502095	502095	31156
kroE100.tsp	1.24	502095	502095	30376
kroE100.tsp	1.24	502095	502095	30114
kroE100.tsp	1.28	502095	502095	31126
kroE100.tsp	1.26	502095	502095	31294
lin105.tsp	1.28	502095	502095	23837
lin105.tsp	1.28	502095	502095	21084
lin105.tsp	1.29	502095	502095	23348
lin105.tsp	1.33	502095	502095	23473
lin105.tsp	1.32	502095	502095	22930
lin105.tsp	1.32	502095	502095	20135
lin105.tsp	1.29	502095	502095	20660
lin105.tsp	1.30	502095	502095	23307
lin105.tsp	1.28	502095	502095	21713
lin105.tsp	1.29	502095	502095	22151
lin318.tsp	3.30	502095	502095	96267
lin318.tsp	3.31	502095	502095	94343
lin318.tsp	3.30	502095	502095	95621
lin318.tsp	3.31	502095	502095	95220
lin318.tsp	4.29	502095	502095	102725
lin318.tsp	3.31	502095	502095	94872
lin318.tsp	3.30	502095	502095	101262
lin318.tsp	3.31	502095	502095	102541
lin318.tsp	3.30	502095	502095	98900
lin318.tsp	3.30	502095	502095	98639
linhp318.tsp	3.31	502095	502095	93408
linhp318.tsp	3.31	502095	502095	101222
linhp318.tsp	3.30	502095	502095	101401
linhp318.tsp	3.31	502095	502095	106954
linhp318.tsp	3.31	502095	502095	94188
linhp318.tsp	3.31	502095	502095	97452
linhp318.tsp	3.31	502095	502095	100497
linhp318.tsp	3.31	502095	502095	98208
linhp318.tsp	3.31	502095	502095	100772
linhp318.tsp	3.30	502095	502095	100848
pr107.tsp	1.32	502095	502095	57468
pr107.tsp	1.32	502095	502095	89616
pr107.tsp	1.32	502095	502095	94332
pr107.tsp	1.32	502095	502095	85691
pr107.tsp	1.32	502095	502095	74612
pr107.tsp	1.31	502095	502095	83693
pr107.tsp	1.32	502095	502095	73725
pr107.tsp	1.32	502095	502095	81917
pr107.tsp	1.32	502095	502095	99794
pr107.tsp	1.31	502095	502095	84040
pr124.tsp	1.48	502095	502095	108271
pr124.tsp	1.48	502095	502095	111488
pr124.tsp	1.47	502095	502095	109459
pr124.tsp	1.47	502095	502095	96550
pr124.tsp	1.48	502095	502095	108929
pr124.tsp	1.47	502095	502095	107446
pr124.tsp	1.48	502095	502095	108162
pr124.tsp	1.48	502095	502095	108365
pr124.tsp	1.48	502095	502095	92441
pr124.tsp	1.48	502095	502095	126290
pr136.tsp	1.62	502095	502095	154143
pr136.tsp	1.62	502095	502095	148892
pr136.tsp	1.62	502095	502095	182583
pr136.tsp	1.62	502095	502095	143319
pr136.tsp	1.62	502095	502095	158405
pr136.tsp	1.63	502095	502095	144397
pr136.tsp	1.61	502095	502095	140524
pr136.tsp	1.61	502095	502095	148717
pr136.tsp	1.62	502095	502095	139213
pr136.tsp	1.62	502095	502095	138777
pr144.tsp	1.70	502095	502095	137967
pr144.tsp	1.70	502095	502095	128992
pr144.tsp	1.69	502095	502095	108291
pr144.tsp	1.68	502095	502095	118597
pr144.tsp	2.18	502095	502095	125715
pr144.tsp	1.68	502095	502095	133600
pr144.tsp	1.68	502095	502095	138150
pr144.tsp	1.68	502095	502095	130529
pr144.tsp	1.68	502095	502095	119559
pr144.tsp	1.70	502095	502095	147194
pr152.tsp	1.76	502095	502095	178324
pr152.tsp	1.76	502095	502095	188513
pr152.tsp	1.74	502095	502095	168723
pr152.tsp	1.77	502095	502095	164631
pr152.tsp	1.77	502095	502095	170598
pr152.tsp	1.77	502095	502095	181315
pr152.tsp	1.76	502095	502095	159863
pr152.tsp	1.77	502095	502095	162523
pr152.tsp	1.76	502095	502095	174403
pr152.tsp	1.76	502095	502095	154080
pr226.tsp	2.46	502095	502095	295556
pr226.tsp	2.44	502095	502095	226487
pr226.tsp	2.46	502095	502095	251382
pr226.tsp	2.46	502095	502095	247722
pr226.tsp	2.46	502095	502095	256814
pr226.tsp	2.46	502095	502095	276856
pr226.tsp	2.46	502095	502095	243553
pr226.tsp	2.46	502095	502095	256822
pr226.tsp	2.46	502095	502095	218392
pr226.tsp	2.45	502095	502095	230020
pr264.tsp	2.78	502095	502095	140184
pr264.tsp	2.78	502095	502095	168526
pr264.tsp	2.78	502095	502095	147209
pr264.tsp	2.78	502095	502095	164480
pr264.tsp	2.78	502095	502095	166642
pr264.tsp	2.78	502095	502095	156719
pr264.tsp	2.78	502095	502095	153744
pr264.tsp	2.78	502095	502095	153127
pr264.tsp	2.78	502095	502095	170710
pr264.tsp	2.78	502095	502095	155822
pr299.tsp	3.12	502095	502095	113800
pr299.tsp	3.12	502095	502095	108608
pr299.tsp	3.12	502095	502095	105861
pr299.tsp	3.12	502095	502095	114472
pr299.tsp	3.12	502095	502095	118307
pr299.tsp	3.12	502095	502095	107631
pr299.tsp	3.13	502095	502095	108155
pr299.tsp	3.12	502095	502095	115845
pr299.tsp	3.11	502095	502095	124164
pr299.tsp	3.12	502095	502095	114373
pr439.tsp	4.52	502095	502095	340023
pr439.tsp	4.56	502095	502095	341850
pr439.tsp	4.54	502095	502095	328115
pr439.tsp	4.51	502095	502095	306861
pr439.tsp	4.53	502095	502095	321135
pr439.tsp	4.54	502095	502095	325373
pr439.tsp	4.51	502095	502095	299356
pr439.tsp	4.54	502095	502095	327127
pr439.tsp	4.53	502095	502095	322136
pr439.tsp	4.53	502095	502095	301456
pr76.tsp	1.04	502095	502095	136639
pr76.tsp	1.05	502095	502095	145718
pr76.tsp	1.05	502095	502095	142913
pr76.tsp	1.05	502095	502095	128363
pr76.tsp	1.03	502095	502095	131643
pr76.tsp	1.03	502095	502095	133079
pr76.tsp	1.03	502095	502095	132720
pr76.tsp	1.03	502095	502095	127964
pr76.tsp	1.05	502095	502095	137511
pr76.tsp	1.05	502095	502095	138453
rat575.tsp	6.24	502095	502095	19086
rat575.tsp	6.28	502095	502095	19224
rat575.tsp	6.26	502095	502095	17969
rat575.tsp	6.25	502095	502095	17605
rat575.tsp	6.27	502095	502095	18830
rat575.tsp	6.24	502095	502095	19080
rat575.tsp	6.25	502095	502095	18283
rat575.tsp	6.27	502095	502095	16939
rat575.tsp	6.25	502095	502095	19585
rat575.tsp	6.27	502095	502095	16998
rat783.tsp	8.74	502095	502095	31133
rat783.tsp	10.92	502095	502095	31111
rat783.tsp	8.88	502095	502095	31453
rat783.tsp	8.88	502095	502095	31233
rat783.tsp	8.89	502095	502095	32230
rat783.tsp	8.74	502095	502095	30361
rat783.tsp	8.75	502095	502095	31874
rat783.tsp	8.78	502095	502095	30709
rat783.tsp	8.84	502095	502095	32229
rat783.tsp	8.76	502095	502095	32062
rat99.tsp	1.26	502095	502095	1660
rat99.tsp	1.26	502095	502095	1642
rat99.tsp	1.27	502095	502095	1681
rat99.tsp	1.27	502095	502095	1623
rat99.tsp	1.27	502095	502095	1624
rat99.tsp	1.27	502095	502095	1490
rat99.tsp	1.26	502095	502095	1692
rat99.tsp	1.26	502095	502095	1586
rat99.tsp	1.27	502095	502095	1573
rat99.tsp	1.26	502095	502095	1441
