br17 39.800000 39.000000 0.368782 2.051282 0.945594 0.043000 0.001449 5.800000 0.562139 102.000000 0.469042 13872.000000 63.789654 0.000882 0.000014
ft53 8150.100000 6905.000000 56.790571 18.031861 0.822456 1.200000 0.017321 22.200000 2.911357 111.500000 1.210372 153647.000000 1667.892401 0.216382 0.000142
ft70 41347.900000 38673.000000 103.682154 6.916712 0.268100 2.452000 0.029182 25.100000 2.286701 113.700000 1.166619 274585.500000 2817.384998 0.169598 0.000078
ftv170 3807.600000 2755.000000 40.213480 38.206897 1.459654 26.578000 0.294699 16.900000 2.523688 109.700000 1.216963 1594489.500000 17688.563515 10.154629 0.004302
ftv33 1538.500000 1286.000000 18.993815 19.634526 1.476968 0.360000 0.003162 10.200000 1.419859 104.800000 0.704273 58792.800000 395.096970 0.070684 0.000047
ftv35 1650.600000 1473.000000 13.899784 12.057026 0.943638 0.423000 0.004701 12.200000 1.309962 105.400000 0.551362 66402.000000 347.358029 0.051001 0.000044
ftv38 1759.200000 1530.000000 25.921343 14.980392 1.694205 0.498000 0.004195 12.200000 1.567163 106.000000 0.883176 78546.000000 654.433480 0.074602 0.000071
ftv44 1871.000000 1613.000000 15.318616 15.995040 0.949697 0.720000 0.009274 11.500000 2.320560 106.100000 1.090413 105039.000000 1079.508638 0.115164 0.000088
ftv47 2159.900000 1776.000000 23.747189 21.615991 1.337117 0.915000 0.008155 19.300000 1.995244 112.000000 1.058301 126336.000000 1193.762992 0.197786 0.000109
ftv55 1927.300000 1608.000000 11.356100 19.856965 0.706225 1.361000 0.018679 22.400000 1.844993 112.800000 1.093618 173712.000000 1684.171488 0.270253 0.000132
ftv64 2256.500000 1839.000000 34.503695 22.702556 1.876221 1.949000 0.018571 18.800000 1.684043 109.900000 0.754321 228592.000000 1568.987444 0.442473 0.000348
ftv70 2334.200000 1960.000000 25.034696 19.091837 1.277280 2.370000 0.029120 9.000000 1.994994 105.700000 1.200417 262664.500000 2983.035237 0.452477 0.000372
kro124p 41185.000000 36230.000000 348.485523 13.676511 0.961870 6.932000 0.079622 54.100000 4.633465 125.300000 1.319470 620235.000000 6531.374472 0.948056 0.000766
rbg323 1487.800000 1326.000000 3.554715 12.202112 0.268078 215.982000 3.284507 151.900000 7.586106 151.700000 2.775068 7888855.100000 144311.838673 26.354365 0.008805
rbg358 1398.400000 1163.000000 5.325786 20.240757 0.457935 317.494000 3.967740 193.800000 7.122921 170.000000 2.177154 10863510.000000 139126.678817 64.263188 0.018170
rbg403 2592.200000 2465.000000 5.547612 5.160243 0.225055 583.029000 4.553696 450.300000 11.370180 220.500000 1.721918 17772520.500000 138788.275301 30.085716 0.010248
