ft53 8248.600000 6905.000000 85.458200 19.458364 1.237628 0.620000 0.009592 22.900000 2.308463 113.300000 1.523483 156127.400000 2099.359370 0.120642 0.000119 20
ft53 8291.200000 6905.000000 75.067676 20.075308 1.087150 0.724000 0.017041 19.500000 3.409545 113.500000 2.021138 156403.000000 2785.128568 0.145345 0.000185 40
ft53 8193.700000 6905.000000 52.486389 18.663287 0.760121 0.807000 0.009061 28.400000 3.677499 116.000000 1.349074 159848.000000 1859.023636 0.150613 0.000069 60
ft53 8146.000000 6905.000000 23.502340 17.972484 0.340367 0.884000 0.018341 27.700000 4.739304 115.900000 2.291070 159710.200000 3157.093935 0.158877 0.000062 80
ft53 8211.500000 6905.000000 62.189428 18.921072 0.900643 0.966000 0.009818 27.900000 2.174626 116.300000 1.095901 160261.400000 1510.152206 0.182778 0.000088 100
ft53 8281.000000 6905.000000 49.650780 19.927589 0.719055 1.051000 0.010531 32.500000 2.695366 117.400000 1.141928 161777.200000 1573.577051 0.209439 0.000076 120
ft53 8261.200000 6905.000000 78.830426 19.640840 1.141643 1.108000 0.010178 28.900000 2.609406 114.800000 0.914330 158194.400000 1259.947231 0.217621 0.000116 140
ft53 8150.100000 6905.000000 56.790571 18.031861 0.822456 1.200000 0.017321 22.200000 2.911357 111.500000 1.210372 153647.000000 1667.892401 0.216382 0.000142 160
ft53 8280.800000 6905.000000 88.915668 19.924692 1.287700 1.306000 0.019246 24.400000 2.807846 112.700000 1.166619 155300.600000 1607.601046 0.260216 0.000248 180
ft53 8382.300000 6905.000000 60.527192 21.394642 0.876570 1.360000 0.015492 21.900000 3.229396 110.100000 1.344991 151717.800000 1853.397193 0.290967 0.000136 200
