ft70 41409.100000 38673.000000 104.780003 7.074962 0.270938 1.413000 0.014768 22.300000 1.975095 114.000000 1.104536 275310.000000 2667.454686 0.099969 0.000040 20
ft70 41228.500000 38673.000000 117.085119 6.607969 0.302757 1.672000 0.021578 30.000000 2.107131 119.600000 1.524467 288834.000000 3681.588095 0.110485 0.000065 40
ft70 40953.400000 38673.000000 107.927679 5.896620 0.279078 1.858000 0.015218 32.700000 2.668520 120.800000 1.056409 291732.000000 2551.227763 0.109559 0.000042 60
ft70 41254.000000 38673.000000 142.536872 6.673907 0.368569 1.985000 0.034271 27.200000 4.029392 118.600000 2.241428 286419.000000 5413.048901 0.132477 0.000126 80
ft70 41121.500000 38673.000000 122.661832 6.331291 0.317177 2.085000 0.019352 29.700000 2.642158 117.900000 0.994485 284728.500000 2401.680771 0.132007 0.000061 100
ft70 41029.100000 38673.000000 133.828730 6.092364 0.346052 2.268000 0.037889 27.800000 2.432283 119.100000 2.027067 287626.500000 4895.366434 0.138175 0.000131 120
ft70 41044.900000 38673.000000 94.310917 6.133220 0.243868 2.368000 0.025369 25.700000 2.039853 116.300000 1.393198 280864.500000 3364.572592 0.145235 0.000062 140
ft70 41347.900000 38673.000000 103.682154 6.916712 0.268100 2.452000 0.029182 25.100000 2.286701 113.700000 1.166619 274585.500000 2817.384998 0.169598 0.000078 160
ft70 41269.800000 38673.000000 85.433694 6.714762 0.220913 2.647000 0.033795 29.400000 1.387083 114.900000 1.236527 277483.500000 2986.213660 0.177740 0.000075 180
ft70 41299.300000 38673.000000 132.005610 6.791043 0.341338 2.800000 0.048969 25.100000 2.075813 113.500000 1.242980 274102.500000 3001.797399 0.190149 0.000167 200
