ftv35 1736.800000 1473.000000 27.155405 17.909029 1.843544 0.197000 0.002025 7.200000 1.554349 105.000000 0.905539 66150.000000 570.489264 0.035281 0.000037 20
ftv35 1684.900000 1473.000000 17.769890 14.385608 1.206374 0.244000 0.002898 9.800000 1.419859 109.700000 1.122943 69111.000000 707.453815 0.035101 0.000035 40
ftv35 1609.300000 1473.000000 16.672762 9.253225 1.131892 0.276000 0.003225 16.300000 1.833303 108.500000 0.636396 68355.000000 400.929545 0.025539 0.000037 60
ftv35 1632.200000 1473.000000 14.731463 10.807875 1.000099 0.307000 0.004701 17.500000 2.612470 109.400000 1.011929 68922.000000 637.515176 0.033180 0.000047 80
ftv35 1653.600000 1473.000000 15.840581 12.260692 1.075396 0.329000 0.003302 17.700000 2.163562 108.400000 0.802496 68292.000000 505.572547 0.040338 0.000036 100
ftv35 1658.900000 1473.000000 20.922930 12.620502 1.420430 0.361000 0.003592 15.400000 1.613691 108.500000 1.051190 68355.000000 662.249575 0.045560 0.000051 120
ftv35 1649.400000 1473.000000 17.109763 11.975560 1.161559 0.398000 0.001897 11.600000 1.226377 106.500000 0.570088 67095.000000 359.155259 0.047663 0.000022 140
ftv35 1650.600000 1473.000000 13.899784 12.057026 0.943638 0.423000 0.004701 12.200000 1.309962 105.400000 0.551362 66402.000000 347.358029 0.051001 0.000044 160
ftv35 1637.300000 1473.000000 21.364480 11.154107 1.450406 0.452000 0.004427 11.200000 1.660120 105.100000 0.537587 66213.000000 338.679937 0.050417 0.000064 180
ftv35 1661.600000 1473.000000 17.856203 12.803802 1.212234 0.478000 0.005797 9.300000 2.030025 104.700000 0.959687 65961.000000 604.603093 0.061202 0.000070 200
