ftv38 1827.600000 1530.000000 30.443127 19.450980 1.989747 0.249000 0.001703 9.400000 1.335665 105.800000 0.613188 78397.800000 454.372596 0.048433 0.000034 20
ftv38 1759.100000 1530.000000 24.077977 14.973856 1.573724 0.299000 0.003302 13.100000 0.953415 108.000000 0.748331 80028.000000 554.513625 0.044772 0.000052 40
ftv38 1792.500000 1530.000000 32.936378 17.156863 2.152704 0.332000 0.004858 11.700000 1.637376 106.300000 1.304224 78768.300000 966.429915 0.056961 0.000105 60
ftv38 1752.700000 1530.000000 31.137453 14.555556 2.035128 0.365000 0.002550 13.600000 1.088118 107.200000 0.718331 79435.200000 532.283567 0.053128 0.000052 80
ftv38 1738.700000 1530.000000 19.636726 13.640523 1.283446 0.395000 0.003240 10.100000 1.307287 105.400000 0.635610 78101.400000 470.986968 0.053880 0.000042 100
ftv38 1788.600000 1530.000000 18.231950 16.901961 1.191631 0.437000 0.004483 10.800000 0.834266 105.800000 0.732120 78397.800000 542.501075 0.073862 0.000053 120
ftv38 1781.300000 1530.000000 24.361876 16.424837 1.592279 0.468000 0.004195 10.900000 1.024207 105.700000 0.860814 78323.700000 637.862854 0.076868 0.000067 140
ftv38 1759.200000 1530.000000 25.921343 14.980392 1.694205 0.498000 0.004195 12.200000 1.567163 106.000000 0.883176 78546.000000 654.433480 0.074602 0.000071 160
ftv38 1735.100000 1530.000000 23.565420 13.405229 1.540224 0.525000 0.003808 10.200000 1.528398 104.900000 0.555878 77730.900000 411.905364 0.070377 0.000059 180
ftv38 1740.500000 1530.000000 16.994264 13.758170 1.110736 0.569000 0.005187 10.100000 1.621419 105.400000 0.862554 78101.400000 639.152770 0.078284 0.000058 200
