ftv33 1630.000000 1286.000000 32.848440 26.749611 2.554311 0.164000 0.001549 5.500000 0.724569 105.100000 0.590762 58961.100000 331.417605 0.043869 0.000040 20
ftv33 1552.200000 1286.000000 23.188273 20.699844 1.803132 0.201000 0.002214 10.300000 1.208718 109.300000 1.077497 61317.300000 604.475873 0.041607 0.000040 40
ftv33 1496.700000 1286.000000 10.485275 16.384137 0.815340 0.229000 0.001703 8.700000 0.510882 105.800000 0.309839 59353.800000 173.819493 0.037520 0.000014 60
ftv33 1544.600000 1286.000000 16.213081 20.108865 1.260737 0.261000 0.003592 10.500000 1.210372 108.700000 1.288798 60980.700000 723.015616 0.052484 0.000045 80
ftv33 1522.400000 1286.000000 15.695350 18.382582 1.220478 0.286000 0.004050 11.000000 1.777639 108.400000 1.457395 60812.400000 817.598559 0.052574 0.000049 100
ftv33 1528.800000 1286.000000 20.336076 18.880249 1.581343 0.310000 0.004899 10.500000 1.823458 106.500000 1.350926 59746.500000 757.869266 0.058529 0.000077 120
ftv33 1589.700000 1286.000000 24.213240 23.615863 1.882834 0.341000 0.003592 9.300000 1.086738 106.100000 0.910494 59522.100000 510.787342 0.080530 0.000068 140
ftv33 1538.500000 1286.000000 18.993815 19.634526 1.476968 0.360000 0.003162 10.200000 1.419859 104.800000 0.704273 58792.800000 395.096970 0.070684 0.000047 160
ftv33 1540.200000 1286.000000 13.640235 19.766719 1.060671 0.384000 0.003225 8.800000 0.797496 105.100000 0.573585 58961.100000 321.781306 0.075904 0.000034 180
ftv33 1564.000000 1286.000000 15.926079 21.617418 1.238420 0.408000 0.002366 8.900000 0.670075 104.900000 0.359166 58848.900000 201.491958 0.088199 0.000029 200
