ftv44 1904.000000 1613.000000 25.306521 18.040918 1.568910 0.394000 0.006197 14.800000 2.460894 108.600000 1.124278 107514.000000 1113.034770 0.071081 0.000097 20
ftv44 1835.100000 1613.000000 15.371044 13.769374 0.952948 0.438000 0.004648 12.200000 2.296955 108.400000 1.021763 107316.000000 1011.545550 0.060310 0.000044 40
ftv44 1877.900000 1613.000000 28.116348 16.422815 1.743109 0.496000 0.008025 12.300000 3.095319 108.600000 1.861182 107514.000000 1842.570596 0.081457 0.000140 60
ftv44 1849.100000 1613.000000 21.187001 14.637322 1.313515 0.529000 0.005736 12.000000 1.385641 107.600000 1.001998 106524.000000 991.978024 0.077431 0.000075 80
ftv44 1892.600000 1613.000000 28.191204 17.334160 1.747750 0.576000 0.007239 8.500000 1.524795 105.300000 1.122943 104247.000000 1111.713137 0.099845 0.000127 100
ftv44 1883.600000 1613.000000 15.929972 16.776193 0.987599 0.632000 0.006293 10.100000 1.639817 106.500000 1.051190 105435.000000 1040.677904 0.106026 0.000062 120
ftv44 1899.300000 1613.000000 33.145150 17.749535 2.054876 0.676000 0.007899 10.800000 2.235173 105.900000 1.212023 104841.000000 1199.902871 0.119987 0.000162 140
ftv44 1871.000000 1613.000000 15.318616 15.995040 0.949697 0.720000 0.009274 11.500000 2.320560 106.100000 1.090413 105039.000000 1079.508638 0.115164 0.000088 160
ftv44 1897.100000 1613.000000 31.970752 17.613143 1.982068 0.787000 0.014146 12.200000 3.282682 106.400000 1.569713 105336.000000 1554.016216 0.138615 0.000280 180
ftv44 1959.600000 1613.000000 26.950028 21.487911 1.670801 0.818000 0.012149 11.500000 2.728553 104.700000 1.049285 103653.000000 1038.792616 0.175771 0.000203 200
