ftv55 1987.700000 1608.000000 26.529248 23.613184 1.649829 0.720000 0.009899 12.900000 1.506320 108.100000 0.727324 166474.000000 1120.078747 0.170015 0.000163 20
ftv55 1989.900000 1608.000000 28.647670 23.750000 1.781572 0.816000 0.007376 15.500000 2.098809 109.600000 0.862554 168784.000000 1328.333693 0.193800 0.000131 40
ftv55 1954.800000 1608.000000 19.733119 21.567164 1.227184 0.908000 0.012394 16.200000 2.314303 110.500000 1.437011 170170.000000 2212.996611 0.195830 0.000152 60
ftv55 1897.000000 1608.000000 21.707602 17.972637 1.349975 1.019000 0.010242 16.800000 1.978889 111.500000 1.022252 171710.000000 1574.268719 0.183141 0.000138 80
ftv55 1941.100000 1608.000000 34.592326 20.715174 2.151264 1.091000 0.010144 17.800000 1.912067 110.400000 1.078888 170016.000000 1661.488008 0.226003 0.000218 100
ftv55 1939.000000 1608.000000 23.520629 20.584577 1.462726 1.176000 0.018504 17.100000 2.892922 109.700000 1.555956 168938.000000 2396.172698 0.242075 0.000271 120
ftv55 1922.300000 1608.000000 26.298688 19.546020 1.635491 1.241000 0.013073 19.700000 2.709428 110.600000 1.031504 170324.000000 1588.515785 0.242566 0.000214 140
ftv55 1927.300000 1608.000000 11.356100 19.856965 0.706225 1.361000 0.018679 22.400000 1.844993 112.800000 1.093618 173712.000000 1684.171488 0.270253 0.000132 160
ftv55 1925.200000 1608.000000 30.869338 19.726368 1.919735 1.412000 0.020040 17.800000 1.891031 109.100000 1.170043 168014.000000 1801.865811 0.278536 0.000385 180
ftv55 1916.200000 1608.000000 22.939398 19.166667 1.426580 1.460000 0.024576 15.300000 1.934166 108.500000 1.070047 167090.000000 1647.871961 0.279833 0.000351 200
