kro124p 43647.400000 36230.000000 554.254350 20.473089 1.529822 4.257000 0.046649 45.800000 3.825703 118.800000 1.046900 588060.000000 5182.155922 0.871539 0.000714 20
kro124p 41865.900000 36230.000000 484.450709 15.555893 1.337153 4.925000 0.064719 53.900000 1.583982 128.000000 1.523155 633600.000000 7539.615375 0.766128 0.000865 40
kro124p 41318.800000 36230.000000 476.467686 14.045818 1.315119 5.283000 0.079637 53.600000 3.426952 127.900000 1.723079 633105.000000 8529.239269 0.742041 0.001047 60
kro124p 42012.900000 36230.000000 402.383112 15.961634 1.110635 5.582000 0.056671 54.600000 5.099412 125.800000 1.214907 622710.000000 6013.791649 0.890978 0.000629 80
kro124p 42023.500000 36230.000000 566.332592 15.990892 1.563159 5.929000 0.070759 57.500000 2.916333 128.600000 1.638292 636570.000000 8109.544377 0.948100 0.001106 100
kro124p 42263.200000 36230.000000 515.742180 16.652498 1.423522 6.375000 0.062181 63.100000 3.024731 129.800000 1.770875 642510.000000 8765.833674 1.061597 0.000885 120
kro124p 41424.000000 36230.000000 418.804680 14.336185 1.155961 6.592000 0.062925 64.000000 3.805260 126.200000 1.102724 624690.000000 5458.483306 0.945041 0.000727 140
kro124p 41185.000000 36230.000000 348.485523 13.676511 0.961870 6.932000 0.079622 54.100000 4.633465 125.300000 1.319470 620235.000000 6531.374472 0.948056 0.000766 160
kro124p 42255.600000 36230.000000 562.855811 16.631521 1.553563 7.276000 0.133560 56.900000 3.418918 124.600000 2.069783 616770.000000 10245.423857 1.210109 0.002075 180
kro124p 43288.700000 36230.000000 384.236907 19.483025 1.060549 7.659000 0.154832 58.200000 5.897118 123.100000 2.312791 609345.000000 11448.313085 1.492205 0.001642 200
