rbg358 1395.500000 1163.000000 8.595638 19.991402 0.739092 257.337000 2.348620 218.600000 5.880816 169.800000 1.560769 10850729.400000 99737.824040 51.445273 0.017358 20
rbg358 1386.100000 1163.000000 4.236626 19.183147 0.364284 263.509000 3.313889 204.500000 4.996499 165.600000 1.060189 10582336.800000 67749.236097 50.549319 0.012072 40
rbg358 1390.100000 1163.000000 5.242995 19.527085 0.450816 278.002000 2.062045 202.800000 4.044255 168.900000 0.853815 10793216.700000 54561.337916 54.285687 0.009296 60
rbg358 1389.100000 1163.000000 7.233879 19.441101 0.622002 292.500000 3.682034 210.900000 10.625865 174.000000 2.302173 11119122.000000 147115.753975 56.865219 0.022902 80
rbg358 1384.400000 1163.000000 5.667804 19.036973 0.487343 294.349000 2.303843 193.900000 9.122993 166.100000 1.403211 10614288.300000 89669.367246 56.035141 0.011228 100
rbg358 1392.100000 1163.000000 7.043366 19.699054 0.605620 308.570000 4.671440 209.500000 7.211449 171.400000 1.632176 10952974.200000 104300.972390 60.785371 0.028291 120
rbg358 1372.300000 1163.000000 4.042400 17.996561 0.347584 318.364000 3.329235 206.600000 8.025210 174.000000 1.754993 11119122.000000 112149.309850 57.294570 0.011572 140
rbg358 1398.400000 1163.000000 5.325786 20.240757 0.457935 317.494000 3.967740 193.800000 7.122921 170.000000 2.177154 10863510.000000 139126.678817 64.263188 0.018170 160
rbg358 1381.700000 1163.000000 6.634832 18.804815 0.570493 330.264000 5.403926 189.600000 6.698059 174.400000 2.843238 11144683.200000 181691.411790 62.105535 0.030829 180
rbg358 1391.000000 1163.000000 4.728636 19.604471 0.406590 331.868000 4.715193 195.300000 5.041924 168.800000 2.199091 10786826.400000 140528.494356 65.060966 0.019171 200
