br17 62.900000 39.000000 0.664078 61.282051 19.379086 0.024000 0.001897 10.300000 1.359779 10000.000000
ft53 22800.300000 6905.000000 43.734300 230.199855 72.795586 0.074000 0.001897 7.100000 0.980306 10000.000000
ft70 68507.500000 38673.000000 210.133351 77.145554 24.395566 0.100000 0.000000 7.700000 1.170043 10000.000000
ftv170 22978.500000 2755.000000 7.431353 734.065336 232.131841 0.243000 0.002214 9.200000 0.252982 10000.000000
ftv33 3284.500000 1286.000000 9.644947 155.404355 49.143172 0.047000 0.000949 9.100000 0.031623 10000.000000
ftv35 3685.400000 1473.000000 6.514292 150.196877 47.496423 0.050000 0.000000 10.100000 0.031623 10000.000000
ftv38 3961.000000 1530.000000 7.905694 158.888889 50.245078 0.056000 0.001265 8.000000 0.632456 10000.000000
ftv44 4812.800000 1613.000000 14.483232 198.375697 62.731904 0.062000 0.002530 9.400000 0.758947 10000.000000
ftv47 5439.200000 1776.000000 35.164528 206.261261 65.225538 0.068000 0.000632 8.700000 0.727324 10000.000000
ftv55 5905.700000 1608.000000 46.264122 267.269900 84.518164 0.081000 0.000316 9.300000 0.411096 10000.000000
ftv64 7133.100000 1839.000000 30.705716 287.879282 91.035422 0.093000 0.000949 10.300000 1.170043 10000.000000
ftv70 8041.300000 1960.000000 65.680507 310.270408 98.116118 0.099000 0.000316 9.000000 0.948683 10000.000000
kro124p 158175.300000 36230.000000 831.900384 336.586530 106.438007 0.141000 0.000316 8.300000 0.411096 10000.000000
rbg323 5610.000000 1326.000000 2.213594 323.076923 102.165894 0.459000 0.000316 9.000000 0.948683 10000.000000
rbg358 6231.700000 1163.000000 4.648548 435.829751 137.821468 0.511000 0.000316 8.100000 0.917061 10000.000000
rbg403 6983.200000 2465.000000 10.056043 183.294118 57.962689 0.576000 0.001897 9.100000 1.549516 10000.000000
rbg443 7582.500000 2720.000000 20.712919 178.768382 56.531526 0.632000 0.000632 8.800000 1.328157 10000.000000
ry48p 40978.400000 14422.000000 7.399730 184.138122 58.229587 0.068000 0.000632 10.500000 0.158114 10000.000000

