br17 42.700000 39.000000 0.530094 9.487179 1.359216 0.024000 0.001549 3.600000 0.750999 102.400000 0.404969 13926.400000 55.075802 0.002277 0.000021 20
br17 42.600000 39.000000 0.551362 9.230769 1.413749 0.030000 0.001414 3.700000 0.748999 102.500000 0.430116 13940.000000 58.495812 0.002769 0.000020 40
br17 42.400000 39.000000 0.635610 8.717949 1.629769 0.036000 0.001549 3.800000 0.809938 102.600000 0.513809 13953.600000 69.878065 0.003138 0.000025 60
br17 39.200000 39.000000 0.126491 0.512821 0.324336 0.038000 0.001265 6.200000 0.505964 103.200000 0.613188 14035.200000 83.393621 0.000195 0.000004 80
br17 39.000000 39.000000 0.000000 0.000000 0.000000 0.042000 0.001265 6.100000 0.330151 102.700000 0.375500 13967.200000 51.067955 0.000000 0.000000 100
br17 39.000000 39.000000 0.000000 0.000000 0.000000 0.041000 0.000949 5.900000 0.411096 101.500000 0.254951 13804.000000 34.673333 0.000000 0.000000 120
br17 39.800000 39.000000 0.368782 2.051282 0.945594 0.042000 0.001265 5.800000 0.562139 102.000000 0.469042 13872.000000 63.789654 0.000862 0.000012 140
br17 39.800000 39.000000 0.368782 2.051282 0.945594 0.043000 0.001449 5.800000 0.562139 102.000000 0.469042 13872.000000 63.789654 0.000882 0.000014 160
br17 39.900000 39.000000 0.434741 2.307692 1.114721 0.043000 0.001449 5.400000 0.569210 101.400000 0.154919 13790.400000 21.069029 0.000992 0.000016 180
br17 39.900000 39.000000 0.434741 2.307692 1.114721 0.042000 0.001265 5.400000 0.569210 101.400000 0.154919 13790.400000 21.069029 0.000969 0.000014 200
