ftv170 3760.100000 2755.000000 28.022295 36.482759 1.017143 17.953000 0.123605 13.900000 1.307287 107.400000 0.709930 1561059.000000 10318.826358 6.549750 0.001257 20
ftv170 3729.400000 2755.000000 38.913031 35.368421 1.412451 19.762000 0.266668 13.400000 1.704113 108.000000 0.860233 1569780.000000 12503.479776 6.989507 0.003767 40
ftv170 3754.600000 2755.000000 39.885637 36.283122 1.447755 20.210000 0.153173 14.100000 1.966977 107.500000 0.681909 1562512.500000 9911.548548 7.332819 0.002218 60
ftv170 3805.200000 2755.000000 34.633741 38.119782 1.257123 21.482000 0.254754 11.600000 1.282186 107.700000 0.860814 1565419.500000 12511.925221 8.188892 0.003203 80
ftv170 3710.800000 2755.000000 50.654674 34.693285 1.838645 22.627000 0.255601 18.400000 2.259203 110.000000 1.200000 1598850.000000 17442.000000 7.850050 0.004700 100
ftv170 3783.400000 2755.000000 37.262099 37.328494 1.352526 23.412000 0.213241 15.100000 2.036909 108.500000 0.908295 1577047.500000 13202.069369 8.739347 0.002884 120
ftv170 3693.500000 2755.000000 52.612784 34.065336 1.909720 24.922000 0.357904 16.900000 2.787293 110.800000 1.433876 1610478.000000 20841.385717 8.489763 0.006835 140
ftv170 3807.600000 2755.000000 40.213480 38.206897 1.459654 26.578000 0.294699 16.900000 2.523688 109.700000 1.216963 1594489.500000 17688.563515 10.154629 0.004302 160
ftv170 3706.100000 2755.000000 44.341053 34.522686 1.609476 27.198000 0.256565 18.500000 1.544345 109.500000 0.738241 1591582.500000 10730.335159 9.389480 0.004129 180
ftv170 3769.500000 2755.000000 34.470350 36.823956 1.251192 27.645000 0.288240 16.000000 1.833030 110.100000 1.004490 1600303.500000 14600.260992 10.179983 0.003606 200
