ftv47 2204.800000 1776.000000 26.365053 24.144144 1.484519 0.466000 0.006957 15.100000 0.434741 109.200000 0.809938 123177.600000 913.610368 0.112512 0.000103 20
ftv47 2200.400000 1776.000000 24.204215 23.896396 1.362850 0.550000 0.004690 19.900000 1.946535 113.600000 0.929516 128140.800000 1048.494051 0.131430 0.000064 40
ftv47 2191.100000 1776.000000 36.834888 23.372748 2.074037 0.610000 0.005477 18.100000 1.135341 111.400000 0.695701 125659.200000 784.750824 0.142574 0.000114 60
ftv47 2125.200000 1776.000000 21.604537 19.662162 1.216472 0.672000 0.004427 22.200000 1.534927 114.600000 0.874071 129268.800000 985.952015 0.132130 0.000054 80
ftv47 2109.600000 1776.000000 14.333318 18.783784 0.807056 0.729000 0.008420 19.200000 2.235173 113.100000 1.260555 127576.800000 1421.906529 0.136934 0.000068 100
ftv47 2145.400000 1776.000000 29.666884 20.799550 1.670433 0.782000 0.008343 21.900000 2.211108 112.200000 1.354991 126561.600000 1528.429594 0.162652 0.000139 120
ftv47 2078.700000 1776.000000 13.082087 17.043919 0.736604 0.851000 0.006550 22.500000 1.845264 113.600000 0.839047 128140.800000 946.445105 0.145044 0.000048 140
ftv47 2159.900000 1776.000000 23.747189 21.615991 1.337117 0.915000 0.008155 19.300000 1.995244 112.000000 1.058301 126336.000000 1193.762992 0.197786 0.000109 160
ftv47 2125.800000 1776.000000 24.327680 19.695946 1.369802 0.984000 0.018177 20.800000 3.306962 112.500000 2.141261 126900.000000 2415.342758 0.193808 0.000249 180
ftv47 2165.200000 1776.000000 20.974651 21.914414 1.181005 1.034000 0.014436 18.400000 1.576071 110.700000 1.068176 124869.600000 1204.902545 0.226595 0.000170 200
