ftv64 2320.300000 1839.000000 29.214055 26.171833 1.588584 1.127000 0.018976 14.100000 2.666271 108.200000 1.433876 225056.000000 2982.461802 0.294957 0.000301 20
ftv64 2347.700000 1839.000000 22.658354 27.661773 1.232102 1.267000 0.016736 11.000000 1.918333 107.900000 1.244588 224432.000000 2588.743634 0.350475 0.000206 40
ftv64 2278.300000 1839.000000 33.701944 23.887983 1.832623 1.416000 0.014846 16.200000 2.185406 108.800000 1.138420 226304.000000 2367.913512 0.338254 0.000272 60
ftv64 2310.900000 1839.000000 31.764587 25.660685 1.727275 1.533000 0.014356 17.700000 1.876433 109.000000 1.000000 226720.000000 2080.000000 0.393378 0.000248 80
ftv64 2355.900000 1839.000000 46.236014 28.107667 2.514193 1.593000 0.019342 17.600000 2.320345 110.500000 1.320984 229840.000000 2747.647721 0.447755 0.000486 100
ftv64 2264.100000 1839.000000 27.266995 23.115824 1.482708 1.679000 0.022066 10.600000 1.985951 107.200000 1.075174 222976.000000 2236.362761 0.388115 0.000327 120
ftv64 2312.600000 1839.000000 40.142546 25.753127 2.182846 1.776000 0.025028 16.200000 1.927693 108.500000 1.266886 225680.000000 2635.122768 0.457376 0.000546 140
ftv64 2256.500000 1839.000000 34.503695 22.702556 1.876221 1.949000 0.018571 18.800000 1.684043 109.900000 0.754321 228592.000000 1568.987444 0.442473 0.000348 160
ftv64 2255.200000 1839.000000 38.754561 22.631865 2.107371 2.036000 0.037046 13.500000 2.728553 107.200000 1.635848 222976.000000 3402.564680 0.460785 0.000781 180
ftv64 2267.600000 1839.000000 34.972618 23.306145 1.901719 2.222000 0.031680 15.600000 2.015937 108.700000 1.020294 226096.000000 2122.211677 0.517863 0.000602 200
