ftv70 2361.300000 1960.000000 13.850668 20.474490 0.706667 1.389000 0.011353 8.200000 2.548725 104.400000 0.764199 259434.000000 1899.034334 0.284391 0.000080 20
ftv70 2329.700000 1960.000000 14.284992 18.862245 0.728826 1.574000 0.013357 10.900000 3.339012 105.400000 0.862554 261919.000000 2143.447550 0.296892 0.000097 40
ftv70 2330.100000 1960.000000 36.165854 18.882653 1.845197 1.752000 0.021485 9.100000 2.515750 106.300000 1.421619 264155.500000 3532.722707 0.330824 0.000396 60
ftv70 2313.400000 1960.000000 33.528555 18.030612 1.710641 1.944000 0.025306 13.900000 2.991488 108.400000 1.250600 269374.000000 3107.740642 0.350515 0.000433 80
ftv70 2352.000000 1960.000000 19.320455 20.000000 0.985738 1.981000 0.021328 9.400000 2.223511 105.400000 1.078888 261919.000000 2681.037467 0.396200 0.000210 100
ftv70 2343.400000 1960.000000 16.991880 19.561224 0.866933 2.165000 0.020652 13.400000 3.003997 107.200000 1.084435 266392.000000 2694.821812 0.423501 0.000179 120
ftv70 2318.200000 1960.000000 25.742883 18.275510 1.313412 2.209000 0.021654 9.100000 1.899737 105.400000 1.320606 261919.000000 3281.705715 0.403706 0.000284 140
ftv70 2334.200000 1960.000000 25.034696 19.091837 1.277280 2.370000 0.029120 9.000000 1.994994 105.700000 1.200417 262664.500000 2983.035237 0.452477 0.000372 160
ftv70 2339.700000 1960.000000 19.126448 19.372449 0.975839 2.511000 0.027256 9.100000 1.499667 104.900000 0.921412 260676.500000 2289.708721 0.486442 0.000266 180
ftv70 2311.600000 1960.000000 27.237548 17.938776 1.389671 2.697000 0.044047 12.900000 3.344996 105.900000 1.299615 263161.500000 3229.544089 0.483809 0.000612 200
