rbg323 1493.400000 1326.000000 5.038254 12.624434 0.379959 164.514000 1.740683 162.000000 7.551159 147.800000 1.573531 7686043.400000 81828.335766 20.768962 0.006614 20
rbg323 1496.900000 1326.000000 3.993620 12.888386 0.301178 170.382000 2.395938 161.000000 4.404543 147.800000 2.096664 7686043.400000 109032.818874 21.959490 0.007216 40
rbg323 1491.500000 1326.000000 2.878368 12.481146 0.217071 174.953000 1.653752 152.300000 8.249909 146.700000 1.334541 7628840.100000 69400.141844 21.836140 0.003590 60
rbg323 1490.600000 1326.000000 3.929885 12.413273 0.296371 182.710000 2.695570 166.900000 6.080214 148.300000 2.245217 7712044.900000 116758.026865 22.680291 0.007989 80
rbg323 1497.100000 1326.000000 3.166860 12.903469 0.238828 189.740000 1.523119 159.300000 6.779454 147.600000 1.328157 7675642.800000 69068.128568 24.483042 0.003638 100
rbg323 1491.500000 1326.000000 3.837317 12.481146 0.289390 194.178000 1.081360 158.800000 6.867023 148.100000 0.754321 7701644.300000 39226.949067 24.235640 0.003129 120
rbg323 1499.000000 1326.000000 2.874022 13.046757 0.216744 195.051000 0.883886 162.800000 5.905591 145.200000 0.613188 7550835.600000 31887.635776 25.447830 0.001916 140
rbg323 1487.800000 1326.000000 3.554715 12.202112 0.268078 215.982000 3.284507 151.900000 7.586106 151.700000 2.775068 7888855.100000 144311.838673 26.354365 0.008805 160
rbg323 1485.100000 1326.000000 3.404262 11.998492 0.256732 219.268000 0.897207 166.100000 7.442379 151.400000 0.493964 7873254.200000 25687.587084 26.308853 0.002303 180
rbg323 1493.500000 1326.000000 5.318364 12.631976 0.401083 223.124000 2.864293 157.600000 7.450101 153.200000 2.217205 7966859.600000 115301.334928 28.184970 0.011488 200
