rbg403 2622.800000 2465.000000 9.016429 6.401623 0.365778 462.139000 4.676735 429.000000 19.360785 215.300000 2.126264 17353395.300000 171379.031243 29.584395 0.017106 20
rbg403 2588.700000 2465.000000 8.865721 5.018256 0.359664 489.591000 6.103663 487.400000 9.894645 219.300000 2.687192 17675799.300000 216590.349721 24.568928 0.021953 40
rbg403 2590.000000 2465.000000 7.998750 5.070994 0.324493 513.799000 6.165620 482.000000 12.558662 220.800000 1.586190 17796700.800000 127848.532810 26.054716 0.020007 60
rbg403 2589.100000 2465.000000 5.677059 5.034483 0.230307 525.060000 3.485647 462.700000 11.719258 221.100000 1.445337 17820881.100000 116495.634205 26.434055 0.008028 80
rbg403 2589.300000 2465.000000 5.609011 5.042596 0.227546 539.041000 6.277619 462.900000 15.884237 220.200000 2.460894 17748340.200000 198350.529097 27.181662 0.014284 100
rbg403 2600.600000 2465.000000 6.226074 5.501014 0.252579 588.775000 9.093908 462.900000 12.218388 225.900000 1.344991 18207765.900000 108407.595917 32.388596 0.022969 120
rbg403 2588.600000 2465.000000 2.159630 5.014199 0.087612 578.547000 6.038867 427.200000 19.429256 224.100000 2.406034 18062684.100000 193928.752981 29.009497 0.005291 140
rbg403 2592.200000 2465.000000 5.547612 5.160243 0.225055 583.029000 4.553696 450.300000 11.370180 220.500000 1.721918 17772520.500000 138788.275301 30.085716 0.010248 160
rbg403 2595.800000 2465.000000 7.354998 5.306288 0.298377 608.229000 8.385409 407.600000 11.202857 221.600000 1.001998 17861181.600000 80762.041120 32.274383 0.025020 180
rbg403 2604.500000 2465.000000 8.778667 5.659229 0.356133 607.822000 4.097402 439.400000 10.643496 221.200000 1.611211 17828941.200000 129865.195637 34.398040 0.014592 200
