br17 39.000000 39.000000 0.000000 0.000000 0.000000 4.276000 0.015245 15.600000 0.814862 1889083.000000 0.000000 1889083.000000 0.000000 0.000000 0.000000
ft53 15155.000000 6905.000000 137.778808 119.478639 1.995348 12.926000 0.051927 49.500000 2.214723 1889083.000000 0.000000 1889083.000000 0.000000 15.443809 0.001036
ft70 55839.400000 38673.000000 201.656302 44.388592 0.521440 16.347000 0.012494 52.200000 3.042367 1889083.000000 0.000000 1889083.000000 0.000000 7.256203 0.000065
ftv170 13938.300000 2755.000000 135.059102 405.927405 4.902327 38.104000 0.336126 153.000000 5.295281 1889083.000000 0.000000 1889083.000000 0.000000 154.674578 0.016478
ftv33 1953.700000 1286.000000 22.250865 51.920684 1.730238 8.210000 0.064312 40.400000 1.990980 1889083.000000 0.000000 1889083.000000 0.000000 4.262688 0.001113
ftv35 2227.500000 1473.000000 24.332797 51.221996 1.651921 8.600000 0.037683 45.000000 1.843909 1889083.000000 0.000000 1889083.000000 0.000000 4.405092 0.000622
ftv38 2414.100000 1530.000000 31.049138 57.784314 2.029355 8.068000 0.027159 43.900000 2.495796 1889083.000000 0.000000 1889083.000000 0.000000 4.662038 0.000551
ftv44 2853.600000 1613.000000 32.144735 76.912585 1.992854 10.544000 0.016505 54.500000 2.219234 1889083.000000 0.000000 1889083.000000 0.000000 8.109663 0.000329
ftv47 3227.900000 1776.000000 24.485690 81.751126 1.378699 11.564000 0.097316 58.400000 2.136352 1889083.000000 0.000000 1889083.000000 0.000000 9.453700 0.001342
ftv55 3422.900000 1608.000000 31.877092 112.866915 1.982406 13.026000 0.006957 60.900000 1.894466 1889083.000000 0.000000 1889083.000000 0.000000 14.702044 0.000138
ftv64 4245.600000 1839.000000 52.344665 130.864600 2.846366 14.784000 0.011063 72.500000 2.987474 1889083.000000 0.000000 1889083.000000 0.000000 19.347023 0.000315
ftv70 4803.200000 1960.000000 27.961330 145.061224 1.426598 16.087000 0.009279 82.500000 2.425902 1889083.000000 0.000000 1889083.000000 0.000000 23.335999 0.000132
kro124p 131776.300000 36230.000000 1090.201505 263.721502 3.009113 23.938000 0.105705 54.900000 2.662518 1889083.000000 0.000000 1889083.000000 0.000000 63.129653 0.003181
rbg323 2685.100000 1326.000000 10.427320 102.496229 0.786374 67.873000 0.291366 402.200000 3.340060 1889083.000000 0.000000 1889083.000000 0.000000 69.567266 0.002291
rbg358 2866.300000 1163.000000 21.524428 146.457438 1.850768 76.585000 0.668125 430.300000 8.996722 1889083.000000 0.000000 1889083.000000 0.000000 112.164429 0.012365
rbg403 3809.400000 2465.000000 15.664099 54.539554 0.635460 82.888000 0.401093 504.900000 5.299906 1889083.000000 0.000000 1889083.000000 0.000000 45.206745 0.002549
rbg443 4186.800000 2720.000000 18.115629 53.926471 0.666016 93.106000 1.644806 533.200000 5.184207 1889083.000000 0.000000 1889083.000000 0.000000 50.208780 0.010955
ry48p 32060.500000 14422.000000 188.882040 122.302732 1.309680 11.662000 0.011027 35.400000 2.074608 1889083.000000 0.000000 1889083.000000 0.000000 14.262945 0.000144
