br17 39.800000 39.000000 0.485798 2.051282 1.245637 0.082000 0.001265 19.500000 0.919239 208.400000 0.666333 28342.400000 90.621322 0.001682 0.000016
ft53 9399.000000 6905.000000 214.487575 36.118755 3.106265 2.023000 0.022541 172.500000 9.633535 260.200000 2.309978 358555.600000 3183.150173 0.730682 0.000700
ft70 43064.500000 38673.000000 285.320495 11.355468 0.737777 4.558000 0.048822 216.900000 7.809545 279.600000 3.023905 675234.000000 7302.729996 0.517582 0.000360
ftv170 7040.100000 2755.000000 122.335150 155.539020 4.440477 70.897000 1.402813 725.000000 19.448907 357.100000 4.011110 5190448.500000 58301.477632 110.272499 0.062292
ftv33 1566.000000 1286.000000 19.253571 21.772939 1.497167 0.575000 0.003536 86.800000 5.590707 235.700000 1.428636 132227.700000 801.464635 0.125194 0.000053
ftv35 1753.100000 1473.000000 39.136288 19.015614 2.656910 0.673000 0.007078 92.700000 4.413729 237.400000 2.205448 149562.000000 1389.432114 0.127975 0.000188
ftv38 1813.900000 1530.000000 24.779609 18.555556 1.619582 0.840000 0.005477 106.200000 4.698510 241.900000 1.330038 179247.900000 985.557857 0.155867 0.000089
ftv44 1994.600000 1613.000000 19.241725 23.657781 1.192915 1.264000 0.010881 131.300000 5.746390 251.100000 2.229125 248589.000000 2206.834135 0.299034 0.000130
ftv47 2282.700000 1776.000000 59.412128 28.530405 3.345277 1.500000 0.017263 134.700000 6.428141 252.100000 2.776509 284368.800000 3131.901700 0.427956 0.000577
ftv55 2257.500000 1608.000000 60.497479 40.391791 3.762281 2.297000 0.025848 160.700000 4.664869 257.500000 2.772183 396550.000000 4269.162213 0.927799 0.000972
ftv64 2678.200000 1839.000000 90.415463 45.633496 4.916556 3.576000 0.052062 193.300000 7.692919 269.800000 3.843956 561184.000000 7995.429094 1.631854 0.002560
ftv70 2885.000000 1960.000000 60.873311 47.193878 3.105781 4.591000 0.045529 208.700000 9.070887 273.500000 2.673013 679647.500000 6642.438003 2.166671 0.001414
kro124p 53261.000000 36230.000000 840.977883 47.008004 2.321220 14.988000 0.242985 470.400000 9.979178 349.800000 5.325035 1731510.000000 26358.924295 7.045560 0.005640
rbg323 1731.800000 1326.000000 13.331016 30.603318 1.005356 509.856000 4.403530 1122.400000 24.086179 421.100000 3.533978 21898463.300000 183777.454222 156.032854 0.044271
rbg358 1636.800000 1163.000000 8.802045 40.739467 0.756840 737.803000 5.419140 1368.500000 25.488919 449.000000 2.653300 28692447.000000 169553.819182 300.577009 0.041014
rbg403 2759.500000 2465.000000 10.205146 11.947262 0.414002 1051.360000 11.945260 1324.600000 31.776469 449.000000 2.130728 36370347.000000 172595.325779 125.608730 0.049454
rbg443 3039.200000 2720.000000 9.517142 11.735294 0.349895 1451.033000 9.260741 1417.200000 42.110996 477.000000 2.874022 46699731.000000 281375.334026 170.282990 0.032403
ry48p 17231.800000 14422.000000 209.482639 19.482735 1.452521 1.599000 0.020369 194.200000 10.696541 268.200000 3.264353 302529.600000 3682.190096 0.311529 0.000296
