br17 39.200000 39.000000 0.126491 0.512821 0.324336 0.038000 0.001265 6.200000 0.505964 103.200000 0.613188 14035.200000 83.393621 0.000195 0.000004
ft53 8146.000000 6905.000000 23.502340 17.972484 0.340367 0.884000 0.018341 27.700000 4.739304 115.900000 2.291070 159710.200000 3157.093935 0.158877 0.000062
ft70 41254.000000 38673.000000 142.536872 6.673907 0.368569 1.985000 0.034271 27.200000 4.029392 118.600000 2.241428 286419.000000 5413.048901 0.132477 0.000126
ftv170 3805.200000 2755.000000 34.633741 38.119782 1.257123 21.482000 0.254754 11.600000 1.282186 107.700000 0.860814 1565419.500000 12511.925221 8.188892 0.003203
ftv33 1544.600000 1286.000000 16.213081 20.108865 1.260737 0.261000 0.003592 10.500000 1.210372 108.700000 1.288798 60980.700000 723.015616 0.052484 0.000045
ftv35 1632.200000 1473.000000 14.731463 10.807875 1.000099 0.307000 0.004701 17.500000 2.612470 109.400000 1.011929 68922.000000 637.515176 0.033180 0.000047
ftv38 1752.700000 1530.000000 31.137453 14.555556 2.035128 0.365000 0.002550 13.600000 1.088118 107.200000 0.718331 79435.200000 532.283567 0.053128 0.000052
ftv44 1849.100000 1613.000000 21.187001 14.637322 1.313515 0.529000 0.005736 12.000000 1.385641 107.600000 1.001998 106524.000000 991.978024 0.077431 0.000075
ftv47 2125.200000 1776.000000 21.604537 19.662162 1.216472 0.672000 0.004427 22.200000 1.534927 114.600000 0.874071 129268.800000 985.952015 0.132130 0.000054
ftv55 1897.000000 1608.000000 21.707602 17.972637 1.349975 1.019000 0.010242 16.800000 1.978889 111.500000 1.022252 171710.000000 1574.268719 0.183141 0.000138
ftv64 2310.900000 1839.000000 31.764587 25.660685 1.727275 1.533000 0.014356 17.700000 1.876433 109.000000 1.000000 226720.000000 2080.000000 0.393378 0.000248
ftv70 2313.400000 1960.000000 33.528555 18.030612 1.710641 1.944000 0.025306 13.900000 2.991488 108.400000 1.250600 269374.000000 3107.740642 0.350515 0.000433
kro124p 42012.900000 36230.000000 402.383112 15.961634 1.110635 5.582000 0.056671 54.600000 5.099412 125.800000 1.214907 622710.000000 6013.791649 0.890978 0.000629
rbg323 1490.600000 1326.000000 3.929885 12.413273 0.296371 182.710000 2.695570 166.900000 6.080214 148.300000 2.245217 7712044.900000 116758.026865 22.680291 0.007989
rbg358 1389.100000 1163.000000 7.233879 19.441101 0.622002 292.500000 3.682034 210.900000 10.625865 174.000000 2.302173 11119122.000000 147115.753975 56.865219 0.022902
rbg403 2589.100000 2465.000000 5.677059 5.034483 0.230307 525.060000 3.485647 462.700000 11.719258 221.100000 1.445337 17820881.100000 116495.634205 26.434055 0.008028
