br17 39.000000 39.000000 0.000000 0.000000 0.000000 5.254000 0.030666 18.200000 1.654086 2443605.000000 0.000000 2443605.000000 0.000000 0.000000 0.000000
ft53 9171.400000 6905.000000 69.538507 32.822592 1.007075 14.765000 0.015050 120.800000 4.002000 2443605.000000 0.000000 2443605.000000 0.000000 4.846256 0.000152
ft70 43893.300000 38673.000000 126.246826 13.498565 0.326447 19.940000 0.069109 138.000000 3.498571 2443605.000000 0.000000 2443605.000000 0.000000 2.691614 0.000226
ftv170 6695.700000 2755.000000 42.338410 143.038113 1.536784 45.224000 0.254834 402.700000 6.195240 2443605.000000 0.000000 2443605.000000 0.000000 64.687556 0.003916
ftv33 1498.200000 1286.000000 13.843266 16.500778 1.076459 9.662000 0.008809 60.000000 1.157584 2443605.000000 0.000000 2443605.000000 0.000000 1.594305 0.000095
ftv35 1656.000000 1473.000000 12.143311 12.423625 0.824393 10.256000 0.007642 74.200000 2.058155 2443605.000000 0.000000 2443605.000000 0.000000 1.274167 0.000063
ftv38 1801.100000 1530.000000 23.514017 17.718954 1.536864 10.843000 0.009171 73.900000 2.628498 2443605.000000 0.000000 2443605.000000 0.000000 1.921266 0.000141
ftv44 2001.300000 1613.000000 11.738015 24.073156 0.727713 12.334000 0.026503 85.600000 2.905856 2443605.000000 0.000000 2443605.000000 0.000000 2.969183 0.000193
ftv47 2230.300000 1776.000000 24.914273 25.579955 1.402831 13.243000 0.114987 93.500000 1.861451 2443605.000000 0.000000 2443605.000000 0.000000 3.387553 0.001613
ftv55 2158.200000 1608.000000 36.268664 34.216418 2.255514 15.000000 0.017664 113.300000 4.111083 2443605.000000 0.000000 2443605.000000 0.000000 5.132463 0.000398
ftv64 2621.700000 1839.000000 30.622557 42.561175 1.665174 17.990000 0.142387 134.700000 2.939558 2443605.000000 0.000000 2443605.000000 0.000000 7.656755 0.002371
ftv70 2885.500000 1960.000000 28.750391 47.219388 1.466857 18.691000 0.010339 151.900000 1.910236 2443605.000000 0.000000 2443605.000000 0.000000 8.825776 0.000152
kro124p 62443.600000 36230.000000 693.311491 72.353298 1.913639 28.084000 0.087763 222.100000 7.796730 2443605.000000 0.000000 2443605.000000 0.000000 20.319700 0.001679
rbg323 1761.500000 1326.000000 11.495434 32.843137 0.866926 81.145000 1.151498 657.700000 2.391861 2443605.000000 0.000000 2443605.000000 0.000000 26.650564 0.009983
rbg358 1729.900000 1163.000000 13.046417 48.744626 1.121790 88.253000 0.559400 712.700000 9.436154 2443605.000000 0.000000 2443605.000000 0.000000 43.018595 0.006275
rbg403 2842.300000 2465.000000 9.183736 15.306288 0.372565 97.500000 0.183041 780.100000 9.696855 2443605.000000 0.000000 2443605.000000 0.000000 14.923631 0.000682
rbg443 3192.300000 2720.000000 13.692370 17.363971 0.503396 109.858000 1.566539 858.700000 8.524142 2443605.000000 0.000000 2443605.000000 0.000000 19.075711 0.007886
ry48p 17256.200000 14422.000000 159.916466 19.651921 1.108837 13.821000 0.012763 126.600000 3.247153 2443605.000000 0.000000 2443605.000000 0.000000 2.716092 0.000142
