br17 39.900000 39.000000 0.434741 2.307692 1.114721 0.042000 0.001265 5.400000 0.569210 101.400000 0.154919 13790.400000 21.069029 0.000969 0.000014
ft53 8382.300000 6905.000000 60.527192 21.394642 0.876570 1.360000 0.015492 21.900000 3.229396 110.100000 1.344991 151717.800000 1853.397193 0.290967 0.000136
ft70 41299.300000 38673.000000 132.005610 6.791043 0.341338 2.800000 0.048969 25.100000 2.075813 113.500000 1.242980 274102.500000 3001.797399 0.190149 0.000167
ftv170 3769.500000 2755.000000 34.470350 36.823956 1.251192 27.645000 0.288240 16.000000 1.833030 110.100000 1.004490 1600303.500000 14600.260992 10.179983 0.003606
ftv33 1564.000000 1286.000000 15.926079 21.617418 1.238420 0.408000 0.002366 8.900000 0.670075 104.900000 0.359166 58848.900000 201.491958 0.088199 0.000029
ftv35 1661.600000 1473.000000 17.856203 12.803802 1.212234 0.478000 0.005797 9.300000 2.030025 104.700000 0.959687 65961.000000 604.603093 0.061202 0.000070
ftv38 1740.500000 1530.000000 16.994264 13.758170 1.110736 0.569000 0.005187 10.100000 1.621419 105.400000 0.862554 78101.400000 639.152770 0.078284 0.000058
ftv44 1959.600000 1613.000000 26.950028 21.487911 1.670801 0.818000 0.012149 11.500000 2.728553 104.700000 1.049285 103653.000000 1038.792616 0.175771 0.000203
ftv47 2165.200000 1776.000000 20.974651 21.914414 1.181005 1.034000 0.014436 18.400000 1.576071 110.700000 1.068176 124869.600000 1204.902545 0.226595 0.000170
ftv55 1916.200000 1608.000000 22.939398 19.166667 1.426580 1.460000 0.024576 15.300000 1.934166 108.500000 1.070047 167090.000000 1647.871961 0.279833 0.000351
ftv64 2267.600000 1839.000000 34.972618 23.306145 1.901719 2.222000 0.031680 15.600000 2.015937 108.700000 1.020294 226096.000000 2122.211677 0.517863 0.000602
ftv70 2311.600000 1960.000000 27.237548 17.938776 1.389671 2.697000 0.044047 12.900000 3.344996 105.900000 1.299615 263161.500000 3229.544089 0.483809 0.000612
kro124p 43288.700000 36230.000000 384.236907 19.483025 1.060549 7.659000 0.154832 58.200000 5.897118 123.100000 2.312791 609345.000000 11448.313085 1.492205 0.001642
rbg323 1493.500000 1326.000000 5.318364 12.631976 0.401083 223.124000 2.864293 157.600000 7.450101 153.200000 2.217205 7966859.600000 115301.334928 28.184970 0.011488
rbg358 1391.000000 1163.000000 4.728636 19.604471 0.406590 331.868000 4.715193 195.300000 5.041924 168.800000 2.199091 10786826.400000 140528.494356 65.060966 0.019171
rbg403 2604.500000 2465.000000 8.778667 5.659229 0.356133 607.822000 4.097402 439.400000 10.643496 221.200000 1.611211 17828941.200000 129865.195637 34.398040 0.014592
