br17 39.000000 39.000000 0.000000 0.000000 0.000000 4.603000 0.011050 15.200000 0.957079 2027713.000000 0.000000 2027713.000000 0.000000 0.000000 0.000000
ft53 12996.200000 6905.000000 146.898387 88.214337 2.127421 13.285000 0.120052 66.800000 4.156441 2027713.000000 0.000000 2027713.000000 0.000000 11.719275 0.002554
ft70 52058.500000 38673.000000 304.709083 34.612003 0.787912 17.297000 0.006008 73.000000 2.428992 2027713.000000 0.000000 2027713.000000 0.000000 5.986838 0.000047
ftv170 11260.900000 2755.000000 126.006782 308.744102 4.573749 39.378000 0.029182 225.300000 4.833322 2027713.000000 0.000000 2027713.000000 0.000000 121.577252 0.001335
ftv33 1725.900000 1286.000000 16.396006 34.206843 1.274962 8.607000 0.012732 53.700000 1.897630 2027713.000000 0.000000 2027713.000000 0.000000 2.944183 0.000162
ftv35 1965.200000 1473.000000 18.078053 33.414800 1.227295 7.651000 0.060999 55.200000 2.436391 2027713.000000 0.000000 2027713.000000 0.000000 2.556566 0.000749
ftv38 2048.100000 1530.000000 18.823098 33.862745 1.230268 9.697000 0.010397 55.400000 2.409149 2027713.000000 0.000000 2027713.000000 0.000000 3.283670 0.000128
ftv44 2414.700000 1613.000000 34.782769 49.702418 2.156402 11.038000 0.015672 67.300000 3.361696 2027713.000000 0.000000 2027713.000000 0.000000 5.486153 0.000338
ftv47 2752.100000 1776.000000 31.677263 54.960586 1.783630 11.900000 0.014071 73.700000 1.503662 2027713.000000 0.000000 2027713.000000 0.000000 6.540310 0.000251
ftv55 2809.500000 1608.000000 43.516032 74.720149 2.706221 13.754000 0.138074 82.300000 3.674371 2027713.000000 0.000000 2027713.000000 0.000000 10.277009 0.003737
ftv64 3572.700000 1839.000000 28.320328 94.274062 1.539985 15.537000 0.072994 92.500000 3.191395 2027713.000000 0.000000 2027713.000000 0.000000 14.647361 0.001124
ftv70 3973.300000 1960.000000 48.710995 102.719388 2.485255 16.787000 0.011836 98.100000 3.983591 2027713.000000 0.000000 2027713.000000 0.000000 17.243504 0.000294
kro124p 110081.200000 36230.000000 930.067866 203.839912 2.567121 25.629000 0.138105 78.900000 4.050802 2027713.000000 0.000000 2027713.000000 0.000000 52.242131 0.003545
rbg323 2304.600000 1326.000000 12.098099 73.800905 0.912375 69.988000 0.012231 488.200000 7.259201 2027713.000000 0.000000 2027713.000000 0.000000 51.651777 0.000112
rbg358 2344.400000 1163.000000 17.167527 101.582115 1.476142 79.305000 0.981369 536.200000 8.696896 2027713.000000 0.000000 2027713.000000 0.000000 80.559696 0.014486
rbg403 3361.100000 2465.000000 12.751823 36.352941 0.517315 86.071000 0.187272 605.700000 2.537913 2027713.000000 0.000000 2027713.000000 0.000000 31.289340 0.000969
rbg443 3746.200000 2720.000000 15.582554 37.727941 0.572888 94.425000 0.031217 682.300000 11.057170 2027713.000000 0.000000 2027713.000000 0.000000 35.624608 0.000179
ry48p 26398.700000 14422.000000 189.898923 83.044654 1.316731 12.394000 0.007376 54.000000 2.959730 2027713.000000 0.000000 2027713.000000 0.000000 10.292554 0.000097
