br17 39.900000 39.000000 0.434741 2.307692 1.114721 0.043000 0.001449 5.400000 0.569210 101.400000 0.154919 13790.400000 21.069029 0.000992 0.000016
ft53 8280.800000 6905.000000 88.915668 19.924692 1.287700 1.306000 0.019246 24.400000 2.807846 112.700000 1.166619 155300.600000 1607.601046 0.260216 0.000248
ft70 41269.800000 38673.000000 85.433694 6.714762 0.220913 2.647000 0.033795 29.400000 1.387083 114.900000 1.236527 277483.500000 2986.213660 0.177740 0.000075
ftv170 3706.100000 2755.000000 44.341053 34.522686 1.609476 27.198000 0.256565 18.500000 1.544345 109.500000 0.738241 1591582.500000 10730.335159 9.389480 0.004129
ftv33 1540.200000 1286.000000 13.640235 19.766719 1.060671 0.384000 0.003225 8.800000 0.797496 105.100000 0.573585 58961.100000 321.781306 0.075904 0.000034
ftv35 1637.300000 1473.000000 21.364480 11.154107 1.450406 0.452000 0.004427 11.200000 1.660120 105.100000 0.537587 66213.000000 338.679937 0.050417 0.000064
ftv38 1735.100000 1530.000000 23.565420 13.405229 1.540224 0.525000 0.003808 10.200000 1.528398 104.900000 0.555878 77730.900000 411.905364 0.070377 0.000059
ftv44 1897.100000 1613.000000 31.970752 17.613143 1.982068 0.787000 0.014146 12.200000 3.282682 106.400000 1.569713 105336.000000 1554.016216 0.138615 0.000280
ftv47 2125.800000 1776.000000 24.327680 19.695946 1.369802 0.984000 0.018177 20.800000 3.306962 112.500000 2.141261 126900.000000 2415.342758 0.193808 0.000249
ftv55 1925.200000 1608.000000 30.869338 19.726368 1.919735 1.412000 0.020040 17.800000 1.891031 109.100000 1.170043 168014.000000 1801.865811 0.278536 0.000385
ftv64 2255.200000 1839.000000 38.754561 22.631865 2.107371 2.036000 0.037046 13.500000 2.728553 107.200000 1.635848 222976.000000 3402.564680 0.460785 0.000781
ftv70 2339.700000 1960.000000 19.126448 19.372449 0.975839 2.511000 0.027256 9.100000 1.499667 104.900000 0.921412 260676.500000 2289.708721 0.486442 0.000266
kro124p 42255.600000 36230.000000 562.855811 16.631521 1.553563 7.276000 0.133560 56.900000 3.418918 124.600000 2.069783 616770.000000 10245.423857 1.210109 0.002075
rbg323 1485.100000 1326.000000 3.404262 11.998492 0.256732 219.268000 0.897207 166.100000 7.442379 151.400000 0.493964 7873254.200000 25687.587084 26.308853 0.002303
rbg358 1381.700000 1163.000000 6.634832 18.804815 0.570493 330.264000 5.403926 189.600000 6.698059 174.400000 2.843238 11144683.200000 181691.411790 62.105535 0.030829
rbg403 2595.800000 2465.000000 7.354998 5.306288 0.298377 608.229000 8.385409 407.600000 11.202857 221.600000 1.001998 17861181.600000 80762.041120 32.274383 0.025020
