br17 39.000000 39.000000 0.000000 0.000000 0.000000 4.018000 0.006753 16.600000 0.961249 1750452.000000 0.000000 1750452.000000 0.000000 0.000000 0.000000
ft53 17459.300000 6905.000000 91.111037 152.850109 1.319494 12.264000 0.035219 31.600000 1.975854 1750452.000000 0.000000 1750452.000000 0.000000 18.745537 0.000465
ft70 59891.700000 38673.000000 164.333749 54.866961 0.424931 15.504000 0.007642 35.200000 1.488624 1750452.000000 0.000000 1750452.000000 0.000000 8.506574 0.000032
ftv170 16874.600000 2755.000000 79.446611 512.508167 2.883725 36.559000 0.339218 101.100000 3.201406 1750452.000000 0.000000 1750452.000000 0.000000 187.367861 0.009782
ftv33 2340.200000 1286.000000 24.734915 81.975117 1.923399 7.744000 0.010602 32.200000 1.831939 1750452.000000 0.000000 1750452.000000 0.000000 6.348153 0.000204
ftv35 2704.300000 1473.000000 16.094129 83.591310 1.092609 8.413000 0.006332 35.000000 1.720465 1750452.000000 0.000000 1750452.000000 0.000000 7.032537 0.000069
ftv38 2875.400000 1530.000000 19.623557 87.934641 1.282585 7.493000 0.024374 38.300000 1.421619 1750452.000000 0.000000 1750452.000000 0.000000 6.588943 0.000313
ftv44 3508.600000 1613.000000 19.808685 117.520149 1.228065 10.265000 0.138955 40.000000 2.810694 1750452.000000 0.000000 1750452.000000 0.000000 12.063443 0.001706
ftv47 3867.400000 1776.000000 29.517181 117.759009 1.662003 10.765000 0.031217 44.200000 2.208167 1750452.000000 0.000000 1750452.000000 0.000000 12.676757 0.000519
ftv55 4122.100000 1608.000000 46.026829 156.349502 2.862365 12.353000 0.011493 49.100000 3.073923 1750452.000000 0.000000 1750452.000000 0.000000 19.313854 0.000329
ftv64 5128.600000 1839.000000 39.084831 178.879826 2.125331 14.064000 0.009716 50.800000 1.534927 1750452.000000 0.000000 1750452.000000 0.000000 25.157659 0.000206
ftv70 5795.000000 1960.000000 62.284830 195.663265 3.177797 15.294000 0.009295 58.600000 1.588710 1750452.000000 0.000000 1750452.000000 0.000000 29.924740 0.000295
kro124p 146890.000000 36230.000000 919.079202 305.437483 2.536791 22.457000 0.011666 33.200000 1.912067 1750452.000000 0.000000 1750452.000000 0.000000 68.592096 0.000296
rbg323 3206.400000 1326.000000 20.915640 141.809955 1.577348 65.719000 0.014174 296.600000 4.835701 1750452.000000 0.000000 1750452.000000 0.000000 93.196084 0.000224
rbg358 3504.700000 1163.000000 23.573311 201.349957 2.026940 72.282000 0.249406 324.500000 7.990307 1750452.000000 0.000000 1750452.000000 0.000000 145.539776 0.005055
rbg403 4397.200000 2465.000000 20.117057 78.385396 0.816108 78.547000 0.008950 350.000000 4.741308 1750452.000000 0.000000 1750452.000000 0.000000 61.569377 0.000073
rbg443 4789.300000 2720.000000 10.142041 76.077206 0.372869 87.125000 0.914495 393.200000 3.042367 1750452.000000 0.000000 1750452.000000 0.000000 66.282266 0.003410
ry48p 36160.800000 14422.000000 223.684993 150.733601 1.550998 11.094000 0.100092 25.000000 1.964688 1750452.000000 0.000000 1750452.000000 0.000000 16.722386 0.001552
